5        n ag94    p pd94                  taly      1.44720E+01      
1.00E-03     1.110E+08     1.000E+01
2.00E-03     1.129E+08     1.000E+01
3.00E-03     1.148E+08     1.000E+01
4.00E-03     1.167E+08     1.000E+01
5.00E-03     1.186E+08     1.000E+01
6.00E-03     1.189E+08     1.000E+01
7.00E-03     1.191E+08     1.000E+01
8.00E-03     1.194E+08     1.000E+01
9.00E-03     1.196E+08     1.000E+01
1.00E-02     1.199E+08     1.000E+01
1.10E-02     1.207E+08     1.000E+01
1.20E-02     1.215E+08     1.000E+01
1.30E-02     1.223E+08     1.000E+01
1.40E-02     1.231E+08     1.000E+01
1.50E-02     1.239E+08     1.000E+01
1.60E-02     1.248E+08     1.000E+01
1.80E-02     1.265E+08     1.000E+01
2.00E-02     1.282E+08     1.000E+01
2.50E-02     1.325E+08     1.000E+01
3.00E-02     1.371E+08     1.000E+01
4.00E-02     1.466E+08     1.000E+01
5.00E-02     1.567E+08     1.000E+01
6.00E-02     1.648E+08     1.000E+01
7.00E-02     1.732E+08     1.000E+01
8.00E-02     1.821E+08     1.000E+01
9.00E-02     1.914E+08     1.000E+01
1.00E-01     2.012E+08     1.000E+01
1.10E-01     2.090E+08     1.000E+01
1.20E-01     2.172E+08     1.000E+01
1.30E-01     2.256E+08     1.000E+01
1.40E-01     2.344E+08     1.000E+01
1.50E-01     2.436E+08     1.000E+01
1.60E-01     2.512E+08     1.000E+01
1.80E-01     2.671E+08     1.000E+01
2.00E-01     2.841E+08     1.000E+01
2.50E-01     3.220E+08     1.000E+01
3.00E-01     3.566E+08     1.000E+01
3.50E-01     3.852E+08     1.000E+01
4.00E-01     4.161E+08     1.000E+01
4.50E-01     4.399E+08     1.000E+01
5.00E-01     4.650E+08     1.000E+01
6.00E-01     5.060E+08     1.000E+01
7.00E-01     5.409E+08     1.000E+01
8.00E-01     5.709E+08     1.000E+01
9.00E-01     5.967E+08     1.000E+01
1.00E+00     6.192E+08     1.000E+01
1.25E+00     6.561E+08     1.000E+01
1.50E+00     6.951E+08     1.000E+01
1.75E+00     7.144E+08     1.000E+01
2.00E+00     7.341E+08     1.000E+01
2.50E+00     7.534E+08     1.000E+01
3.00E+00     7.615E+08     1.000E+01
3.50E+00     7.627E+08     1.000E+01
4.00E+00     7.593E+08     1.000E+01
5.00E+00     7.140E+08     1.000E+01
6.00E+00     3.818E+08     1.000E+01
7.00E+00     7.868E+07     1.000E+01
8.00E+00     1.704E+07     1.000E+01
9.00E+00     5.730E+06     1.000E+01
1.00E+01     2.939E+06     1.000E+01
