4        n ag96 ag97                       taly      1.43850E+01      
1.00E-03     1.964E+03     1.000E+01
2.00E-03     2.039E+03     1.000E+01
3.00E-03     2.115E+03     1.000E+01
4.00E-03     2.190E+03     1.000E+01
5.00E-03     2.265E+03     1.000E+01
6.00E-03     2.307E+03     1.000E+01
7.00E-03     2.348E+03     1.000E+01
8.00E-03     2.390E+03     1.000E+01
9.00E-03     2.432E+03     1.000E+01
1.00E-02     2.473E+03     1.000E+01
1.10E-02     2.528E+03     1.000E+01
1.20E-02     2.583E+03     1.000E+01
1.30E-02     2.637E+03     1.000E+01
1.40E-02     2.692E+03     1.000E+01
1.50E-02     2.747E+03     1.000E+01
1.60E-02     2.802E+03     1.000E+01
1.80E-02     2.911E+03     1.000E+01
2.00E-02     3.021E+03     1.000E+01
2.50E-02     3.294E+03     1.000E+01
3.00E-02     3.568E+03     1.000E+01
4.00E-02     4.116E+03     1.000E+01
5.00E-02     4.663E+03     1.000E+01
6.00E-02     5.170E+03     1.000E+01
7.00E-02     5.677E+03     1.000E+01
8.00E-02     6.184E+03     1.000E+01
9.00E-02     6.691E+03     1.000E+01
1.00E-01     7.198E+03     1.000E+01
1.10E-01     7.674E+03     1.000E+01
1.20E-01     8.150E+03     1.000E+01
1.30E-01     8.625E+03     1.000E+01
1.40E-01     9.101E+03     1.000E+01
1.50E-01     9.577E+03     1.000E+01
1.60E-01     1.003E+04     1.000E+01
1.80E-01     1.092E+04     1.000E+01
2.00E-01     1.182E+04     1.000E+01
2.50E-01     1.390E+04     1.000E+01
3.00E-01     1.578E+04     1.000E+01
3.50E-01     1.739E+04     1.000E+01
4.00E-01     1.899E+04     1.000E+01
4.50E-01     2.029E+04     1.000E+01
5.00E-01     2.158E+04     1.000E+01
6.00E-01     2.369E+04     1.000E+01
7.00E-01     2.542E+04     1.000E+01
8.00E-01     2.684E+04     1.000E+01
9.00E-01     2.799E+04     1.000E+01
1.00E+00     2.894E+04     1.000E+01
1.25E+00     3.020E+04     1.000E+01
1.50E+00     3.145E+04     1.000E+01
1.75E+00     3.143E+04     1.000E+01
2.00E+00     3.141E+04     1.000E+01
2.50E+00     2.824E+04     1.000E+01
3.00E+00     2.188E+04     1.000E+01
3.50E+00     1.547E+04     1.000E+01
4.00E+00     1.096E+04     1.000E+01
5.00E+00     6.337E+03     1.000E+01
6.00E+00     4.292E+03     1.000E+01
7.00E+00     3.182E+03     1.000E+01
8.00E+00     2.477E+03     1.000E+01
9.00E+00     1.978E+03     1.000E+01
1.00E+01     1.595E+03     1.000E+01
