5      he4 ag94    p cd97                  taly      3.17900E+00      
1.00E-03     0.000E+00     1.000E+00
2.00E-03     0.000E+00     1.000E+00
3.00E-03     0.000E+00     1.000E+00
4.00E-03     0.000E+00     1.000E+00
5.00E-03     0.000E+00     1.000E+00
6.00E-03     0.000E+00     1.000E+00
7.00E-03     0.000E+00     1.000E+00
8.00E-03     0.000E+00     1.000E+00
9.00E-03     0.000E+00     1.000E+00
1.00E-02     0.000E+00     1.000E+00
1.10E-02     0.000E+00     1.000E+00
1.20E-02     0.000E+00     1.000E+00
1.30E-02     0.000E+00     1.000E+00
1.40E-02     0.000E+00     1.000E+00
1.50E-02     0.000E+00     1.000E+00
1.60E-02     0.000E+00     1.000E+00
1.80E-02     0.000E+00     1.000E+00
2.00E-02     0.000E+00     1.000E+00
2.50E-02     0.000E+00     1.000E+00
3.00E-02     0.000E+00     1.000E+00
4.00E-02     0.000E+00     1.000E+00
5.00E-02     0.000E+00     1.000E+00
6.00E-02     0.000E+00     1.000E+00
7.00E-02     0.000E+00     1.000E+00
8.00E-02     0.000E+00     1.000E+00
9.00E-02     0.000E+00     1.000E+00
1.00E-01     0.000E+00     1.000E+00
1.10E-01     0.000E+00     1.000E+00
1.20E-01     0.000E+00     1.000E+00
1.30E-01     0.000E+00     1.000E+00
1.40E-01     0.000E+00     1.000E+00
1.50E-01     0.000E+00     1.000E+00
1.60E-01     0.000E+00     1.000E+00
1.80E-01     0.000E+00     1.000E+00
2.00E-01     0.000E+00     1.000E+00
2.50E-01     0.000E+00     1.000E+00
3.00E-01     0.000E+00     1.000E+00
3.50E-01     0.000E+00     1.000E+00
4.00E-01     0.000E+00     1.000E+00
4.50E-01     2.109E-71     1.000E+01
5.00E-01     4.447E-43     1.000E+01
6.00E-01     3.167E-38     1.000E+01
7.00E-01     1.356E-34     1.000E+01
8.00E-01     1.092E-31     1.000E+01
9.00E-01     2.929E-29     1.000E+01
1.00E+00     3.544E-27     1.000E+01
1.25E+00     1.487E-23     1.000E+01
1.50E+00     6.241E-20     1.000E+01
1.75E+00     1.063E-17     1.000E+01
2.00E+00     1.810E-15     1.000E+01
2.50E+00     2.502E-12     1.000E+01
3.00E+00     6.028E-10     1.000E+01
3.50E+00     4.537E-08     1.000E+01
4.00E+00     1.471E-06     1.000E+01
5.00E+00     2.625E-04     1.000E+01
6.00E+00     5.980E-03     1.000E+01
7.00E+00     2.036E-02     1.000E+01
8.00E+00     3.673E-02     1.000E+01
9.00E+00     5.835E-02     1.000E+01
1.00E+01     9.283E-02     1.000E+01
