4        p ag96 cd97                       taly      3.23100E+00      
1.00E-03     0.000E+00     1.000E+00
2.00E-03     0.000E+00     1.000E+00
3.00E-03     0.000E+00     1.000E+00
4.00E-03     0.000E+00     1.000E+00
5.00E-03     0.000E+00     1.000E+00
6.00E-03     0.000E+00     1.000E+00
7.00E-03     0.000E+00     1.000E+00
8.00E-03     0.000E+00     1.000E+00
9.00E-03     0.000E+00     1.000E+00
1.00E-02     0.000E+00     1.000E+00
1.10E-02     0.000E+00     1.000E+00
1.20E-02     0.000E+00     1.000E+00
1.30E-02     0.000E+00     1.000E+00
1.40E-02     0.000E+00     1.000E+00
1.50E-02     0.000E+00     1.000E+00
1.60E-02     0.000E+00     1.000E+00
1.80E-02     0.000E+00     1.000E+00
2.00E-02     0.000E+00     1.000E+00
2.50E-02     0.000E+00     1.000E+00
3.00E-02     0.000E+00     1.000E+00
4.00E-02     0.000E+00     1.000E+00
5.00E-02     0.000E+00     1.000E+00
6.00E-02     2.103E-86     1.000E+01
7.00E-02     4.421E-73     1.000E+01
8.00E-02     9.295E-60     1.000E+01
9.00E-02     1.954E-46     1.000E+01
1.00E-01     4.109E-33     1.000E+01
1.10E-01     9.774E-32     1.000E+01
1.20E-01     2.325E-30     1.000E+01
1.30E-01     5.530E-29     1.000E+01
1.40E-01     1.315E-27     1.000E+01
1.50E-01     3.128E-26     1.000E+01
1.60E-01     2.046E-25     1.000E+01
1.80E-01     8.748E-24     1.000E+01
2.00E-01     3.741E-22     1.000E+01
2.50E-01     2.777E-19     1.000E+01
3.00E-01     4.267E-17     1.000E+01
3.50E-01     1.673E-15     1.000E+01
4.00E-01     6.559E-14     1.000E+01
4.50E-01     8.853E-13     1.000E+01
5.00E-01     1.195E-11     1.000E+01
6.00E-01     6.221E-10     1.000E+01
7.00E-01     1.427E-08     1.000E+01
8.00E-01     1.840E-07     1.000E+01
9.00E-01     1.549E-06     1.000E+01
1.00E+00     9.403E-06     1.000E+01
1.25E+00     1.907E-04     1.000E+01
1.50E+00     3.869E-03     1.000E+01
1.75E+00     2.132E-02     1.000E+01
2.00E+00     1.175E-01     1.000E+01
2.50E+00     9.780E-01     1.000E+01
3.00E+00     3.517E+00     1.000E+01
3.50E+00     7.390E+00     1.000E+01
4.00E+00     1.162E+01     1.000E+01
5.00E+00     1.983E+01     1.000E+01
6.00E+00     2.768E+01     1.000E+01
7.00E+00     3.536E+01     1.000E+01
8.00E+00     4.291E+01     1.000E+01
9.00E+00     5.024E+01     1.000E+01
1.00E+01     5.716E+01     1.000E+01
