5        n ag94  he4 rh91                  taly      1.20310E+01      
1.00E-03     1.765E+04     1.000E+01
2.00E-03     1.795E+04     1.000E+01
3.00E-03     1.826E+04     1.000E+01
4.00E-03     1.857E+04     1.000E+01
5.00E-03     1.888E+04     1.000E+01
6.00E-03     1.893E+04     1.000E+01
7.00E-03     1.898E+04     1.000E+01
8.00E-03     1.902E+04     1.000E+01
9.00E-03     1.907E+04     1.000E+01
1.00E-02     1.911E+04     1.000E+01
1.10E-02     1.925E+04     1.000E+01
1.20E-02     1.939E+04     1.000E+01
1.30E-02     1.952E+04     1.000E+01
1.40E-02     1.966E+04     1.000E+01
1.50E-02     1.980E+04     1.000E+01
1.60E-02     1.994E+04     1.000E+01
1.80E-02     2.023E+04     1.000E+01
2.00E-02     2.051E+04     1.000E+01
2.50E-02     2.125E+04     1.000E+01
3.00E-02     2.202E+04     1.000E+01
4.00E-02     2.363E+04     1.000E+01
5.00E-02     2.537E+04     1.000E+01
6.00E-02     2.676E+04     1.000E+01
7.00E-02     2.823E+04     1.000E+01
8.00E-02     2.978E+04     1.000E+01
9.00E-02     3.141E+04     1.000E+01
1.00E-01     3.314E+04     1.000E+01
1.10E-01     3.454E+04     1.000E+01
1.20E-01     3.601E+04     1.000E+01
1.30E-01     3.754E+04     1.000E+01
1.40E-01     3.914E+04     1.000E+01
1.50E-01     4.080E+04     1.000E+01
1.60E-01     4.222E+04     1.000E+01
1.80E-01     4.520E+04     1.000E+01
2.00E-01     4.839E+04     1.000E+01
2.50E-01     5.570E+04     1.000E+01
3.00E-01     6.260E+04     1.000E+01
3.50E-01     6.857E+04     1.000E+01
4.00E-01     7.511E+04     1.000E+01
4.50E-01     8.047E+04     1.000E+01
5.00E-01     8.623E+04     1.000E+01
6.00E-01     9.632E+04     1.000E+01
7.00E-01     1.056E+05     1.000E+01
8.00E-01     1.143E+05     1.000E+01
9.00E-01     1.224E+05     1.000E+01
1.00E+00     1.301E+05     1.000E+01
1.25E+00     1.459E+05     1.000E+01
1.50E+00     1.636E+05     1.000E+01
1.75E+00     1.775E+05     1.000E+01
2.00E+00     1.925E+05     1.000E+01
2.50E+00     2.195E+05     1.000E+01
3.00E+00     2.460E+05     1.000E+01
3.50E+00     2.732E+05     1.000E+01
4.00E+00     3.016E+05     1.000E+01
5.00E+00     3.634E+05     1.000E+01
6.00E+00     4.071E+05     1.000E+01
7.00E+00     3.930E+05     1.000E+01
8.00E+00     3.741E+05     1.000E+01
9.00E+00     3.538E+05     1.000E+01
1.00E+01     3.296E+05     1.000E+01
