5        n ag96  he4 rh93                  taly      1.01460E+01      
1.00E-03     1.335E+03     1.000E+01
2.00E-03     1.353E+03     1.000E+01
3.00E-03     1.372E+03     1.000E+01
4.00E-03     1.390E+03     1.000E+01
5.00E-03     1.409E+03     1.000E+01
6.00E-03     1.408E+03     1.000E+01
7.00E-03     1.408E+03     1.000E+01
8.00E-03     1.407E+03     1.000E+01
9.00E-03     1.406E+03     1.000E+01
1.00E-02     1.405E+03     1.000E+01
1.10E-02     1.412E+03     1.000E+01
1.20E-02     1.418E+03     1.000E+01
1.30E-02     1.425E+03     1.000E+01
1.40E-02     1.432E+03     1.000E+01
1.50E-02     1.439E+03     1.000E+01
1.60E-02     1.445E+03     1.000E+01
1.80E-02     1.459E+03     1.000E+01
2.00E-02     1.473E+03     1.000E+01
2.50E-02     1.508E+03     1.000E+01
3.00E-02     1.544E+03     1.000E+01
4.00E-02     1.619E+03     1.000E+01
5.00E-02     1.697E+03     1.000E+01
6.00E-02     1.766E+03     1.000E+01
7.00E-02     1.838E+03     1.000E+01
8.00E-02     1.913E+03     1.000E+01
9.00E-02     1.991E+03     1.000E+01
1.00E-01     2.072E+03     1.000E+01
1.10E-01     2.142E+03     1.000E+01
1.20E-01     2.215E+03     1.000E+01
1.30E-01     2.290E+03     1.000E+01
1.40E-01     2.367E+03     1.000E+01
1.50E-01     2.447E+03     1.000E+01
1.60E-01     2.518E+03     1.000E+01
1.80E-01     2.667E+03     1.000E+01
2.00E-01     2.823E+03     1.000E+01
2.50E-01     3.189E+03     1.000E+01
3.00E-01     3.538E+03     1.000E+01
3.50E-01     3.850E+03     1.000E+01
4.00E-01     4.188E+03     1.000E+01
4.50E-01     4.486E+03     1.000E+01
5.00E-01     4.805E+03     1.000E+01
6.00E-01     5.421E+03     1.000E+01
7.00E-01     6.054E+03     1.000E+01
8.00E-01     6.715E+03     1.000E+01
9.00E-01     7.411E+03     1.000E+01
1.00E+00     8.147E+03     1.000E+01
1.25E+00     1.020E+04     1.000E+01
1.50E+00     1.278E+04     1.000E+01
1.75E+00     1.609E+04     1.000E+01
2.00E+00     2.027E+04     1.000E+01
2.50E+00     3.080E+04     1.000E+01
3.00E+00     4.029E+04     1.000E+01
3.50E+00     4.640E+04     1.000E+01
4.00E+00     5.184E+04     1.000E+01
5.00E+00     7.073E+04     1.000E+01
6.00E+00     1.091E+05     1.000E+01
7.00E+00     1.774E+05     1.000E+01
8.00E+00     2.873E+05     1.000E+01
9.00E+00     4.471E+05     1.000E+01
1.00E+01     6.543E+05     1.000E+01
