4      he4 al24  p28                       taly      9.52500E+00      
1.00E-03     0.000E+00     1.000E+00
2.00E-03     0.000E+00     1.000E+00
3.00E-03     0.000E+00     1.000E+00
4.00E-03     0.000E+00     1.000E+00
5.00E-03     0.000E+00     1.000E+00
6.00E-03     0.000E+00     1.000E+00
7.00E-03     0.000E+00     1.000E+00
8.00E-03     0.000E+00     1.000E+00
9.00E-03     0.000E+00     1.000E+00
1.00E-02     0.000E+00     1.000E+00
1.10E-02     0.000E+00     1.000E+00
1.20E-02     0.000E+00     1.000E+00
1.30E-02     0.000E+00     1.000E+00
1.40E-02     0.000E+00     1.000E+00
1.50E-02     0.000E+00     1.000E+00
1.60E-02     0.000E+00     1.000E+00
1.80E-02     0.000E+00     1.000E+00
2.00E-02     0.000E+00     1.000E+00
2.50E-02     0.000E+00     1.000E+00
3.00E-02     0.000E+00     1.000E+00
4.00E-02     0.000E+00     1.000E+00
5.00E-02     0.000E+00     1.000E+00
6.00E-02     4.097E-87     1.000E+01
7.00E-02     1.679E-74     1.000E+01
8.00E-02     6.877E-62     1.000E+01
9.00E-02     2.818E-49     1.000E+01
1.00E-01     1.154E-36     1.000E+01
1.10E-01     1.961E-35     1.000E+01
1.20E-01     3.331E-34     1.000E+01
1.30E-01     5.657E-33     1.000E+01
1.40E-01     9.609E-32     1.000E+01
1.50E-01     1.632E-30     1.000E+01
1.60E-01     1.023E-29     1.000E+01
1.80E-01     4.020E-28     1.000E+01
2.00E-01     1.579E-26     1.000E+01
2.50E-01     1.299E-23     1.000E+01
3.00E-01     2.185E-21     1.000E+01
3.50E-01     9.094E-20     1.000E+01
4.00E-01     3.785E-18     1.000E+01
4.50E-01     5.317E-17     1.000E+01
5.00E-01     7.469E-16     1.000E+01
6.00E-01     4.132E-14     1.000E+01
7.00E-01     1.005E-12     1.000E+01
8.00E-01     1.385E-11     1.000E+01
9.00E-01     1.264E-10     1.000E+01
1.00E+00     8.447E-10     1.000E+01
1.25E+00     2.359E-08     1.000E+01
1.50E+00     6.587E-07     1.000E+01
1.75E+00     5.266E-06     1.000E+01
2.00E+00     4.210E-05     1.000E+01
2.50E+00     7.857E-04     1.000E+01
3.00E+00     7.004E-03     1.000E+01
3.50E+00     3.812E-02     1.000E+01
4.00E+00     1.464E-01     1.000E+01
5.00E+00     1.070E+00     1.000E+01
6.00E+00     4.271E+00     1.000E+01
7.00E+00     1.167E+01     1.000E+01
8.00E+00     2.465E+01     1.000E+01
9.00E+00     4.296E+01     1.000E+01
1.00E+01     6.428E+01     1.000E+01
