4      he4 al22  p26                       taly      9.65300E+00      
1.00E-03     0.000E+00     1.000E+00
2.00E-03     0.000E+00     1.000E+00
3.00E-03     0.000E+00     1.000E+00
4.00E-03     0.000E+00     1.000E+00
5.00E-03     0.000E+00     1.000E+00
6.00E-03     0.000E+00     1.000E+00
7.00E-03     0.000E+00     1.000E+00
8.00E-03     0.000E+00     1.000E+00
9.00E-03     0.000E+00     1.000E+00
1.00E-02     0.000E+00     1.000E+00
1.10E-02     0.000E+00     1.000E+00
1.20E-02     0.000E+00     1.000E+00
1.30E-02     0.000E+00     1.000E+00
1.40E-02     0.000E+00     1.000E+00
1.50E-02     0.000E+00     1.000E+00
1.60E-02     0.000E+00     1.000E+00
1.80E-02     0.000E+00     1.000E+00
2.00E-02     0.000E+00     1.000E+00
2.50E-02     0.000E+00     1.000E+00
3.00E-02     0.000E+00     1.000E+00
4.00E-02     0.000E+00     1.000E+00
5.00E-02     0.000E+00     1.000E+00
6.00E-02     4.164E-87     1.000E+01
7.00E-02     1.734E-74     1.000E+01
8.00E-02     7.222E-62     1.000E+01
9.00E-02     3.008E-49     1.000E+01
1.00E-01     1.253E-36     1.000E+01
1.10E-01     1.868E-35     1.000E+01
1.20E-01     2.787E-34     1.000E+01
1.30E-01     4.156E-33     1.000E+01
1.40E-01     6.199E-32     1.000E+01
1.50E-01     9.246E-31     1.000E+01
1.60E-01     5.178E-30     1.000E+01
1.80E-01     1.624E-28     1.000E+01
2.00E-01     5.096E-27     1.000E+01
2.50E-01     3.854E-24     1.000E+01
3.00E-01     6.270E-22     1.000E+01
3.50E-01     2.545E-20     1.000E+01
4.00E-01     1.033E-18     1.000E+01
4.50E-01     1.424E-17     1.000E+01
5.00E-01     1.964E-16     1.000E+01
6.00E-01     1.056E-14     1.000E+01
7.00E-01     2.512E-13     1.000E+01
8.00E-01     3.405E-12     1.000E+01
9.00E-01     3.071E-11     1.000E+01
1.00E+00     2.037E-10     1.000E+01
1.25E+00     5.665E-09     1.000E+01
1.50E+00     1.575E-07     1.000E+01
1.75E+00     1.249E-06     1.000E+01
2.00E+00     9.902E-06     1.000E+01
2.50E+00     1.782E-04     1.000E+01
3.00E+00     1.518E-03     1.000E+01
3.50E+00     7.892E-03     1.000E+01
4.00E+00     2.905E-02     1.000E+01
5.00E+00     1.975E-01     1.000E+01
6.00E+00     7.435E-01     1.000E+01
7.00E+00     1.925E+00     1.000E+01
8.00E+00     3.834E+00     1.000E+01
9.00E+00     6.248E+00     1.000E+01
1.00E+01     8.667E+00     1.000E+01
