4      he4 al26  p30                       taly      1.04160E+01      
1.00E-03     0.000E+00     1.000E+00
2.00E-03     0.000E+00     1.000E+00
3.00E-03     0.000E+00     1.000E+00
4.00E-03     0.000E+00     1.000E+00
5.00E-03     0.000E+00     1.000E+00
6.00E-03     0.000E+00     1.000E+00
7.00E-03     0.000E+00     1.000E+00
8.00E-03     0.000E+00     1.000E+00
9.00E-03     0.000E+00     1.000E+00
1.00E-02     0.000E+00     1.000E+00
1.10E-02     0.000E+00     1.000E+00
1.20E-02     0.000E+00     1.000E+00
1.30E-02     0.000E+00     1.000E+00
1.40E-02     0.000E+00     1.000E+00
1.50E-02     0.000E+00     1.000E+00
1.60E-02     0.000E+00     1.000E+00
1.80E-02     0.000E+00     1.000E+00
2.00E-02     0.000E+00     1.000E+00
2.50E-02     0.000E+00     1.000E+00
3.00E-02     0.000E+00     1.000E+00
4.00E-02     0.000E+00     1.000E+00
5.00E-02     0.000E+00     1.000E+00
6.00E-02     3.980E-87     1.000E+01
7.00E-02     1.584E-74     1.000E+01
8.00E-02     6.305E-62     1.000E+01
9.00E-02     2.510E-49     1.000E+01
1.00E-01     9.988E-37     1.000E+01
1.10E-01     1.675E-35     1.000E+01
1.20E-01     2.809E-34     1.000E+01
1.30E-01     4.711E-33     1.000E+01
1.40E-01     7.900E-32     1.000E+01
1.50E-01     1.325E-30     1.000E+01
1.60E-01     8.085E-30     1.000E+01
1.80E-01     3.012E-28     1.000E+01
2.00E-01     1.122E-26     1.000E+01
2.50E-01     8.378E-24     1.000E+01
3.00E-01     1.301E-21     1.000E+01
3.50E-01     5.012E-20     1.000E+01
4.00E-01     1.931E-18     1.000E+01
4.50E-01     2.449E-17     1.000E+01
5.00E-01     3.107E-16     1.000E+01
6.00E-01     1.410E-14     1.000E+01
7.00E-01     2.983E-13     1.000E+01
8.00E-01     3.799E-12     1.000E+01
9.00E-01     3.338E-11     1.000E+01
1.00E+00     2.201E-10     1.000E+01
1.25E+00     6.341E-09     1.000E+01
1.50E+00     1.826E-07     1.000E+01
1.75E+00     1.526E-06     1.000E+01
2.00E+00     1.275E-05     1.000E+01
2.50E+00     2.553E-04     1.000E+01
3.00E+00     2.429E-03     1.000E+01
3.50E+00     1.412E-02     1.000E+01
4.00E+00     5.798E-02     1.000E+01
5.00E+00     4.794E-01     1.000E+01
6.00E+00     2.117E+00     1.000E+01
7.00E+00     6.230E+00     1.000E+01
8.00E+00     1.383E+01     1.000E+01
9.00E+00     2.491E+01     1.000E+01
1.00E+01     3.814E+01     1.000E+01
