5        n al24  he4 na21                  taly      7.78300E+00      
1.00E-03     4.183E+07     1.000E+01
2.00E-03     4.219E+07     1.000E+01
3.00E-03     4.255E+07     1.000E+01
4.00E-03     4.291E+07     1.000E+01
5.00E-03     4.328E+07     1.000E+01
6.00E-03     4.305E+07     1.000E+01
7.00E-03     4.283E+07     1.000E+01
8.00E-03     4.261E+07     1.000E+01
9.00E-03     4.239E+07     1.000E+01
1.00E-02     4.217E+07     1.000E+01
1.10E-02     4.219E+07     1.000E+01
1.20E-02     4.222E+07     1.000E+01
1.30E-02     4.224E+07     1.000E+01
1.40E-02     4.227E+07     1.000E+01
1.50E-02     4.229E+07     1.000E+01
1.60E-02     4.232E+07     1.000E+01
1.80E-02     4.237E+07     1.000E+01
2.00E-02     4.242E+07     1.000E+01
2.50E-02     4.254E+07     1.000E+01
3.00E-02     4.267E+07     1.000E+01
4.00E-02     4.292E+07     1.000E+01
5.00E-02     4.317E+07     1.000E+01
6.00E-02     4.359E+07     1.000E+01
7.00E-02     4.401E+07     1.000E+01
8.00E-02     4.443E+07     1.000E+01
9.00E-02     4.486E+07     1.000E+01
1.00E-01     4.529E+07     1.000E+01
1.10E-01     4.575E+07     1.000E+01
1.20E-01     4.622E+07     1.000E+01
1.30E-01     4.669E+07     1.000E+01
1.40E-01     4.716E+07     1.000E+01
1.50E-01     4.764E+07     1.000E+01
1.60E-01     4.814E+07     1.000E+01
1.80E-01     4.915E+07     1.000E+01
2.00E-01     5.019E+07     1.000E+01
2.50E-01     5.278E+07     1.000E+01
3.00E-01     5.529E+07     1.000E+01
3.50E-01     5.758E+07     1.000E+01
4.00E-01     5.997E+07     1.000E+01
4.50E-01     6.208E+07     1.000E+01
5.00E-01     6.427E+07     1.000E+01
6.00E-01     6.832E+07     1.000E+01
7.00E-01     7.217E+07     1.000E+01
8.00E-01     7.585E+07     1.000E+01
9.00E-01     7.937E+07     1.000E+01
1.00E+00     8.272E+07     1.000E+01
1.25E+00     8.961E+07     1.000E+01
1.50E+00     9.708E+07     1.000E+01
1.75E+00     1.023E+08     1.000E+01
2.00E+00     1.078E+08     1.000E+01
2.50E+00     1.156E+08     1.000E+01
3.00E+00     1.211E+08     1.000E+01
3.50E+00     1.247E+08     1.000E+01
4.00E+00     1.270E+08     1.000E+01
5.00E+00     1.286E+08     1.000E+01
6.00E+00     1.276E+08     1.000E+01
7.00E+00     1.244E+08     1.000E+01
8.00E+00     1.189E+08     1.000E+01
9.00E+00     1.104E+08     1.000E+01
1.00E+01     9.893E+07     1.000E+01
