5      he4 al27    p si30                  taly      2.37200E+00      
1.00E-03     0.000E+00     1.000E+00
2.00E-03     0.000E+00     1.000E+00
3.00E-03     0.000E+00     1.000E+00
4.00E-03     0.000E+00     1.000E+00
5.00E-03     0.000E+00     1.000E+00
6.00E-03     0.000E+00     1.000E+00
7.00E-03     0.000E+00     1.000E+00
8.00E-03     0.000E+00     1.000E+00
9.00E-03     0.000E+00     1.000E+00
1.00E-02     0.000E+00     1.000E+00
1.10E-02     0.000E+00     1.000E+00
1.20E-02     0.000E+00     1.000E+00
1.30E-02     0.000E+00     1.000E+00
1.40E-02     0.000E+00     1.000E+00
1.50E-02     0.000E+00     1.000E+00
1.60E-02     0.000E+00     1.000E+00
1.80E-02     0.000E+00     1.000E+00
2.00E-02     0.000E+00     1.000E+00
2.50E-02     0.000E+00     1.000E+00
3.00E-02     0.000E+00     1.000E+00
4.00E-02     0.000E+00     1.000E+00
5.00E-02     0.000E+00     1.000E+00
6.00E-02     2.622E-86     1.000E+01
7.00E-02     6.873E-73     1.000E+01
8.00E-02     1.802E-59     1.000E+01
9.00E-02     4.724E-46     1.000E+01
1.00E-01     1.238E-32     1.000E+01
1.10E-01     2.784E-31     1.000E+01
1.20E-01     6.258E-30     1.000E+01
1.30E-01     1.407E-28     1.000E+01
1.40E-01     3.163E-27     1.000E+01
1.50E-01     7.110E-26     1.000E+01
1.60E-01     4.806E-25     1.000E+01
1.80E-01     2.196E-23     1.000E+01
2.00E-01     1.003E-21     1.000E+01
2.50E-01     8.900E-19     1.000E+01
3.00E-01     1.571E-16     1.000E+01
3.50E-01     6.771E-15     1.000E+01
4.00E-01     2.918E-13     1.000E+01
4.50E-01     4.215E-12     1.000E+01
5.00E-01     6.086E-11     1.000E+01
6.00E-01     3.535E-09     1.000E+01
7.00E-01     8.965E-08     1.000E+01
8.00E-01     1.280E-06     1.000E+01
9.00E-01     1.204E-05     1.000E+01
1.00E+00     8.252E-05     1.000E+01
1.25E+00     2.373E-03     1.000E+01
1.50E+00     6.822E-02     1.000E+01
1.75E+00     5.311E-01     1.000E+01
2.00E+00     4.135E+00     1.000E+01
2.50E+00     6.869E+01     1.000E+01
3.00E+00     5.382E+02     1.000E+01
3.50E+00     2.608E+03     1.000E+01
4.00E+00     9.114E+03     1.000E+01
5.00E+00     5.862E+04     1.000E+01
6.00E+00     2.194E+05     1.000E+01
7.00E+00     5.865E+05     1.000E+01
8.00E+00     1.248E+06     1.000E+01
9.00E+00     2.241E+06     1.000E+01
1.00E+01     3.510E+06     1.000E+01
