5        n al23    p mg23                  taly      1.30030E+01      
1.00E-03     1.283E+08     1.000E+01
2.00E-03     1.295E+08     1.000E+01
3.00E-03     1.306E+08     1.000E+01
4.00E-03     1.318E+08     1.000E+01
5.00E-03     1.330E+08     1.000E+01
6.00E-03     1.324E+08     1.000E+01
7.00E-03     1.317E+08     1.000E+01
8.00E-03     1.311E+08     1.000E+01
9.00E-03     1.305E+08     1.000E+01
1.00E-02     1.299E+08     1.000E+01
1.10E-02     1.300E+08     1.000E+01
1.20E-02     1.301E+08     1.000E+01
1.30E-02     1.302E+08     1.000E+01
1.40E-02     1.304E+08     1.000E+01
1.50E-02     1.305E+08     1.000E+01
1.60E-02     1.306E+08     1.000E+01
1.80E-02     1.309E+08     1.000E+01
2.00E-02     1.312E+08     1.000E+01
2.50E-02     1.318E+08     1.000E+01
3.00E-02     1.325E+08     1.000E+01
4.00E-02     1.338E+08     1.000E+01
5.00E-02     1.352E+08     1.000E+01
6.00E-02     1.370E+08     1.000E+01
7.00E-02     1.388E+08     1.000E+01
8.00E-02     1.406E+08     1.000E+01
9.00E-02     1.425E+08     1.000E+01
1.00E-01     1.444E+08     1.000E+01
1.10E-01     1.463E+08     1.000E+01
1.20E-01     1.483E+08     1.000E+01
1.30E-01     1.502E+08     1.000E+01
1.40E-01     1.523E+08     1.000E+01
1.50E-01     1.543E+08     1.000E+01
1.60E-01     1.563E+08     1.000E+01
1.80E-01     1.605E+08     1.000E+01
2.00E-01     1.648E+08     1.000E+01
2.50E-01     1.753E+08     1.000E+01
3.00E-01     1.855E+08     1.000E+01
3.50E-01     1.947E+08     1.000E+01
4.00E-01     2.043E+08     1.000E+01
4.50E-01     2.128E+08     1.000E+01
5.00E-01     2.215E+08     1.000E+01
6.00E-01     2.376E+08     1.000E+01
7.00E-01     2.527E+08     1.000E+01
8.00E-01     2.671E+08     1.000E+01
9.00E-01     2.807E+08     1.000E+01
1.00E+00     2.936E+08     1.000E+01
1.25E+00     3.198E+08     1.000E+01
1.50E+00     3.483E+08     1.000E+01
1.75E+00     3.682E+08     1.000E+01
2.00E+00     3.891E+08     1.000E+01
2.50E+00     4.190E+08     1.000E+01
3.00E+00     4.403E+08     1.000E+01
3.50E+00     4.551E+08     1.000E+01
4.00E+00     4.648E+08     1.000E+01
5.00E+00     4.733E+08     1.000E+01
6.00E+00     4.714E+08     1.000E+01
7.00E+00     4.629E+08     1.000E+01
8.00E+00     4.500E+08     1.000E+01
9.00E+00     4.343E+08     1.000E+01
1.00E+01     4.170E+08     1.000E+01
