5      he4 al24    p si27                  taly      7.47200E+00      
1.00E-03     0.000E+00     1.000E+00
2.00E-03     0.000E+00     1.000E+00
3.00E-03     0.000E+00     1.000E+00
4.00E-03     0.000E+00     1.000E+00
5.00E-03     0.000E+00     1.000E+00
6.00E-03     0.000E+00     1.000E+00
7.00E-03     0.000E+00     1.000E+00
8.00E-03     0.000E+00     1.000E+00
9.00E-03     0.000E+00     1.000E+00
1.00E-02     0.000E+00     1.000E+00
1.10E-02     0.000E+00     1.000E+00
1.20E-02     0.000E+00     1.000E+00
1.30E-02     0.000E+00     1.000E+00
1.40E-02     0.000E+00     1.000E+00
1.50E-02     0.000E+00     1.000E+00
1.60E-02     0.000E+00     1.000E+00
1.80E-02     0.000E+00     1.000E+00
2.00E-02     0.000E+00     1.000E+00
2.50E-02     0.000E+00     1.000E+00
3.00E-02     0.000E+00     1.000E+00
4.00E-02     0.000E+00     1.000E+00
5.00E-02     0.000E+00     1.000E+00
6.00E-02     3.001E-86     1.000E+01
7.00E-02     9.007E-73     1.000E+01
8.00E-02     2.703E-59     1.000E+01
9.00E-02     8.112E-46     1.000E+01
1.00E-01     2.435E-32     1.000E+01
1.10E-01     5.365E-31     1.000E+01
1.20E-01     1.182E-29     1.000E+01
1.30E-01     2.605E-28     1.000E+01
1.40E-01     5.741E-27     1.000E+01
1.50E-01     1.265E-25     1.000E+01
1.60E-01     8.384E-25     1.000E+01
1.80E-01     3.681E-23     1.000E+01
2.00E-01     1.616E-21     1.000E+01
2.50E-01     1.319E-18     1.000E+01
3.00E-01     2.171E-16     1.000E+01
3.50E-01     8.853E-15     1.000E+01
4.00E-01     3.611E-13     1.000E+01
4.50E-01     4.992E-12     1.000E+01
5.00E-01     6.902E-11     1.000E+01
6.00E-01     3.727E-09     1.000E+01
7.00E-01     8.876E-08     1.000E+01
8.00E-01     1.200E-06     1.000E+01
9.00E-01     1.077E-05     1.000E+01
1.00E+00     7.083E-05     1.000E+01
1.25E+00     1.907E-03     1.000E+01
1.50E+00     5.135E-02     1.000E+01
1.75E+00     3.927E-01     1.000E+01
2.00E+00     3.003E+00     1.000E+01
2.50E+00     5.091E+01     1.000E+01
3.00E+00     4.161E+02     1.000E+01
3.50E+00     2.106E+03     1.000E+01
4.00E+00     7.630E+03     1.000E+01
5.00E+00     5.120E+04     1.000E+01
6.00E+00     1.933E+05     1.000E+01
7.00E+00     5.087E+05     1.000E+01
8.00E+00     1.045E+06     1.000E+01
9.00E+00     1.785E+06     1.000E+01
1.00E+01     2.626E+06     1.000E+01
