4      he4 ar38 ca42                       taly      6.25700E+00      
1.00E-03     0.000E+00     1.000E+00
2.00E-03     0.000E+00     1.000E+00
3.00E-03     0.000E+00     1.000E+00
4.00E-03     0.000E+00     1.000E+00
5.00E-03     0.000E+00     1.000E+00
6.00E-03     0.000E+00     1.000E+00
7.00E-03     0.000E+00     1.000E+00
8.00E-03     0.000E+00     1.000E+00
9.00E-03     0.000E+00     1.000E+00
1.00E-02     0.000E+00     1.000E+00
1.10E-02     0.000E+00     1.000E+00
1.20E-02     0.000E+00     1.000E+00
1.30E-02     0.000E+00     1.000E+00
1.40E-02     0.000E+00     1.000E+00
1.50E-02     0.000E+00     1.000E+00
1.60E-02     0.000E+00     1.000E+00
1.80E-02     0.000E+00     1.000E+00
2.00E-02     0.000E+00     1.000E+00
2.50E-02     0.000E+00     1.000E+00
3.00E-02     0.000E+00     1.000E+00
4.00E-02     0.000E+00     1.000E+00
5.00E-02     0.000E+00     1.000E+00
6.00E-02     7.623E-89     1.000E+01
7.00E-02     5.811E-78     1.000E+01
8.00E-02     4.430E-67     1.000E+01
9.00E-02     3.377E-56     1.000E+01
1.00E-01     2.574E-45     1.000E+01
1.10E-01     2.508E-43     1.000E+01
1.20E-01     2.443E-41     1.000E+01
1.30E-01     2.380E-39     1.000E+01
1.40E-01     2.318E-37     1.000E+01
1.50E-01     2.258E-35     1.000E+01
1.60E-01     2.748E-34     1.000E+01
1.80E-01     4.068E-32     1.000E+01
2.00E-01     6.024E-30     1.000E+01
2.50E-01     3.232E-26     1.000E+01
3.00E-01     2.187E-23     1.000E+01
3.50E-01     2.503E-21     1.000E+01
4.00E-01     2.865E-19     1.000E+01
4.50E-01     8.284E-18     1.000E+01
5.00E-01     2.395E-16     1.000E+01
6.00E-01     3.992E-14     1.000E+01
7.00E-01     2.322E-12     1.000E+01
8.00E-01     6.454E-11     1.000E+01
9.00E-01     1.043E-09     1.000E+01
1.00E+00     1.117E-08     1.000E+01
1.25E+00     6.357E-07     1.000E+01
1.50E+00     3.618E-05     1.000E+01
1.75E+00     3.874E-04     1.000E+01
2.00E+00     4.148E-03     1.000E+01
2.50E+00     9.627E-02     1.000E+01
3.00E+00     9.164E-01     1.000E+01
3.50E+00     5.009E+00     1.000E+01
4.00E+00     1.884E+01     1.000E+01
5.00E+00     1.282E+02     1.000E+01
6.00E+00     4.690E+02     1.000E+01
7.00E+00     1.156E+03     1.000E+01
8.00E+00     2.124E+03     1.000E+01
9.00E+00     3.028E+03     1.000E+01
1.00E+01     3.468E+03     1.000E+01
