4        n ar34 ar35                       taly      1.27400E+01      
1.00E-03     4.620E+04     1.000E+01
2.00E-03     4.649E+04     1.000E+01
3.00E-03     4.679E+04     1.000E+01
4.00E-03     4.709E+04     1.000E+01
5.00E-03     4.738E+04     1.000E+01
6.00E-03     4.707E+04     1.000E+01
7.00E-03     4.676E+04     1.000E+01
8.00E-03     4.645E+04     1.000E+01
9.00E-03     4.614E+04     1.000E+01
1.00E-02     4.583E+04     1.000E+01
1.10E-02     4.581E+04     1.000E+01
1.20E-02     4.578E+04     1.000E+01
1.30E-02     4.576E+04     1.000E+01
1.40E-02     4.573E+04     1.000E+01
1.50E-02     4.571E+04     1.000E+01
1.60E-02     4.568E+04     1.000E+01
1.80E-02     4.564E+04     1.000E+01
2.00E-02     4.559E+04     1.000E+01
2.50E-02     4.546E+04     1.000E+01
3.00E-02     4.534E+04     1.000E+01
4.00E-02     4.509E+04     1.000E+01
5.00E-02     4.485E+04     1.000E+01
6.00E-02     4.488E+04     1.000E+01
7.00E-02     4.491E+04     1.000E+01
8.00E-02     4.494E+04     1.000E+01
9.00E-02     4.497E+04     1.000E+01
1.00E-01     4.500E+04     1.000E+01
1.10E-01     4.510E+04     1.000E+01
1.20E-01     4.519E+04     1.000E+01
1.30E-01     4.529E+04     1.000E+01
1.40E-01     4.539E+04     1.000E+01
1.50E-01     4.548E+04     1.000E+01
1.60E-01     4.562E+04     1.000E+01
1.80E-01     4.591E+04     1.000E+01
2.00E-01     4.619E+04     1.000E+01
2.50E-01     4.698E+04     1.000E+01
3.00E-01     4.775E+04     1.000E+01
3.50E-01     4.843E+04     1.000E+01
4.00E-01     4.910E+04     1.000E+01
4.50E-01     4.967E+04     1.000E+01
5.00E-01     5.025E+04     1.000E+01
6.00E-01     5.126E+04     1.000E+01
7.00E-01     5.219E+04     1.000E+01
8.00E-01     5.307E+04     1.000E+01
9.00E-01     5.390E+04     1.000E+01
1.00E+00     5.469E+04     1.000E+01
1.25E+00     5.638E+04     1.000E+01
1.50E+00     5.808E+04     1.000E+01
1.75E+00     5.942E+04     1.000E+01
2.00E+00     6.076E+04     1.000E+01
2.50E+00     6.291E+04     1.000E+01
3.00E+00     6.463E+04     1.000E+01
3.50E+00     6.598E+04     1.000E+01
4.00E+00     6.701E+04     1.000E+01
5.00E+00     6.811E+04     1.000E+01
6.00E+00     6.801E+04     1.000E+01
7.00E+00     6.679E+04     1.000E+01
8.00E+00     6.441E+04     1.000E+01
9.00E+00     6.056E+04     1.000E+01
1.00E+01     5.471E+04     1.000E+01
