5        n ar32  he4  s29                  taly      6.60200E+00      
1.00E-03     3.435E+06     1.000E+01
2.00E-03     3.461E+06     1.000E+01
3.00E-03     3.488E+06     1.000E+01
4.00E-03     3.514E+06     1.000E+01
5.00E-03     3.540E+06     1.000E+01
6.00E-03     3.520E+06     1.000E+01
7.00E-03     3.499E+06     1.000E+01
8.00E-03     3.478E+06     1.000E+01
9.00E-03     3.458E+06     1.000E+01
1.00E-02     3.437E+06     1.000E+01
1.10E-02     3.437E+06     1.000E+01
1.20E-02     3.437E+06     1.000E+01
1.30E-02     3.437E+06     1.000E+01
1.40E-02     3.437E+06     1.000E+01
1.50E-02     3.437E+06     1.000E+01
1.60E-02     3.437E+06     1.000E+01
1.80E-02     3.437E+06     1.000E+01
2.00E-02     3.436E+06     1.000E+01
2.50E-02     3.436E+06     1.000E+01
3.00E-02     3.435E+06     1.000E+01
4.00E-02     3.435E+06     1.000E+01
5.00E-02     3.434E+06     1.000E+01
6.00E-02     3.449E+06     1.000E+01
7.00E-02     3.464E+06     1.000E+01
8.00E-02     3.480E+06     1.000E+01
9.00E-02     3.495E+06     1.000E+01
1.00E-01     3.511E+06     1.000E+01
1.10E-01     3.530E+06     1.000E+01
1.20E-01     3.549E+06     1.000E+01
1.30E-01     3.568E+06     1.000E+01
1.40E-01     3.588E+06     1.000E+01
1.50E-01     3.607E+06     1.000E+01
1.60E-01     3.630E+06     1.000E+01
1.80E-01     3.674E+06     1.000E+01
2.00E-01     3.719E+06     1.000E+01
2.50E-01     3.836E+06     1.000E+01
3.00E-01     3.949E+06     1.000E+01
3.50E-01     4.051E+06     1.000E+01
4.00E-01     4.156E+06     1.000E+01
4.50E-01     4.248E+06     1.000E+01
5.00E-01     4.343E+06     1.000E+01
6.00E-01     4.518E+06     1.000E+01
7.00E-01     4.687E+06     1.000E+01
8.00E-01     4.851E+06     1.000E+01
9.00E-01     5.011E+06     1.000E+01
1.00E+00     5.167E+06     1.000E+01
1.25E+00     5.525E+06     1.000E+01
1.50E+00     5.907E+06     1.000E+01
1.75E+00     6.239E+06     1.000E+01
2.00E+00     6.589E+06     1.000E+01
2.50E+00     7.228E+06     1.000E+01
3.00E+00     7.837E+06     1.000E+01
3.50E+00     8.428E+06     1.000E+01
4.00E+00     9.007E+06     1.000E+01
5.00E+00     1.011E+07     1.000E+01
6.00E+00     1.106E+07     1.000E+01
7.00E+00     1.171E+07     1.000E+01
8.00E+00     1.184E+07     1.000E+01
9.00E+00     1.122E+07     1.000E+01
1.00E+01     9.818E+06     1.000E+01
