5        n ar36  he4  s33                  taly      2.00000E+00      
1.00E-03     8.615E+03     1.000E+01
2.00E-03     9.629E+03     1.000E+01
3.00E-03     1.076E+04     1.000E+01
4.00E-03     1.203E+04     1.000E+01
5.00E-03     1.345E+04     1.000E+01
6.00E-03     1.362E+04     1.000E+01
7.00E-03     1.380E+04     1.000E+01
8.00E-03     1.398E+04     1.000E+01
9.00E-03     1.417E+04     1.000E+01
1.00E-02     1.435E+04     1.000E+01
1.10E-02     1.433E+04     1.000E+01
1.20E-02     1.430E+04     1.000E+01
1.30E-02     1.427E+04     1.000E+01
1.40E-02     1.425E+04     1.000E+01
1.50E-02     1.422E+04     1.000E+01
1.60E-02     1.419E+04     1.000E+01
1.80E-02     1.414E+04     1.000E+01
2.00E-02     1.409E+04     1.000E+01
2.50E-02     1.395E+04     1.000E+01
3.00E-02     1.382E+04     1.000E+01
4.00E-02     1.357E+04     1.000E+01
5.00E-02     1.331E+04     1.000E+01
6.00E-02     1.302E+04     1.000E+01
7.00E-02     1.274E+04     1.000E+01
8.00E-02     1.246E+04     1.000E+01
9.00E-02     1.219E+04     1.000E+01
1.00E-01     1.193E+04     1.000E+01
1.10E-01     1.178E+04     1.000E+01
1.20E-01     1.164E+04     1.000E+01
1.30E-01     1.149E+04     1.000E+01
1.40E-01     1.135E+04     1.000E+01
1.50E-01     1.121E+04     1.000E+01
1.60E-01     1.114E+04     1.000E+01
1.80E-01     1.100E+04     1.000E+01
2.00E-01     1.087E+04     1.000E+01
2.50E-01     1.074E+04     1.000E+01
3.00E-01     1.076E+04     1.000E+01
3.50E-01     1.094E+04     1.000E+01
4.00E-01     1.113E+04     1.000E+01
4.50E-01     1.150E+04     1.000E+01
5.00E-01     1.189E+04     1.000E+01
6.00E-01     1.304E+04     1.000E+01
7.00E-01     1.462E+04     1.000E+01
8.00E-01     1.669E+04     1.000E+01
9.00E-01     1.933E+04     1.000E+01
1.00E+00     2.265E+04     1.000E+01
1.25E+00     3.541E+04     1.000E+01
1.50E+00     5.535E+04     1.000E+01
1.75E+00     8.836E+04     1.000E+01
2.00E+00     1.411E+05     1.000E+01
2.50E+00     3.523E+05     1.000E+01
3.00E+00     8.336E+05     1.000E+01
3.50E+00     1.807E+06     1.000E+01
4.00E+00     3.544E+06     1.000E+01
5.00E+00     1.040E+07     1.000E+01
6.00E+00     2.320E+07     1.000E+01
7.00E+00     4.253E+07     1.000E+01
8.00E+00     6.504E+07     1.000E+01
9.00E+00     7.969E+07     1.000E+01
1.00E+01     7.778E+07     1.000E+01
