5        n ar35    p cl35                  taly      6.74900E+00      
1.00E-03     3.735E+08     1.000E+01
2.00E-03     3.761E+08     1.000E+01
3.00E-03     3.786E+08     1.000E+01
4.00E-03     3.811E+08     1.000E+01
5.00E-03     3.837E+08     1.000E+01
6.00E-03     3.813E+08     1.000E+01
7.00E-03     3.789E+08     1.000E+01
8.00E-03     3.765E+08     1.000E+01
9.00E-03     3.742E+08     1.000E+01
1.00E-02     3.718E+08     1.000E+01
1.10E-02     3.718E+08     1.000E+01
1.20E-02     3.717E+08     1.000E+01
1.30E-02     3.717E+08     1.000E+01
1.40E-02     3.717E+08     1.000E+01
1.50E-02     3.716E+08     1.000E+01
1.60E-02     3.716E+08     1.000E+01
1.80E-02     3.715E+08     1.000E+01
2.00E-02     3.714E+08     1.000E+01
2.50E-02     3.712E+08     1.000E+01
3.00E-02     3.710E+08     1.000E+01
4.00E-02     3.707E+08     1.000E+01
5.00E-02     3.703E+08     1.000E+01
6.00E-02     3.721E+08     1.000E+01
7.00E-02     3.739E+08     1.000E+01
8.00E-02     3.757E+08     1.000E+01
9.00E-02     3.775E+08     1.000E+01
1.00E-01     3.793E+08     1.000E+01
1.10E-01     3.816E+08     1.000E+01
1.20E-01     3.840E+08     1.000E+01
1.30E-01     3.863E+08     1.000E+01
1.40E-01     3.886E+08     1.000E+01
1.50E-01     3.910E+08     1.000E+01
1.60E-01     3.936E+08     1.000E+01
1.80E-01     3.989E+08     1.000E+01
2.00E-01     4.043E+08     1.000E+01
2.50E-01     4.181E+08     1.000E+01
3.00E-01     4.313E+08     1.000E+01
3.50E-01     4.430E+08     1.000E+01
4.00E-01     4.551E+08     1.000E+01
4.50E-01     4.654E+08     1.000E+01
5.00E-01     4.759E+08     1.000E+01
6.00E-01     4.948E+08     1.000E+01
7.00E-01     5.123E+08     1.000E+01
8.00E-01     5.287E+08     1.000E+01
9.00E-01     5.441E+08     1.000E+01
1.00E+00     5.588E+08     1.000E+01
1.25E+00     5.897E+08     1.000E+01
1.50E+00     6.223E+08     1.000E+01
1.75E+00     6.476E+08     1.000E+01
2.00E+00     6.738E+08     1.000E+01
2.50E+00     7.170E+08     1.000E+01
3.00E+00     7.541E+08     1.000E+01
3.50E+00     7.868E+08     1.000E+01
4.00E+00     8.161E+08     1.000E+01
5.00E+00     8.662E+08     1.000E+01
6.00E+00     9.054E+08     1.000E+01
7.00E+00     9.309E+08     1.000E+01
8.00E+00     9.341E+08     1.000E+01
9.00E+00     9.000E+08     1.000E+01
1.00E+01     8.139E+08     1.000E+01
