5        n ar33    p cl33                  taly      1.24010E+01      
1.00E-03     4.991E+07     1.000E+01
2.00E-03     5.027E+07     1.000E+01
3.00E-03     5.064E+07     1.000E+01
4.00E-03     5.101E+07     1.000E+01
5.00E-03     5.139E+07     1.000E+01
6.00E-03     5.108E+07     1.000E+01
7.00E-03     5.076E+07     1.000E+01
8.00E-03     5.045E+07     1.000E+01
9.00E-03     5.015E+07     1.000E+01
1.00E-02     4.984E+07     1.000E+01
1.10E-02     4.983E+07     1.000E+01
1.20E-02     4.982E+07     1.000E+01
1.30E-02     4.981E+07     1.000E+01
1.40E-02     4.980E+07     1.000E+01
1.50E-02     4.979E+07     1.000E+01
1.60E-02     4.978E+07     1.000E+01
1.80E-02     4.976E+07     1.000E+01
2.00E-02     4.973E+07     1.000E+01
2.50E-02     4.968E+07     1.000E+01
3.00E-02     4.963E+07     1.000E+01
4.00E-02     4.952E+07     1.000E+01
5.00E-02     4.941E+07     1.000E+01
6.00E-02     4.954E+07     1.000E+01
7.00E-02     4.967E+07     1.000E+01
8.00E-02     4.980E+07     1.000E+01
9.00E-02     4.993E+07     1.000E+01
1.00E-01     5.006E+07     1.000E+01
1.10E-01     5.024E+07     1.000E+01
1.20E-01     5.042E+07     1.000E+01
1.30E-01     5.060E+07     1.000E+01
1.40E-01     5.078E+07     1.000E+01
1.50E-01     5.096E+07     1.000E+01
1.60E-01     5.118E+07     1.000E+01
1.80E-01     5.162E+07     1.000E+01
2.00E-01     5.205E+07     1.000E+01
2.50E-01     5.319E+07     1.000E+01
3.00E-01     5.426E+07     1.000E+01
3.50E-01     5.517E+07     1.000E+01
4.00E-01     5.610E+07     1.000E+01
4.50E-01     5.685E+07     1.000E+01
5.00E-01     5.761E+07     1.000E+01
6.00E-01     5.891E+07     1.000E+01
7.00E-01     6.005E+07     1.000E+01
8.00E-01     6.109E+07     1.000E+01
9.00E-01     6.204E+07     1.000E+01
1.00E+00     6.290E+07     1.000E+01
1.25E+00     6.455E+07     1.000E+01
1.50E+00     6.625E+07     1.000E+01
1.75E+00     6.730E+07     1.000E+01
2.00E+00     6.837E+07     1.000E+01
2.50E+00     6.957E+07     1.000E+01
3.00E+00     6.999E+07     1.000E+01
3.50E+00     6.971E+07     1.000E+01
4.00E+00     6.880E+07     1.000E+01
5.00E+00     6.538E+07     1.000E+01
6.00E+00     6.019E+07     1.000E+01
7.00E+00     5.319E+07     1.000E+01
8.00E+00     4.430E+07     1.000E+01
9.00E+00     3.431E+07     1.000E+01
1.00E+01     2.484E+07     1.000E+01
