5        n ar32    p cl32                  taly      1.19170E+01      
1.00E-03     3.320E+07     1.000E+01
2.00E-03     3.345E+07     1.000E+01
3.00E-03     3.371E+07     1.000E+01
4.00E-03     3.396E+07     1.000E+01
5.00E-03     3.422E+07     1.000E+01
6.00E-03     3.402E+07     1.000E+01
7.00E-03     3.382E+07     1.000E+01
8.00E-03     3.363E+07     1.000E+01
9.00E-03     3.343E+07     1.000E+01
1.00E-02     3.323E+07     1.000E+01
1.10E-02     3.323E+07     1.000E+01
1.20E-02     3.323E+07     1.000E+01
1.30E-02     3.323E+07     1.000E+01
1.40E-02     3.324E+07     1.000E+01
1.50E-02     3.324E+07     1.000E+01
1.60E-02     3.324E+07     1.000E+01
1.80E-02     3.324E+07     1.000E+01
2.00E-02     3.324E+07     1.000E+01
2.50E-02     3.324E+07     1.000E+01
3.00E-02     3.324E+07     1.000E+01
4.00E-02     3.325E+07     1.000E+01
5.00E-02     3.326E+07     1.000E+01
6.00E-02     3.341E+07     1.000E+01
7.00E-02     3.357E+07     1.000E+01
8.00E-02     3.373E+07     1.000E+01
9.00E-02     3.388E+07     1.000E+01
1.00E-01     3.404E+07     1.000E+01
1.10E-01     3.423E+07     1.000E+01
1.20E-01     3.441E+07     1.000E+01
1.30E-01     3.460E+07     1.000E+01
1.40E-01     3.479E+07     1.000E+01
1.50E-01     3.498E+07     1.000E+01
1.60E-01     3.519E+07     1.000E+01
1.80E-01     3.561E+07     1.000E+01
2.00E-01     3.603E+07     1.000E+01
2.50E-01     3.709E+07     1.000E+01
3.00E-01     3.810E+07     1.000E+01
3.50E-01     3.896E+07     1.000E+01
4.00E-01     3.984E+07     1.000E+01
4.50E-01     4.056E+07     1.000E+01
5.00E-01     4.129E+07     1.000E+01
6.00E-01     4.256E+07     1.000E+01
7.00E-01     4.368E+07     1.000E+01
8.00E-01     4.469E+07     1.000E+01
9.00E-01     4.560E+07     1.000E+01
1.00E+00     4.644E+07     1.000E+01
1.25E+00     4.801E+07     1.000E+01
1.50E+00     4.964E+07     1.000E+01
1.75E+00     5.064E+07     1.000E+01
2.00E+00     5.165E+07     1.000E+01
2.50E+00     5.285E+07     1.000E+01
3.00E+00     5.345E+07     1.000E+01
3.50E+00     5.353E+07     1.000E+01
4.00E+00     5.316E+07     1.000E+01
5.00E+00     5.122E+07     1.000E+01
6.00E+00     4.792E+07     1.000E+01
7.00E+00     4.351E+07     1.000E+01
8.00E+00     3.806E+07     1.000E+01
9.00E+00     3.159E+07     1.000E+01
1.00E+01     2.451E+07     1.000E+01
