4        n ar35 ar36                       taly      1.52560E+01      
1.00E-03     1.473E+05     1.000E+01
2.00E-03     1.483E+05     1.000E+01
3.00E-03     1.493E+05     1.000E+01
4.00E-03     1.503E+05     1.000E+01
5.00E-03     1.513E+05     1.000E+01
6.00E-03     1.503E+05     1.000E+01
7.00E-03     1.494E+05     1.000E+01
8.00E-03     1.484E+05     1.000E+01
9.00E-03     1.475E+05     1.000E+01
1.00E-02     1.465E+05     1.000E+01
1.10E-02     1.465E+05     1.000E+01
1.20E-02     1.465E+05     1.000E+01
1.30E-02     1.465E+05     1.000E+01
1.40E-02     1.465E+05     1.000E+01
1.50E-02     1.464E+05     1.000E+01
1.60E-02     1.464E+05     1.000E+01
1.80E-02     1.464E+05     1.000E+01
2.00E-02     1.463E+05     1.000E+01
2.50E-02     1.462E+05     1.000E+01
3.00E-02     1.461E+05     1.000E+01
4.00E-02     1.459E+05     1.000E+01
5.00E-02     1.457E+05     1.000E+01
6.00E-02     1.463E+05     1.000E+01
7.00E-02     1.470E+05     1.000E+01
8.00E-02     1.477E+05     1.000E+01
9.00E-02     1.483E+05     1.000E+01
1.00E-01     1.490E+05     1.000E+01
1.10E-01     1.499E+05     1.000E+01
1.20E-01     1.507E+05     1.000E+01
1.30E-01     1.516E+05     1.000E+01
1.40E-01     1.525E+05     1.000E+01
1.50E-01     1.534E+05     1.000E+01
1.60E-01     1.544E+05     1.000E+01
1.80E-01     1.564E+05     1.000E+01
2.00E-01     1.584E+05     1.000E+01
2.50E-01     1.636E+05     1.000E+01
3.00E-01     1.686E+05     1.000E+01
3.50E-01     1.731E+05     1.000E+01
4.00E-01     1.776E+05     1.000E+01
4.50E-01     1.815E+05     1.000E+01
5.00E-01     1.855E+05     1.000E+01
6.00E-01     1.926E+05     1.000E+01
7.00E-01     1.992E+05     1.000E+01
8.00E-01     2.053E+05     1.000E+01
9.00E-01     2.111E+05     1.000E+01
1.00E+00     2.167E+05     1.000E+01
1.25E+00     2.286E+05     1.000E+01
1.50E+00     2.406E+05     1.000E+01
1.75E+00     2.503E+05     1.000E+01
2.00E+00     2.600E+05     1.000E+01
2.50E+00     2.765E+05     1.000E+01
3.00E+00     2.910E+05     1.000E+01
3.50E+00     3.041E+05     1.000E+01
4.00E+00     3.163E+05     1.000E+01
5.00E+00     3.388E+05     1.000E+01
6.00E+00     3.595E+05     1.000E+01
7.00E+00     3.775E+05     1.000E+01
8.00E+00     3.892E+05     1.000E+01
9.00E+00     3.873E+05     1.000E+01
1.00E+01     3.633E+05     1.000E+01
