5      he4 ar33    p  k36                  taly      3.16900E+00      
1.00E-03     0.000E+00     1.000E+00
2.00E-03     0.000E+00     1.000E+00
3.00E-03     0.000E+00     1.000E+00
4.00E-03     0.000E+00     1.000E+00
5.00E-03     0.000E+00     1.000E+00
6.00E-03     0.000E+00     1.000E+00
7.00E-03     0.000E+00     1.000E+00
8.00E-03     0.000E+00     1.000E+00
9.00E-03     0.000E+00     1.000E+00
1.00E-02     0.000E+00     1.000E+00
1.10E-02     0.000E+00     1.000E+00
1.20E-02     0.000E+00     1.000E+00
1.30E-02     0.000E+00     1.000E+00
1.40E-02     0.000E+00     1.000E+00
1.50E-02     0.000E+00     1.000E+00
1.60E-02     0.000E+00     1.000E+00
1.80E-02     0.000E+00     1.000E+00
2.00E-02     0.000E+00     1.000E+00
2.50E-02     0.000E+00     1.000E+00
3.00E-02     0.000E+00     1.000E+00
4.00E-02     0.000E+00     1.000E+00
5.00E-02     0.000E+00     1.000E+00
6.00E-02     4.184E-89     1.000E+01
7.00E-02     1.750E-78     1.000E+01
8.00E-02     7.323E-68     1.000E+01
9.00E-02     3.064E-57     1.000E+01
1.00E-01     1.282E-46     1.000E+01
1.10E-01     1.771E-44     1.000E+01
1.20E-01     2.447E-42     1.000E+01
1.30E-01     3.381E-40     1.000E+01
1.40E-01     4.671E-38     1.000E+01
1.50E-01     6.453E-36     1.000E+01
1.60E-01     8.640E-35     1.000E+01
1.80E-01     1.549E-32     1.000E+01
2.00E-01     2.776E-30     1.000E+01
2.50E-01     1.590E-26     1.000E+01
3.00E-01     1.064E-23     1.000E+01
3.50E-01     1.203E-21     1.000E+01
4.00E-01     1.361E-19     1.000E+01
4.50E-01     3.921E-18     1.000E+01
5.00E-01     1.130E-16     1.000E+01
6.00E-01     1.892E-14     1.000E+01
7.00E-01     1.115E-12     1.000E+01
8.00E-01     3.181E-11     1.000E+01
9.00E-01     5.354E-10     1.000E+01
1.00E+00     6.042E-09     1.000E+01
1.25E+00     4.072E-07     1.000E+01
1.50E+00     2.744E-05     1.000E+01
1.75E+00     3.518E-04     1.000E+01
2.00E+00     4.510E-03     1.000E+01
2.50E+00     1.470E-01     1.000E+01
3.00E+00     1.896E+00     1.000E+01
3.50E+00     1.354E+01     1.000E+01
4.00E+00     6.434E+01     1.000E+01
5.00E+00     6.451E+02     1.000E+01
6.00E+00     3.188E+03     1.000E+01
7.00E+00     9.901E+03     1.000E+01
8.00E+00     2.186E+04     1.000E+01
9.00E+00     3.690E+04     1.000E+01
1.00E+01     5.058E+04     1.000E+01
