5      he4 ar35    p  k38                  taly      8.90000E-01      
1.00E-03     0.000E+00     1.000E+00
2.00E-03     0.000E+00     1.000E+00
3.00E-03     0.000E+00     1.000E+00
4.00E-03     0.000E+00     1.000E+00
5.00E-03     0.000E+00     1.000E+00
6.00E-03     0.000E+00     1.000E+00
7.00E-03     0.000E+00     1.000E+00
8.00E-03     0.000E+00     1.000E+00
9.00E-03     0.000E+00     1.000E+00
1.00E-02     0.000E+00     1.000E+00
1.10E-02     0.000E+00     1.000E+00
1.20E-02     0.000E+00     1.000E+00
1.30E-02     0.000E+00     1.000E+00
1.40E-02     0.000E+00     1.000E+00
1.50E-02     0.000E+00     1.000E+00
1.60E-02     0.000E+00     1.000E+00
1.80E-02     0.000E+00     1.000E+00
2.00E-02     0.000E+00     1.000E+00
2.50E-02     0.000E+00     1.000E+00
3.00E-02     0.000E+00     1.000E+00
4.00E-02     0.000E+00     1.000E+00
5.00E-02     0.000E+00     1.000E+00
6.00E-02     4.616E-89     1.000E+01
7.00E-02     2.131E-78     1.000E+01
8.00E-02     9.838E-68     1.000E+01
9.00E-02     4.542E-57     1.000E+01
1.00E-01     2.097E-46     1.000E+01
1.10E-01     2.923E-44     1.000E+01
1.20E-01     4.075E-42     1.000E+01
1.30E-01     5.682E-40     1.000E+01
1.40E-01     7.921E-38     1.000E+01
1.50E-01     1.104E-35     1.000E+01
1.60E-01     1.483E-34     1.000E+01
1.80E-01     2.674E-32     1.000E+01
2.00E-01     4.823E-30     1.000E+01
2.50E-01     2.772E-26     1.000E+01
3.00E-01     1.858E-23     1.000E+01
3.50E-01     2.088E-21     1.000E+01
4.00E-01     2.347E-19     1.000E+01
4.50E-01     6.653E-18     1.000E+01
5.00E-01     1.886E-16     1.000E+01
6.00E-01     3.039E-14     1.000E+01
7.00E-01     1.733E-12     1.000E+01
8.00E-01     4.818E-11     1.000E+01
9.00E-01     7.950E-10     1.000E+01
1.00E+00     8.850E-09     1.000E+01
1.25E+00     6.057E-07     1.000E+01
1.50E+00     4.146E-05     1.000E+01
1.75E+00     5.759E-04     1.000E+01
2.00E+00     7.999E-03     1.000E+01
2.50E+00     3.240E-01     1.000E+01
3.00E+00     5.224E+00     1.000E+01
3.50E+00     4.581E+01     1.000E+01
4.00E+00     2.613E+02     1.000E+01
5.00E+00     3.546E+03     1.000E+01
6.00E+00     2.249E+04     1.000E+01
7.00E+00     8.787E+04     1.000E+01
8.00E+00     2.455E+05     1.000E+01
9.00E+00     5.307E+05     1.000E+01
1.00E+01     9.221E+05     1.000E+01
