4        n ar31 ar32                       taly      2.15650E+01      
1.00E-03     5.238E+02     1.000E+01
2.00E-03     5.303E+02     1.000E+01
3.00E-03     5.367E+02     1.000E+01
4.00E-03     5.432E+02     1.000E+01
5.00E-03     5.496E+02     1.000E+01
6.00E-03     5.487E+02     1.000E+01
7.00E-03     5.477E+02     1.000E+01
8.00E-03     5.467E+02     1.000E+01
9.00E-03     5.458E+02     1.000E+01
1.00E-02     5.448E+02     1.000E+01
1.10E-02     5.471E+02     1.000E+01
1.20E-02     5.493E+02     1.000E+01
1.30E-02     5.516E+02     1.000E+01
1.40E-02     5.538E+02     1.000E+01
1.50E-02     5.561E+02     1.000E+01
1.60E-02     5.584E+02     1.000E+01
1.80E-02     5.629E+02     1.000E+01
2.00E-02     5.674E+02     1.000E+01
2.50E-02     5.787E+02     1.000E+01
3.00E-02     5.901E+02     1.000E+01
4.00E-02     6.127E+02     1.000E+01
5.00E-02     6.353E+02     1.000E+01
6.00E-02     6.591E+02     1.000E+01
7.00E-02     6.828E+02     1.000E+01
8.00E-02     7.066E+02     1.000E+01
9.00E-02     7.303E+02     1.000E+01
1.00E-01     7.541E+02     1.000E+01
1.10E-01     7.778E+02     1.000E+01
1.20E-01     8.015E+02     1.000E+01
1.30E-01     8.253E+02     1.000E+01
1.40E-01     8.490E+02     1.000E+01
1.50E-01     8.727E+02     1.000E+01
1.60E-01     8.964E+02     1.000E+01
1.80E-01     9.438E+02     1.000E+01
2.00E-01     9.913E+02     1.000E+01
2.50E-01     1.106E+03     1.000E+01
3.00E-01     1.215E+03     1.000E+01
3.50E-01     1.313E+03     1.000E+01
4.00E-01     1.411E+03     1.000E+01
4.50E-01     1.498E+03     1.000E+01
5.00E-01     1.585E+03     1.000E+01
6.00E-01     1.742E+03     1.000E+01
7.00E-01     1.886E+03     1.000E+01
8.00E-01     2.020E+03     1.000E+01
9.00E-01     2.153E+03     1.000E+01
1.00E+00     2.298E+03     1.000E+01
1.25E+00     3.248E+03     1.000E+01
1.50E+00     4.198E+03     1.000E+01
1.75E+00     7.484E+03     1.000E+01
2.00E+00     1.077E+04     1.000E+01
2.50E+00     2.192E+04     1.000E+01
3.00E+00     3.328E+04     1.000E+01
3.50E+00     4.151E+04     1.000E+01
4.00E+00     4.610E+04     1.000E+01
5.00E+00     4.793E+04     1.000E+01
6.00E+00     4.509E+04     1.000E+01
7.00E+00     4.064E+04     1.000E+01
8.00E+00     3.583E+04     1.000E+01
9.00E+00     3.117E+04     1.000E+01
1.00E+01     2.691E+04     1.000E+01
