4        p ar38  k39                       mc13      6.38143E+00      
1.00E-03     0.000E+00     1.000E+00
2.00E-03     0.000E+00     1.000E+00
3.00E-03     0.000E+00     1.000E+00
4.00E-03     0.000E+00     1.000E+00
5.00E-03     0.000E+00     1.000E+00
6.00E-03     0.000E+00     1.000E+00
7.00E-03     0.000E+00     1.000E+00
8.00E-03     0.000E+00     1.000E+00
9.00E-03     0.000E+00     1.000E+00
1.00E-02     3.185E-45     9.816E+00
1.10E-02     5.678E-44     8.688E+00
1.20E-02     9.003E-43     5.789E+00
1.30E-02     3.613E-41     4.293E+00
1.40E-02     2.367E-39     4.735E+00
1.50E-02     1.389E-37     5.003E+00
1.60E-02     5.499E-36     4.865E+00
1.80E-02     2.565E-33     4.402E+00
2.00E-02     3.564E-31     4.067E+00
2.50E-02     2.533E-27     3.684E+00
3.00E-02     9.390E-25     3.572E+00
4.00E-02     1.527E-21     3.043E+00
5.00E-02     2.989E-19     2.466E+00
6.00E-02     2.459E-17     3.287E+00
7.00E-02     9.249E-16     3.908E+00
8.00E-02     1.542E-14     4.039E+00
9.00E-02     1.378E-13     3.924E+00
1.00E-01     8.126E-13     3.600E+00
1.10E-01     3.883E-12     3.124E+00
1.20E-01     1.846E-11     2.726E+00
1.30E-01     8.265E-11     2.601E+00
1.40E-01     3.308E-10     2.726E+00
1.50E-01     1.182E-09     2.962E+00
1.60E-01     3.922E-09     3.187E+00
1.80E-01     3.413E-08     3.391E+00
2.00E-01     2.145E-07     3.304E+00
2.50E-01     8.161E-06     2.841E+00
3.00E-01     1.099E-04     2.601E+00
3.50E-01     7.596E-04     2.463E+00
4.00E-01     3.517E-03     2.310E+00
4.50E-01     1.301E-02     2.143E+00
5.00E-01     4.036E-02     1.985E+00
6.00E-01     2.685E-01     1.742E+00
7.00E-01     1.127E+00     1.595E+00
8.00E-01     3.466E+00     1.506E+00
9.00E-01     8.462E+00     1.448E+00
1.00E+00     1.758E+01     1.405E+00
1.25E+00     6.864E+01     1.328E+00
1.50E+00     1.769E+02     1.270E+00
1.75E+00     3.588E+02     1.225E+00
2.00E+00     6.237E+02     1.188E+00
2.50E+00     1.420E+03     1.137E+00
3.00E+00     2.545E+03     1.106E+00
3.50E+00     3.905E+03     1.089E+00
4.00E+00     5.409E+03     1.089E+00
5.00E+00     8.850E+03     1.089E+00
6.00E+00     1.256E+04     1.089E+00
7.00E+00     1.574E+04     1.089E+00
8.00E+00     1.703E+04     1.089E+00
9.00E+00     1.538E+04     1.089E+00
1.00E+01     1.335E+04     1.089E+00
