4        n ar33 ar34                       taly      1.70650E+01      
1.00E-03     1.158E+04     1.000E+01
2.00E-03     1.167E+04     1.000E+01
3.00E-03     1.176E+04     1.000E+01
4.00E-03     1.186E+04     1.000E+01
5.00E-03     1.195E+04     1.000E+01
6.00E-03     1.189E+04     1.000E+01
7.00E-03     1.182E+04     1.000E+01
8.00E-03     1.176E+04     1.000E+01
9.00E-03     1.170E+04     1.000E+01
1.00E-02     1.163E+04     1.000E+01
1.10E-02     1.164E+04     1.000E+01
1.20E-02     1.164E+04     1.000E+01
1.30E-02     1.165E+04     1.000E+01
1.40E-02     1.165E+04     1.000E+01
1.50E-02     1.166E+04     1.000E+01
1.60E-02     1.166E+04     1.000E+01
1.80E-02     1.167E+04     1.000E+01
2.00E-02     1.169E+04     1.000E+01
2.50E-02     1.171E+04     1.000E+01
3.00E-02     1.174E+04     1.000E+01
4.00E-02     1.179E+04     1.000E+01
5.00E-02     1.185E+04     1.000E+01
6.00E-02     1.195E+04     1.000E+01
7.00E-02     1.206E+04     1.000E+01
8.00E-02     1.216E+04     1.000E+01
9.00E-02     1.227E+04     1.000E+01
1.00E-01     1.237E+04     1.000E+01
1.10E-01     1.249E+04     1.000E+01
1.20E-01     1.260E+04     1.000E+01
1.30E-01     1.272E+04     1.000E+01
1.40E-01     1.283E+04     1.000E+01
1.50E-01     1.295E+04     1.000E+01
1.60E-01     1.307E+04     1.000E+01
1.80E-01     1.332E+04     1.000E+01
2.00E-01     1.357E+04     1.000E+01
2.50E-01     1.418E+04     1.000E+01
3.00E-01     1.476E+04     1.000E+01
3.50E-01     1.528E+04     1.000E+01
4.00E-01     1.581E+04     1.000E+01
4.50E-01     1.626E+04     1.000E+01
5.00E-01     1.671E+04     1.000E+01
6.00E-01     1.752E+04     1.000E+01
7.00E-01     1.826E+04     1.000E+01
8.00E-01     1.895E+04     1.000E+01
9.00E-01     1.958E+04     1.000E+01
1.00E+00     2.017E+04     1.000E+01
1.25E+00     2.136E+04     1.000E+01
1.50E+00     2.255E+04     1.000E+01
1.75E+00     2.339E+04     1.000E+01
2.00E+00     2.423E+04     1.000E+01
2.50E+00     2.540E+04     1.000E+01
3.00E+00     2.615E+04     1.000E+01
3.50E+00     2.655E+04     1.000E+01
4.00E+00     2.663E+04     1.000E+01
5.00E+00     2.605E+04     1.000E+01
6.00E+00     2.473E+04     1.000E+01
7.00E+00     2.281E+04     1.000E+01
8.00E+00     2.029E+04     1.000E+01
9.00E+00     1.725E+04     1.000E+01
1.00E+01     1.407E+04     1.000E+01
