5      he4 ge63    p as66                  taly      2.40000E-01      
1.00E-03     0.000E+00     1.000E+00
2.00E-03     0.000E+00     1.000E+00
3.00E-03     0.000E+00     1.000E+00
4.00E-03     0.000E+00     1.000E+00
5.00E-03     0.000E+00     1.000E+00
6.00E-03     0.000E+00     1.000E+00
7.00E-03     0.000E+00     1.000E+00
8.00E-03     0.000E+00     1.000E+00
9.00E-03     0.000E+00     1.000E+00
1.00E-02     0.000E+00     1.000E+00
1.10E-02     0.000E+00     1.000E+00
1.20E-02     0.000E+00     1.000E+00
1.30E-02     0.000E+00     1.000E+00
1.40E-02     0.000E+00     1.000E+00
1.50E-02     0.000E+00     1.000E+00
1.60E-02     0.000E+00     1.000E+00
1.80E-02     0.000E+00     1.000E+00
2.00E-02     0.000E+00     1.000E+00
2.50E-02     0.000E+00     1.000E+00
3.00E-02     0.000E+00     1.000E+00
4.00E-02     0.000E+00     1.000E+00
5.00E-02     0.000E+00     1.000E+00
6.00E-02     0.000E+00     1.000E+00
7.00E-02     0.000E+00     1.000E+00
8.00E-02     0.000E+00     1.000E+00
9.00E-02     0.000E+00     1.000E+00
1.00E-01     0.000E+00     1.000E+00
1.10E-01     0.000E+00     1.000E+00
1.20E-01     0.000E+00     1.000E+00
1.30E-01     0.000E+00     1.000E+00
1.40E-01     0.000E+00     1.000E+00
1.50E-01     0.000E+00     1.000E+00
1.60E-01     0.000E+00     1.000E+00
1.80E-01     0.000E+00     1.000E+00
2.00E-01     0.000E+00     1.000E+00
2.50E-01     9.106E-47     1.000E+01
3.00E-01     2.429E-41     1.000E+01
3.50E-01     7.363E-38     1.000E+01
4.00E-01     2.231E-34     1.000E+01
4.50E-01     4.189E-32     1.000E+01
5.00E-01     7.866E-30     1.000E+01
6.00E-01     1.812E-26     1.000E+01
7.00E-01     7.746E-24     1.000E+01
8.00E-01     9.979E-22     1.000E+01
9.00E-01     5.292E-20     1.000E+01
1.00E+00     1.464E-18     1.000E+01
1.25E+00     4.305E-16     1.000E+01
1.50E+00     1.266E-13     1.000E+01
1.75E+00     4.760E-12     1.000E+01
2.00E+00     1.789E-10     1.000E+01
2.50E+00     3.334E-08     1.000E+01
3.00E+00     1.774E-06     1.000E+01
3.50E+00     3.886E-05     1.000E+01
4.00E+00     4.399E-04     1.000E+01
5.00E+00     1.453E-02     1.000E+01
6.00E+00     1.528E-01     1.000E+01
7.00E+00     8.095E-01     1.000E+01
8.00E+00     2.778E+00     1.000E+01
9.00E+00     7.134E+00     1.000E+01
1.00E+01     1.492E+01     1.000E+01
