4        n as65 as66                       taly      1.31590E+01      
1.00E-03     3.564E+03     1.000E+01
2.00E-03     3.586E+03     1.000E+01
3.00E-03     3.608E+03     1.000E+01
4.00E-03     3.631E+03     1.000E+01
5.00E-03     3.653E+03     1.000E+01
6.00E-03     3.628E+03     1.000E+01
7.00E-03     3.603E+03     1.000E+01
8.00E-03     3.577E+03     1.000E+01
9.00E-03     3.552E+03     1.000E+01
1.00E-02     3.527E+03     1.000E+01
1.10E-02     3.524E+03     1.000E+01
1.20E-02     3.520E+03     1.000E+01
1.30E-02     3.516E+03     1.000E+01
1.40E-02     3.513E+03     1.000E+01
1.50E-02     3.509E+03     1.000E+01
1.60E-02     3.506E+03     1.000E+01
1.80E-02     3.498E+03     1.000E+01
2.00E-02     3.491E+03     1.000E+01
2.50E-02     3.473E+03     1.000E+01
3.00E-02     3.455E+03     1.000E+01
4.00E-02     3.419E+03     1.000E+01
5.00E-02     3.383E+03     1.000E+01
6.00E-02     3.367E+03     1.000E+01
7.00E-02     3.352E+03     1.000E+01
8.00E-02     3.336E+03     1.000E+01
9.00E-02     3.321E+03     1.000E+01
1.00E-01     3.305E+03     1.000E+01
1.10E-01     3.294E+03     1.000E+01
1.20E-01     3.284E+03     1.000E+01
1.30E-01     3.273E+03     1.000E+01
1.40E-01     3.263E+03     1.000E+01
1.50E-01     3.252E+03     1.000E+01
1.60E-01     3.245E+03     1.000E+01
1.80E-01     3.231E+03     1.000E+01
2.00E-01     3.217E+03     1.000E+01
2.50E-01     3.191E+03     1.000E+01
3.00E-01     3.168E+03     1.000E+01
3.50E-01     3.145E+03     1.000E+01
4.00E-01     3.122E+03     1.000E+01
4.50E-01     3.099E+03     1.000E+01
5.00E-01     3.076E+03     1.000E+01
6.00E-01     3.033E+03     1.000E+01
7.00E-01     2.993E+03     1.000E+01
8.00E-01     2.958E+03     1.000E+01
9.00E-01     2.926E+03     1.000E+01
1.00E+00     2.899E+03     1.000E+01
1.25E+00     2.849E+03     1.000E+01
1.50E+00     2.800E+03     1.000E+01
1.75E+00     2.770E+03     1.000E+01
2.00E+00     2.740E+03     1.000E+01
2.50E+00     2.698E+03     1.000E+01
3.00E+00     2.654E+03     1.000E+01
3.50E+00     2.546E+03     1.000E+01
4.00E+00     2.197E+03     1.000E+01
5.00E+00     8.767E+02     1.000E+01
6.00E+00     2.943E+02     1.000E+01
7.00E+00     1.410E+02     1.000E+01
8.00E+00     8.592E+01     1.000E+01
9.00E+00     5.844E+01     1.000E+01
1.00E+01     4.165E+01     1.000E+01
