4        p as65 se66                       taly      1.72000E+00      
1.00E-03     0.000E+00     1.000E+00
2.00E-03     0.000E+00     1.000E+00
3.00E-03     0.000E+00     1.000E+00
4.00E-03     0.000E+00     1.000E+00
5.00E-03     0.000E+00     1.000E+00
6.00E-03     0.000E+00     1.000E+00
7.00E-03     0.000E+00     1.000E+00
8.00E-03     0.000E+00     1.000E+00
9.00E-03     0.000E+00     1.000E+00
1.00E-02     0.000E+00     1.000E+00
1.10E-02     4.107E-98     1.000E+01
1.20E-02     1.687E-96     1.000E+01
1.30E-02     6.928E-95     1.000E+01
1.40E-02     2.845E-93     1.000E+01
1.50E-02     1.169E-91     1.000E+01
1.60E-02     4.800E-90     1.000E+01
1.80E-02     8.097E-87     1.000E+01
2.00E-02     1.366E-83     1.000E+01
2.50E-02     1.596E-75     1.000E+01
3.00E-02     1.865E-67     1.000E+01
4.00E-02     2.548E-51     1.000E+01
5.00E-02     3.480E-35     1.000E+01
6.00E-02     6.390E-33     1.000E+01
7.00E-02     1.173E-30     1.000E+01
8.00E-02     2.154E-28     1.000E+01
9.00E-02     3.956E-26     1.000E+01
1.00E-01     7.264E-24     1.000E+01
1.10E-01     7.405E-23     1.000E+01
1.20E-01     7.550E-22     1.000E+01
1.30E-01     7.697E-21     1.000E+01
1.40E-01     7.848E-20     1.000E+01
1.50E-01     8.001E-19     1.000E+01
1.60E-01     3.443E-18     1.000E+01
1.80E-01     6.375E-17     1.000E+01
2.00E-01     1.181E-15     1.000E+01
2.50E-01     2.102E-13     1.000E+01
3.00E-01     1.088E-11     1.000E+01
3.50E-01     1.907E-10     1.000E+01
4.00E-01     3.346E-09     1.000E+01
4.50E-01     2.512E-08     1.000E+01
5.00E-01     1.886E-07     1.000E+01
6.00E-01     3.863E-06     1.000E+01
7.00E-01     4.056E-05     1.000E+01
8.00E-01     2.665E-04     1.000E+01
9.00E-01     1.244E-03     1.000E+01
1.00E+00     4.492E-03     1.000E+01
1.25E+00     3.596E-02     1.000E+01
1.50E+00     2.879E-01     1.000E+01
1.75E+00     9.096E-01     1.000E+01
2.00E+00     2.874E+00     1.000E+01
2.50E+00     1.281E+01     1.000E+01
3.00E+00     3.746E+01     1.000E+01
3.50E+00     8.321E+01     1.000E+01
4.00E+00     1.402E+02     1.000E+01
5.00E+00     1.449E+02     1.000E+01
6.00E+00     8.419E+01     1.000E+01
7.00E+00     5.411E+01     1.000E+01
8.00E+00     4.072E+01     1.000E+01
9.00E+00     3.430E+01     1.000E+01
1.00E+01     3.102E+01     1.000E+01
