4      he4 as67 br71                       taly      2.34000E+00      
1.00E-03     0.000E+00     1.000E+00
2.00E-03     0.000E+00     1.000E+00
3.00E-03     0.000E+00     1.000E+00
4.00E-03     0.000E+00     1.000E+00
5.00E-03     0.000E+00     1.000E+00
6.00E-03     0.000E+00     1.000E+00
7.00E-03     0.000E+00     1.000E+00
8.00E-03     0.000E+00     1.000E+00
9.00E-03     0.000E+00     1.000E+00
1.00E-02     0.000E+00     1.000E+00
1.10E-02     0.000E+00     1.000E+00
1.20E-02     0.000E+00     1.000E+00
1.30E-02     0.000E+00     1.000E+00
1.40E-02     0.000E+00     1.000E+00
1.50E-02     0.000E+00     1.000E+00
1.60E-02     0.000E+00     1.000E+00
1.80E-02     0.000E+00     1.000E+00
2.00E-02     0.000E+00     1.000E+00
2.50E-02     0.000E+00     1.000E+00
3.00E-02     0.000E+00     1.000E+00
4.00E-02     0.000E+00     1.000E+00
5.00E-02     0.000E+00     1.000E+00
6.00E-02     0.000E+00     1.000E+00
7.00E-02     0.000E+00     1.000E+00
8.00E-02     0.000E+00     1.000E+00
9.00E-02     0.000E+00     1.000E+00
1.00E-01     0.000E+00     1.000E+00
1.10E-01     0.000E+00     1.000E+00
1.20E-01     0.000E+00     1.000E+00
1.30E-01     0.000E+00     1.000E+00
1.40E-01     0.000E+00     1.000E+00
1.50E-01     0.000E+00     1.000E+00
1.60E-01     0.000E+00     1.000E+00
1.80E-01     0.000E+00     1.000E+00
2.00E-01     0.000E+00     1.000E+00
2.50E-01     3.779E-48     1.000E+01
3.00E-01     1.120E-42     1.000E+01
3.50E-01     3.394E-39     1.000E+01
4.00E-01     1.029E-35     1.000E+01
4.50E-01     1.786E-33     1.000E+01
5.00E-01     3.099E-31     1.000E+01
6.00E-01     5.899E-28     1.000E+01
7.00E-01     2.158E-25     1.000E+01
8.00E-01     2.611E-23     1.000E+01
9.00E-01     1.432E-21     1.000E+01
1.00E+00     4.351E-20     1.000E+01
1.25E+00     1.557E-17     1.000E+01
1.50E+00     5.569E-15     1.000E+01
1.75E+00     1.924E-13     1.000E+01
2.00E+00     6.650E-12     1.000E+01
2.50E+00     8.727E-10     1.000E+01
3.00E+00     3.467E-08     1.000E+01
3.50E+00     6.622E-07     1.000E+01
4.00E+00     7.627E-06     1.000E+01
5.00E+00     3.486E-04     1.000E+01
6.00E+00     5.812E-03     1.000E+01
7.00E+00     4.503E-02     1.000E+01
8.00E+00     1.575E-01     1.000E+01
9.00E+00     2.574E-01     1.000E+01
1.00E+01     2.851E-01     1.000E+01
