4        p as64 se65                       taly      7.98000E-01      
1.00E-03     0.000E+00     1.000E+00
2.00E-03     0.000E+00     1.000E+00
3.00E-03     0.000E+00     1.000E+00
4.00E-03     0.000E+00     1.000E+00
5.00E-03     0.000E+00     1.000E+00
6.00E-03     0.000E+00     1.000E+00
7.00E-03     0.000E+00     1.000E+00
8.00E-03     0.000E+00     1.000E+00
9.00E-03     0.000E+00     1.000E+00
1.00E-02     0.000E+00     1.000E+00
1.10E-02     4.104E-98     1.000E+01
1.20E-02     1.684E-96     1.000E+01
1.30E-02     6.912E-95     1.000E+01
1.40E-02     2.837E-93     1.000E+01
1.50E-02     1.164E-91     1.000E+01
1.60E-02     4.778E-90     1.000E+01
1.80E-02     8.047E-87     1.000E+01
2.00E-02     1.355E-83     1.000E+01
2.50E-02     1.578E-75     1.000E+01
3.00E-02     1.837E-67     1.000E+01
4.00E-02     2.490E-51     1.000E+01
5.00E-02     3.374E-35     1.000E+01
6.00E-02     6.281E-33     1.000E+01
7.00E-02     1.169E-30     1.000E+01
8.00E-02     2.176E-28     1.000E+01
9.00E-02     4.050E-26     1.000E+01
1.00E-01     7.537E-24     1.000E+01
1.10E-01     7.664E-23     1.000E+01
1.20E-01     7.794E-22     1.000E+01
1.30E-01     7.925E-21     1.000E+01
1.40E-01     8.059E-20     1.000E+01
1.50E-01     8.195E-19     1.000E+01
1.60E-01     3.522E-18     1.000E+01
1.80E-01     6.506E-17     1.000E+01
2.00E-01     1.202E-15     1.000E+01
2.50E-01     2.128E-13     1.000E+01
3.00E-01     1.094E-11     1.000E+01
3.50E-01     1.894E-10     1.000E+01
4.00E-01     3.278E-09     1.000E+01
4.50E-01     2.379E-08     1.000E+01
5.00E-01     1.726E-07     1.000E+01
6.00E-01     3.077E-06     1.000E+01
7.00E-01     2.509E-05     1.000E+01
8.00E-01     1.123E-04     1.000E+01
9.00E-01     3.276E-04     1.000E+01
1.00E+00     7.236E-04     1.000E+01
1.25E+00     2.224E-03     1.000E+01
1.50E+00     6.835E-03     1.000E+01
1.75E+00     1.246E-02     1.000E+01
2.00E+00     2.270E-02     1.000E+01
2.50E+00     4.994E-02     1.000E+01
3.00E+00     8.838E-02     1.000E+01
3.50E+00     1.376E-01     1.000E+01
4.00E+00     1.977E-01     1.000E+01
5.00E+00     3.524E-01     1.000E+01
6.00E+00     5.570E-01     1.000E+01
7.00E+00     8.128E-01     1.000E+01
8.00E+00     1.115E+00     1.000E+01
9.00E+00     1.452E+00     1.000E+01
1.00E+01     1.802E+00     1.000E+01
