5        p as69  he4 ge66                  taly      3.35900E+00      
1.00E-03     0.000E+00     1.000E+00
2.00E-03     0.000E+00     1.000E+00
3.00E-03     0.000E+00     1.000E+00
4.00E-03     0.000E+00     1.000E+00
5.00E-03     0.000E+00     1.000E+00
6.00E-03     0.000E+00     1.000E+00
7.00E-03     0.000E+00     1.000E+00
8.00E-03     0.000E+00     1.000E+00
9.00E-03     0.000E+00     1.000E+00
1.00E-02     0.000E+00     1.000E+00
1.10E-02     3.149E-98     1.000E+01
1.20E-02     9.917E-97     1.000E+01
1.30E-02     3.123E-95     1.000E+01
1.40E-02     9.835E-94     1.000E+01
1.50E-02     3.097E-92     1.000E+01
1.60E-02     9.753E-91     1.000E+01
1.80E-02     9.672E-88     1.000E+01
2.00E-02     9.592E-85     1.000E+01
2.50E-02     2.971E-77     1.000E+01
3.00E-02     9.200E-70     1.000E+01
4.00E-02     8.825E-55     1.000E+01
5.00E-02     8.464E-40     1.000E+01
6.00E-02     9.854E-38     1.000E+01
7.00E-02     1.147E-35     1.000E+01
8.00E-02     1.335E-33     1.000E+01
9.00E-02     1.555E-31     1.000E+01
1.00E-01     1.810E-29     1.000E+01
1.10E-01     1.665E-28     1.000E+01
1.20E-01     1.532E-27     1.000E+01
1.30E-01     1.410E-26     1.000E+01
1.40E-01     1.297E-25     1.000E+01
1.50E-01     1.193E-24     1.000E+01
1.60E-01     5.801E-24     1.000E+01
1.80E-01     1.371E-22     1.000E+01
2.00E-01     3.242E-21     1.000E+01
2.50E-01     1.130E-18     1.000E+01
3.00E-01     1.170E-16     1.000E+01
3.50E-01     3.651E-15     1.000E+01
4.00E-01     1.139E-13     1.000E+01
4.50E-01     1.326E-12     1.000E+01
5.00E-01     1.543E-11     1.000E+01
6.00E-01     7.164E-10     1.000E+01
7.00E-01     1.618E-08     1.000E+01
8.00E-01     2.088E-07     1.000E+01
9.00E-01     1.751E-06     1.000E+01
1.00E+00     1.055E-05     1.000E+01
1.25E+00     2.113E-04     1.000E+01
1.50E+00     4.234E-03     1.000E+01
1.75E+00     2.439E-02     1.000E+01
2.00E+00     1.405E-01     1.000E+01
2.50E+00     1.594E+00     1.000E+01
3.00E+00     1.026E+01     1.000E+01
3.50E+00     4.502E+01     1.000E+01
4.00E+00     1.430E+02     1.000E+01
5.00E+00     6.753E+02     1.000E+01
6.00E+00     1.791E+03     1.000E+01
7.00E+00     3.671E+03     1.000E+01
8.00E+00     6.558E+03     1.000E+01
9.00E+00     1.070E+04     1.000E+01
1.00E+01     1.620E+04     1.000E+01
