5        n as65    p ge65                  taly      1.03230E+01      
1.00E-03     5.656E+08     1.000E+01
2.00E-03     5.694E+08     1.000E+01
3.00E-03     5.731E+08     1.000E+01
4.00E-03     5.769E+08     1.000E+01
5.00E-03     5.807E+08     1.000E+01
6.00E-03     5.769E+08     1.000E+01
7.00E-03     5.730E+08     1.000E+01
8.00E-03     5.692E+08     1.000E+01
9.00E-03     5.655E+08     1.000E+01
1.00E-02     5.617E+08     1.000E+01
1.10E-02     5.614E+08     1.000E+01
1.20E-02     5.610E+08     1.000E+01
1.30E-02     5.606E+08     1.000E+01
1.40E-02     5.603E+08     1.000E+01
1.50E-02     5.599E+08     1.000E+01
1.60E-02     5.595E+08     1.000E+01
1.80E-02     5.588E+08     1.000E+01
2.00E-02     5.581E+08     1.000E+01
2.50E-02     5.563E+08     1.000E+01
3.00E-02     5.545E+08     1.000E+01
4.00E-02     5.509E+08     1.000E+01
5.00E-02     5.473E+08     1.000E+01
6.00E-02     5.469E+08     1.000E+01
7.00E-02     5.464E+08     1.000E+01
8.00E-02     5.460E+08     1.000E+01
9.00E-02     5.456E+08     1.000E+01
1.00E-01     5.451E+08     1.000E+01
1.10E-01     5.455E+08     1.000E+01
1.20E-01     5.459E+08     1.000E+01
1.30E-01     5.463E+08     1.000E+01
1.40E-01     5.467E+08     1.000E+01
1.50E-01     5.470E+08     1.000E+01
1.60E-01     5.480E+08     1.000E+01
1.80E-01     5.500E+08     1.000E+01
2.00E-01     5.519E+08     1.000E+01
2.50E-01     5.582E+08     1.000E+01
3.00E-01     5.646E+08     1.000E+01
3.50E-01     5.706E+08     1.000E+01
4.00E-01     5.766E+08     1.000E+01
4.50E-01     5.820E+08     1.000E+01
5.00E-01     5.875E+08     1.000E+01
6.00E-01     5.983E+08     1.000E+01
7.00E-01     6.091E+08     1.000E+01
8.00E-01     6.202E+08     1.000E+01
9.00E-01     6.316E+08     1.000E+01
1.00E+00     6.430E+08     1.000E+01
1.25E+00     6.711E+08     1.000E+01
1.50E+00     7.004E+08     1.000E+01
1.75E+00     7.268E+08     1.000E+01
2.00E+00     7.543E+08     1.000E+01
2.50E+00     8.019E+08     1.000E+01
3.00E+00     8.394E+08     1.000E+01
3.50E+00     8.447E+08     1.000E+01
4.00E+00     7.496E+08     1.000E+01
5.00E+00     2.817E+08     1.000E+01
6.00E+00     7.088E+07     1.000E+01
7.00E+00     2.190E+07     1.000E+01
8.00E+00     8.596E+06     1.000E+01
9.00E+00     4.043E+06     1.000E+01
1.00E+01     2.158E+06     1.000E+01
