5        n as64  he4 ga61                  taly      1.31290E+01      
1.00E-03     1.383E+05     1.000E+01
2.00E-03     1.392E+05     1.000E+01
3.00E-03     1.401E+05     1.000E+01
4.00E-03     1.410E+05     1.000E+01
5.00E-03     1.419E+05     1.000E+01
6.00E-03     1.410E+05     1.000E+01
7.00E-03     1.400E+05     1.000E+01
8.00E-03     1.391E+05     1.000E+01
9.00E-03     1.382E+05     1.000E+01
1.00E-02     1.372E+05     1.000E+01
1.10E-02     1.371E+05     1.000E+01
1.20E-02     1.370E+05     1.000E+01
1.30E-02     1.369E+05     1.000E+01
1.40E-02     1.368E+05     1.000E+01
1.50E-02     1.367E+05     1.000E+01
1.60E-02     1.366E+05     1.000E+01
1.80E-02     1.364E+05     1.000E+01
2.00E-02     1.362E+05     1.000E+01
2.50E-02     1.357E+05     1.000E+01
3.00E-02     1.352E+05     1.000E+01
4.00E-02     1.343E+05     1.000E+01
5.00E-02     1.333E+05     1.000E+01
6.00E-02     1.331E+05     1.000E+01
7.00E-02     1.329E+05     1.000E+01
8.00E-02     1.327E+05     1.000E+01
9.00E-02     1.325E+05     1.000E+01
1.00E-01     1.323E+05     1.000E+01
1.10E-01     1.323E+05     1.000E+01
1.20E-01     1.323E+05     1.000E+01
1.30E-01     1.322E+05     1.000E+01
1.40E-01     1.322E+05     1.000E+01
1.50E-01     1.322E+05     1.000E+01
1.60E-01     1.324E+05     1.000E+01
1.80E-01     1.326E+05     1.000E+01
2.00E-01     1.329E+05     1.000E+01
2.50E-01     1.339E+05     1.000E+01
3.00E-01     1.350E+05     1.000E+01
3.50E-01     1.359E+05     1.000E+01
4.00E-01     1.368E+05     1.000E+01
4.50E-01     1.369E+05     1.000E+01
5.00E-01     1.370E+05     1.000E+01
6.00E-01     1.316E+05     1.000E+01
7.00E-01     1.154E+05     1.000E+01
8.00E-01     9.112E+04     1.000E+01
9.00E-01     6.945E+04     1.000E+01
1.00E+00     5.717E+04     1.000E+01
1.25E+00     7.180E+04     1.000E+01
1.50E+00     9.019E+04     1.000E+01
1.75E+00     1.188E+05     1.000E+01
2.00E+00     1.564E+05     1.000E+01
2.50E+00     2.073E+05     1.000E+01
3.00E+00     2.386E+05     1.000E+01
3.50E+00     2.543E+05     1.000E+01
4.00E+00     2.589E+05     1.000E+01
5.00E+00     2.484E+05     1.000E+01
6.00E+00     2.248E+05     1.000E+01
7.00E+00     1.963E+05     1.000E+01
8.00E+00     1.668E+05     1.000E+01
9.00E+00     1.380E+05     1.000E+01
1.00E+01     1.112E+05     1.000E+01
