4        p as69 se70                       taly      6.10700E+00      
1.00E-03     0.000E+00     1.000E+00
2.00E-03     0.000E+00     1.000E+00
3.00E-03     0.000E+00     1.000E+00
4.00E-03     0.000E+00     1.000E+00
5.00E-03     0.000E+00     1.000E+00
6.00E-03     0.000E+00     1.000E+00
7.00E-03     0.000E+00     1.000E+00
8.00E-03     0.000E+00     1.000E+00
9.00E-03     0.000E+00     1.000E+00
1.00E-02     0.000E+00     1.000E+00
1.10E-02     4.120E-98     1.000E+01
1.20E-02     1.697E-96     1.000E+01
1.30E-02     6.991E-95     1.000E+01
1.40E-02     2.880E-93     1.000E+01
1.50E-02     1.186E-91     1.000E+01
1.60E-02     4.888E-90     1.000E+01
1.80E-02     8.294E-87     1.000E+01
2.00E-02     1.408E-83     1.000E+01
2.50E-02     1.670E-75     1.000E+01
3.00E-02     1.981E-67     1.000E+01
4.00E-02     2.789E-51     1.000E+01
5.00E-02     3.926E-35     1.000E+01
6.00E-02     7.344E-33     1.000E+01
7.00E-02     1.374E-30     1.000E+01
8.00E-02     2.571E-28     1.000E+01
9.00E-02     4.810E-26     1.000E+01
1.00E-01     8.998E-24     1.000E+01
1.10E-01     9.196E-23     1.000E+01
1.20E-01     9.399E-22     1.000E+01
1.30E-01     9.606E-21     1.000E+01
1.40E-01     9.818E-20     1.000E+01
1.50E-01     1.003E-18     1.000E+01
1.60E-01     4.335E-18     1.000E+01
1.80E-01     8.092E-17     1.000E+01
2.00E-01     1.510E-15     1.000E+01
2.50E-01     2.748E-13     1.000E+01
3.00E-01     1.449E-11     1.000E+01
3.50E-01     2.587E-10     1.000E+01
4.00E-01     4.620E-09     1.000E+01
4.50E-01     3.566E-08     1.000E+01
5.00E-01     2.753E-07     1.000E+01
6.00E-01     6.148E-06     1.000E+01
7.00E-01     7.257E-05     1.000E+01
8.00E-01     5.475E-04     1.000E+01
9.00E-01     2.961E-03     1.000E+01
1.00E+00     1.238E-02     1.000E+01
1.25E+00     1.331E-01     1.000E+01
1.50E+00     1.432E+00     1.000E+01
1.75E+00     5.367E+00     1.000E+01
2.00E+00     2.012E+01     1.000E+01
2.50E+00     1.060E+02     1.000E+01
3.00E+00     3.234E+02     1.000E+01
3.50E+00     6.818E+02     1.000E+01
4.00E+00     1.072E+03     1.000E+01
5.00E+00     1.434E+03     1.000E+01
6.00E+00     1.343E+03     1.000E+01
7.00E+00     1.182E+03     1.000E+01
8.00E+00     1.054E+03     1.000E+01
9.00E+00     9.585E+02     1.000E+01
1.00E+01     8.834E+02     1.000E+01
