4      he4 as68 br72                       taly      2.59700E+00      
1.00E-03     0.000E+00     1.000E+00
2.00E-03     0.000E+00     1.000E+00
3.00E-03     0.000E+00     1.000E+00
4.00E-03     0.000E+00     1.000E+00
5.00E-03     0.000E+00     1.000E+00
6.00E-03     0.000E+00     1.000E+00
7.00E-03     0.000E+00     1.000E+00
8.00E-03     0.000E+00     1.000E+00
9.00E-03     0.000E+00     1.000E+00
1.00E-02     0.000E+00     1.000E+00
1.10E-02     0.000E+00     1.000E+00
1.20E-02     0.000E+00     1.000E+00
1.30E-02     0.000E+00     1.000E+00
1.40E-02     0.000E+00     1.000E+00
1.50E-02     0.000E+00     1.000E+00
1.60E-02     0.000E+00     1.000E+00
1.80E-02     0.000E+00     1.000E+00
2.00E-02     0.000E+00     1.000E+00
2.50E-02     0.000E+00     1.000E+00
3.00E-02     0.000E+00     1.000E+00
4.00E-02     0.000E+00     1.000E+00
5.00E-02     0.000E+00     1.000E+00
6.00E-02     0.000E+00     1.000E+00
7.00E-02     0.000E+00     1.000E+00
8.00E-02     0.000E+00     1.000E+00
9.00E-02     0.000E+00     1.000E+00
1.00E-01     0.000E+00     1.000E+00
1.10E-01     0.000E+00     1.000E+00
1.20E-01     0.000E+00     1.000E+00
1.30E-01     0.000E+00     1.000E+00
1.40E-01     0.000E+00     1.000E+00
1.50E-01     0.000E+00     1.000E+00
1.60E-01     0.000E+00     1.000E+00
1.80E-01     0.000E+00     1.000E+00
2.00E-01     0.000E+00     1.000E+00
2.50E-01     5.707E-48     1.000E+01
3.00E-01     1.762E-42     1.000E+01
3.50E-01     5.721E-39     1.000E+01
4.00E-01     1.858E-35     1.000E+01
4.50E-01     3.636E-33     1.000E+01
5.00E-01     7.119E-31     1.000E+01
6.00E-01     1.754E-27     1.000E+01
7.00E-01     7.818E-25     1.000E+01
8.00E-01     1.066E-22     1.000E+01
9.00E-01     6.187E-21     1.000E+01
1.00E+00     1.913E-19     1.000E+01
1.25E+00     7.065E-17     1.000E+01
1.50E+00     2.609E-14     1.000E+01
1.75E+00     1.107E-12     1.000E+01
2.00E+00     4.694E-11     1.000E+01
2.50E+00     9.893E-09     1.000E+01
3.00E+00     5.685E-07     1.000E+01
3.50E+00     1.372E-05     1.000E+01
4.00E+00     1.747E-04     1.000E+01
5.00E+00     6.619E-03     1.000E+01
6.00E+00     6.334E-02     1.000E+01
7.00E+00     2.826E-01     1.000E+01
8.00E+00     8.449E-01     1.000E+01
9.00E+00     1.990E+00     1.000E+01
1.00E+01     3.968E+00     1.000E+01
