5      he4 as65    p se68                  taly      2.38800E+00      
1.00E-03     0.000E+00     1.000E+00
2.00E-03     0.000E+00     1.000E+00
3.00E-03     0.000E+00     1.000E+00
4.00E-03     0.000E+00     1.000E+00
5.00E-03     0.000E+00     1.000E+00
6.00E-03     0.000E+00     1.000E+00
7.00E-03     0.000E+00     1.000E+00
8.00E-03     0.000E+00     1.000E+00
9.00E-03     0.000E+00     1.000E+00
1.00E-02     0.000E+00     1.000E+00
1.10E-02     0.000E+00     1.000E+00
1.20E-02     0.000E+00     1.000E+00
1.30E-02     0.000E+00     1.000E+00
1.40E-02     0.000E+00     1.000E+00
1.50E-02     0.000E+00     1.000E+00
1.60E-02     0.000E+00     1.000E+00
1.80E-02     0.000E+00     1.000E+00
2.00E-02     0.000E+00     1.000E+00
2.50E-02     0.000E+00     1.000E+00
3.00E-02     0.000E+00     1.000E+00
4.00E-02     0.000E+00     1.000E+00
5.00E-02     0.000E+00     1.000E+00
6.00E-02     0.000E+00     1.000E+00
7.00E-02     0.000E+00     1.000E+00
8.00E-02     0.000E+00     1.000E+00
9.00E-02     0.000E+00     1.000E+00
1.00E-01     0.000E+00     1.000E+00
1.10E-01     0.000E+00     1.000E+00
1.20E-01     0.000E+00     1.000E+00
1.30E-01     0.000E+00     1.000E+00
1.40E-01     0.000E+00     1.000E+00
1.50E-01     0.000E+00     1.000E+00
1.60E-01     0.000E+00     1.000E+00
1.80E-01     0.000E+00     1.000E+00
2.00E-01     0.000E+00     1.000E+00
2.50E-01     7.342E-48     1.000E+01
3.00E-01     2.247E-42     1.000E+01
3.50E-01     7.170E-39     1.000E+01
4.00E-01     2.289E-35     1.000E+01
4.50E-01     4.341E-33     1.000E+01
5.00E-01     8.234E-31     1.000E+01
6.00E-01     2.004E-27     1.000E+01
7.00E-01     9.741E-25     1.000E+01
8.00E-01     1.578E-22     1.000E+01
9.00E-01     1.156E-20     1.000E+01
1.00E+00     4.671E-19     1.000E+01
1.25E+00     3.189E-16     1.000E+01
1.50E+00     2.177E-13     1.000E+01
1.75E+00     1.334E-11     1.000E+01
2.00E+00     8.173E-10     1.000E+01
2.50E+00     2.828E-07     1.000E+01
3.00E+00     2.293E-05     1.000E+01
3.50E+00     6.836E-04     1.000E+01
4.00E+00     9.184E-03     1.000E+01
5.00E+00     2.151E-01     1.000E+01
6.00E+00     1.222E+00     1.000E+01
7.00E+00     4.853E+00     1.000E+01
8.00E+00     1.621E+01     1.000E+01
9.00E+00     4.527E+01     1.000E+01
1.00E+01     1.058E+02     1.000E+01
