4        p  b11  c12                       nacr      1.59569E+01      
1.00E-03     0.000E+00     1.000E+00
2.00E-03     0.000E+00     1.000E+00
3.00E-03     0.000E+00     1.000E+00
4.00E-03     1.433E-24     1.165E+00
5.00E-03     2.887E-22     1.164E+00
6.00E-03     1.592E-20     1.162E+00
7.00E-03     4.230E-19     1.165E+00
8.00E-03     6.153E-18     1.165E+00
9.00E-03     5.822E-17     1.164E+00
1.00E-02     4.028E-16     1.164E+00
1.10E-02     2.190E-15     1.165E+00
1.20E-02     9.780E-15     1.166E+00
1.30E-02     3.727E-14     1.165E+00
1.40E-02     1.246E-13     1.164E+00
1.50E-02     3.727E-13     1.165E+00
1.60E-02     1.013E-12     1.165E+00
1.80E-02     5.955E-12     1.165E+00
2.00E-02     2.734E-11     1.163E+00
2.50E-02     5.753E-10     1.165E+00
3.00E-02     5.857E-09     1.164E+00
4.00E-02     1.700E-07     1.165E+00
5.00E-02     1.863E-06     1.165E+00
6.00E-02     1.157E-05     1.167E+00
7.00E-02     5.456E-05     1.166E+00
8.00E-02     2.682E-04     1.171E+00
9.00E-02     1.452E-03     1.171E+00
1.00E-01     7.018E-03     1.176E+00
1.10E-01     2.739E-02     1.176E+00
1.20E-01     8.676E-02     1.176E+00
1.30E-01     2.309E-01     1.178E+00
1.40E-01     5.319E-01     1.177E+00
1.50E-01     1.094E+00     1.180E+00
1.60E-01     2.038E+00     1.178E+00
1.80E-01     5.689E+00     1.178E+00
2.00E-01     1.273E+01     1.179E+00
2.50E-01     5.181E+01     1.177E+00
3.00E-01     1.258E+02     1.176E+00
3.50E-01     2.295E+02     1.177E+00
4.00E-01     3.508E+02     1.177E+00
4.50E-01     4.801E+02     1.177E+00
5.00E-01     6.094E+02     1.177E+00
6.00E-01     8.569E+02     1.179E+00
7.00E-01     1.080E+03     1.176E+00
8.00E-01     1.293E+03     1.176E+00
9.00E-01     1.511E+03     1.171E+00
1.00E+00     1.749E+03     1.166E+00
1.25E+00     2.445E+03     1.153E+00
1.50E+00     3.305E+03     1.144E+00
1.75E+00     4.276E+03     1.134E+00
2.00E+00     5.306E+03     1.129E+00
2.50E+00     7.396E+03     1.122E+00
3.00E+00     9.380E+03     1.119E+00
3.50E+00     1.113E+04     1.114E+00
4.00E+00     1.274E+04     1.116E+00
5.00E+00     1.538E+04     1.110E+00
6.00E+00     1.756E+04     1.109E+00
7.00E+00     1.966E+04     1.109E+00
8.00E+00     2.176E+04     1.110E+00
9.00E+00     2.423E+04     1.109E+00
1.00E+01     2.712E+04     1.106E+00
