5        n br68    p se68                  taly      1.65300E+01      
1.00E-03     1.664E+07     1.000E+01
2.00E-03     1.676E+07     1.000E+01
3.00E-03     1.689E+07     1.000E+01
4.00E-03     1.701E+07     1.000E+01
5.00E-03     1.713E+07     1.000E+01
6.00E-03     1.703E+07     1.000E+01
7.00E-03     1.692E+07     1.000E+01
8.00E-03     1.682E+07     1.000E+01
9.00E-03     1.671E+07     1.000E+01
1.00E-02     1.661E+07     1.000E+01
1.10E-02     1.660E+07     1.000E+01
1.20E-02     1.660E+07     1.000E+01
1.30E-02     1.659E+07     1.000E+01
1.40E-02     1.659E+07     1.000E+01
1.50E-02     1.658E+07     1.000E+01
1.60E-02     1.658E+07     1.000E+01
1.80E-02     1.657E+07     1.000E+01
2.00E-02     1.656E+07     1.000E+01
2.50E-02     1.653E+07     1.000E+01
3.00E-02     1.651E+07     1.000E+01
4.00E-02     1.646E+07     1.000E+01
5.00E-02     1.641E+07     1.000E+01
6.00E-02     1.644E+07     1.000E+01
7.00E-02     1.648E+07     1.000E+01
8.00E-02     1.651E+07     1.000E+01
9.00E-02     1.654E+07     1.000E+01
1.00E-01     1.658E+07     1.000E+01
1.10E-01     1.663E+07     1.000E+01
1.20E-01     1.668E+07     1.000E+01
1.30E-01     1.674E+07     1.000E+01
1.40E-01     1.679E+07     1.000E+01
1.50E-01     1.684E+07     1.000E+01
1.60E-01     1.691E+07     1.000E+01
1.80E-01     1.705E+07     1.000E+01
2.00E-01     1.719E+07     1.000E+01
2.50E-01     1.757E+07     1.000E+01
3.00E-01     1.793E+07     1.000E+01
3.50E-01     1.825E+07     1.000E+01
4.00E-01     1.857E+07     1.000E+01
4.50E-01     1.871E+07     1.000E+01
5.00E-01     1.884E+07     1.000E+01
6.00E-01     1.796E+07     1.000E+01
7.00E-01     1.522E+07     1.000E+01
8.00E-01     1.137E+07     1.000E+01
9.00E-01     7.909E+06     1.000E+01
1.00E+00     5.469E+06     1.000E+01
1.25E+00     2.892E+06     1.000E+01
1.50E+00     1.529E+06     1.000E+01
1.75E+00     1.142E+06     1.000E+01
2.00E+00     8.534E+05     1.000E+01
2.50E+00     6.089E+05     1.000E+01
3.00E+00     4.753E+05     1.000E+01
3.50E+00     3.867E+05     1.000E+01
4.00E+00     3.220E+05     1.000E+01
5.00E+00     2.322E+05     1.000E+01
6.00E+00     1.723E+05     1.000E+01
7.00E+00     1.290E+05     1.000E+01
8.00E+00     9.624E+04     1.000E+01
9.00E+00     7.070E+04     1.000E+01
1.00E+01     5.065E+04     1.000E+01
