4        p br73 kr74                       taly      5.97300E+00      
1.00E-03     0.000E+00     1.000E+00
2.00E-03     0.000E+00     1.000E+00
3.00E-03     0.000E+00     1.000E+00
4.00E-03     0.000E+00     1.000E+00
5.00E-03     0.000E+00     1.000E+00
6.00E-03     0.000E+00     1.000E+00
7.00E-03     0.000E+00     1.000E+00
8.00E-03     0.000E+00     1.000E+00
9.00E-03     0.000E+00     1.000E+00
1.00E-02     0.000E+00     1.000E+00
1.10E-02     3.573E-98     1.000E+01
1.20E-02     1.276E-96     1.000E+01
1.30E-02     4.561E-95     1.000E+01
1.40E-02     1.629E-93     1.000E+01
1.50E-02     5.822E-92     1.000E+01
1.60E-02     2.080E-90     1.000E+01
1.80E-02     2.655E-87     1.000E+01
2.00E-02     3.389E-84     1.000E+01
2.50E-02     1.973E-76     1.000E+01
3.00E-02     1.149E-68     1.000E+01
4.00E-02     3.893E-53     1.000E+01
5.00E-02     1.319E-37     1.000E+01
6.00E-02     4.038E-35     1.000E+01
7.00E-02     1.236E-32     1.000E+01
8.00E-02     3.784E-30     1.000E+01
9.00E-02     1.158E-27     1.000E+01
1.00E-01     3.546E-25     1.000E+01
1.10E-01     4.383E-24     1.000E+01
1.20E-01     5.418E-23     1.000E+01
1.30E-01     6.698E-22     1.000E+01
1.40E-01     8.279E-21     1.000E+01
1.50E-01     1.023E-19     1.000E+01
1.60E-01     5.119E-19     1.000E+01
1.80E-01     1.281E-17     1.000E+01
2.00E-01     3.205E-16     1.000E+01
2.50E-01     6.769E-14     1.000E+01
3.00E-01     3.580E-12     1.000E+01
3.50E-01     6.422E-11     1.000E+01
4.00E-01     1.152E-09     1.000E+01
4.50E-01     9.129E-09     1.000E+01
5.00E-01     7.232E-08     1.000E+01
6.00E-01     1.739E-06     1.000E+01
7.00E-01     2.233E-05     1.000E+01
8.00E-01     1.846E-04     1.000E+01
9.00E-01     1.099E-03     1.000E+01
1.00E+00     5.076E-03     1.000E+01
1.25E+00     7.007E-02     1.000E+01
1.50E+00     9.673E-01     1.000E+01
1.75E+00     4.477E+00     1.000E+01
2.00E+00     2.072E+01     1.000E+01
2.50E+00     1.549E+02     1.000E+01
3.00E+00     6.490E+02     1.000E+01
3.50E+00     1.892E+03     1.000E+01
4.00E+00     4.183E+03     1.000E+01
5.00E+00     9.567E+03     1.000E+01
6.00E+00     1.071E+04     1.000E+01
7.00E+00     9.651E+03     1.000E+01
8.00E+00     8.590E+03     1.000E+01
9.00E+00     7.836E+03     1.000E+01
1.00E+01     7.311E+03     1.000E+01
