5        n br69  he4 as66                  taly      1.15560E+01      
1.00E-03     2.412E+06     1.000E+01
2.00E-03     2.430E+06     1.000E+01
3.00E-03     2.448E+06     1.000E+01
4.00E-03     2.466E+06     1.000E+01
5.00E-03     2.484E+06     1.000E+01
6.00E-03     2.469E+06     1.000E+01
7.00E-03     2.455E+06     1.000E+01
8.00E-03     2.440E+06     1.000E+01
9.00E-03     2.425E+06     1.000E+01
1.00E-02     2.411E+06     1.000E+01
1.10E-02     2.411E+06     1.000E+01
1.20E-02     2.410E+06     1.000E+01
1.30E-02     2.410E+06     1.000E+01
1.40E-02     2.410E+06     1.000E+01
1.50E-02     2.410E+06     1.000E+01
1.60E-02     2.409E+06     1.000E+01
1.80E-02     2.409E+06     1.000E+01
2.00E-02     2.408E+06     1.000E+01
2.50E-02     2.407E+06     1.000E+01
3.00E-02     2.406E+06     1.000E+01
4.00E-02     2.403E+06     1.000E+01
5.00E-02     2.400E+06     1.000E+01
6.00E-02     2.410E+06     1.000E+01
7.00E-02     2.419E+06     1.000E+01
8.00E-02     2.428E+06     1.000E+01
9.00E-02     2.437E+06     1.000E+01
1.00E-01     2.446E+06     1.000E+01
1.10E-01     2.459E+06     1.000E+01
1.20E-01     2.471E+06     1.000E+01
1.30E-01     2.483E+06     1.000E+01
1.40E-01     2.495E+06     1.000E+01
1.50E-01     2.508E+06     1.000E+01
1.60E-01     2.522E+06     1.000E+01
1.80E-01     2.551E+06     1.000E+01
2.00E-01     2.581E+06     1.000E+01
2.50E-01     2.659E+06     1.000E+01
3.00E-01     2.735E+06     1.000E+01
3.50E-01     2.805E+06     1.000E+01
4.00E-01     2.877E+06     1.000E+01
4.50E-01     2.942E+06     1.000E+01
5.00E-01     3.008E+06     1.000E+01
6.00E-01     3.133E+06     1.000E+01
7.00E-01     3.254E+06     1.000E+01
8.00E-01     3.372E+06     1.000E+01
9.00E-01     3.487E+06     1.000E+01
1.00E+00     3.599E+06     1.000E+01
1.25E+00     3.846E+06     1.000E+01
1.50E+00     4.110E+06     1.000E+01
1.75E+00     4.318E+06     1.000E+01
2.00E+00     4.537E+06     1.000E+01
2.50E+00     4.885E+06     1.000E+01
3.00E+00     5.162E+06     1.000E+01
3.50E+00     5.381E+06     1.000E+01
4.00E+00     5.539E+06     1.000E+01
5.00E+00     5.340E+06     1.000E+01
6.00E+00     3.776E+06     1.000E+01
7.00E+00     2.206E+06     1.000E+01
8.00E+00     1.339E+06     1.000E+01
9.00E+00     8.597E+05     1.000E+01
1.00E+01     5.659E+05     1.000E+01
