5      he4 br71    p kr74                  taly      9.66000E-01      
1.00E-03     0.000E+00     1.000E+00
2.00E-03     0.000E+00     1.000E+00
3.00E-03     0.000E+00     1.000E+00
4.00E-03     0.000E+00     1.000E+00
5.00E-03     0.000E+00     1.000E+00
6.00E-03     0.000E+00     1.000E+00
7.00E-03     0.000E+00     1.000E+00
8.00E-03     0.000E+00     1.000E+00
9.00E-03     0.000E+00     1.000E+00
1.00E-02     0.000E+00     1.000E+00
1.10E-02     0.000E+00     1.000E+00
1.20E-02     0.000E+00     1.000E+00
1.30E-02     0.000E+00     1.000E+00
1.40E-02     0.000E+00     1.000E+00
1.50E-02     0.000E+00     1.000E+00
1.60E-02     0.000E+00     1.000E+00
1.80E-02     0.000E+00     1.000E+00
2.00E-02     0.000E+00     1.000E+00
2.50E-02     0.000E+00     1.000E+00
3.00E-02     0.000E+00     1.000E+00
4.00E-02     0.000E+00     1.000E+00
5.00E-02     0.000E+00     1.000E+00
6.00E-02     0.000E+00     1.000E+00
7.00E-02     0.000E+00     1.000E+00
8.00E-02     0.000E+00     1.000E+00
9.00E-02     0.000E+00     1.000E+00
1.00E-01     0.000E+00     1.000E+00
1.10E-01     0.000E+00     1.000E+00
1.20E-01     0.000E+00     1.000E+00
1.30E-01     0.000E+00     1.000E+00
1.40E-01     0.000E+00     1.000E+00
1.50E-01     0.000E+00     1.000E+00
1.60E-01     0.000E+00     1.000E+00
1.80E-01     0.000E+00     1.000E+00
2.00E-01     0.000E+00     1.000E+00
2.50E-01     0.000E+00     1.000E+00
3.00E-01     2.312E-45     1.000E+01
3.50E-01     1.860E-41     1.000E+01
4.00E-01     1.495E-37     1.000E+01
4.50E-01     4.501E-35     1.000E+01
5.00E-01     1.355E-32     1.000E+01
6.00E-01     5.657E-29     1.000E+01
7.00E-01     4.188E-26     1.000E+01
8.00E-01     9.680E-24     1.000E+01
9.00E-01     9.541E-22     1.000E+01
1.00E+00     4.955E-20     1.000E+01
1.25E+00     5.175E-17     1.000E+01
1.50E+00     5.405E-14     1.000E+01
1.75E+00     3.834E-12     1.000E+01
2.00E+00     2.719E-10     1.000E+01
2.50E+00     9.750E-08     1.000E+01
3.00E+00     8.086E-06     1.000E+01
3.50E+00     2.685E-04     1.000E+01
4.00E+00     4.658E-03     1.000E+01
5.00E+00     3.262E-01     1.000E+01
6.00E+00     5.290E+00     1.000E+01
7.00E+00     3.298E+01     1.000E+01
8.00E+00     1.178E+02     1.000E+01
9.00E+00     3.018E+02     1.000E+01
1.00E+01     6.203E+02     1.000E+01
