4      he4 br70 rb74                       taly      2.91500E+00      
1.00E-03     0.000E+00     1.000E+00
2.00E-03     0.000E+00     1.000E+00
3.00E-03     0.000E+00     1.000E+00
4.00E-03     0.000E+00     1.000E+00
5.00E-03     0.000E+00     1.000E+00
6.00E-03     0.000E+00     1.000E+00
7.00E-03     0.000E+00     1.000E+00
8.00E-03     0.000E+00     1.000E+00
9.00E-03     0.000E+00     1.000E+00
1.00E-02     0.000E+00     1.000E+00
1.10E-02     0.000E+00     1.000E+00
1.20E-02     0.000E+00     1.000E+00
1.30E-02     0.000E+00     1.000E+00
1.40E-02     0.000E+00     1.000E+00
1.50E-02     0.000E+00     1.000E+00
1.60E-02     0.000E+00     1.000E+00
1.80E-02     0.000E+00     1.000E+00
2.00E-02     0.000E+00     1.000E+00
2.50E-02     0.000E+00     1.000E+00
3.00E-02     0.000E+00     1.000E+00
4.00E-02     0.000E+00     1.000E+00
5.00E-02     0.000E+00     1.000E+00
6.00E-02     0.000E+00     1.000E+00
7.00E-02     0.000E+00     1.000E+00
8.00E-02     0.000E+00     1.000E+00
9.00E-02     0.000E+00     1.000E+00
1.00E-01     0.000E+00     1.000E+00
1.10E-01     0.000E+00     1.000E+00
1.20E-01     0.000E+00     1.000E+00
1.30E-01     0.000E+00     1.000E+00
1.40E-01     0.000E+00     1.000E+00
1.50E-01     0.000E+00     1.000E+00
1.60E-01     0.000E+00     1.000E+00
1.80E-01     0.000E+00     1.000E+00
2.00E-01     0.000E+00     1.000E+00
2.50E-01     0.000E+00     1.000E+00
3.00E-01     1.952E-47     1.000E+01
3.50E-01     1.395E-43     1.000E+01
4.00E-01     9.964E-40     1.000E+01
4.50E-01     2.423E-37     1.000E+01
5.00E-01     5.891E-35     1.000E+01
6.00E-01     1.410E-31     1.000E+01
7.00E-01     5.836E-29     1.000E+01
8.00E-01     8.097E-27     1.000E+01
9.00E-01     5.274E-25     1.000E+01
1.00E+00     1.966E-23     1.000E+01
1.25E+00     1.274E-20     1.000E+01
1.50E+00     8.249E-18     1.000E+01
1.75E+00     4.784E-16     1.000E+01
2.00E+00     2.774E-14     1.000E+01
2.50E+00     7.566E-12     1.000E+01
3.00E+00     4.687E-10     1.000E+01
3.50E+00     1.139E-08     1.000E+01
4.00E+00     1.487E-07     1.000E+01
5.00E+00     7.670E-06     1.000E+01
6.00E+00     1.387E-04     1.000E+01
7.00E+00     1.240E-03     1.000E+01
8.00E+00     6.695E-03     1.000E+01
9.00E+00     2.300E-02     1.000E+01
1.00E+01     3.956E-02     1.000E+01
