4      he4 br72 rb76                       taly      3.83700E+00      
1.00E-03     0.000E+00     1.000E+00
2.00E-03     0.000E+00     1.000E+00
3.00E-03     0.000E+00     1.000E+00
4.00E-03     0.000E+00     1.000E+00
5.00E-03     0.000E+00     1.000E+00
6.00E-03     0.000E+00     1.000E+00
7.00E-03     0.000E+00     1.000E+00
8.00E-03     0.000E+00     1.000E+00
9.00E-03     0.000E+00     1.000E+00
1.00E-02     0.000E+00     1.000E+00
1.10E-02     0.000E+00     1.000E+00
1.20E-02     0.000E+00     1.000E+00
1.30E-02     0.000E+00     1.000E+00
1.40E-02     0.000E+00     1.000E+00
1.50E-02     0.000E+00     1.000E+00
1.60E-02     0.000E+00     1.000E+00
1.80E-02     0.000E+00     1.000E+00
2.00E-02     0.000E+00     1.000E+00
2.50E-02     0.000E+00     1.000E+00
3.00E-02     0.000E+00     1.000E+00
4.00E-02     0.000E+00     1.000E+00
5.00E-02     0.000E+00     1.000E+00
6.00E-02     0.000E+00     1.000E+00
7.00E-02     0.000E+00     1.000E+00
8.00E-02     0.000E+00     1.000E+00
9.00E-02     0.000E+00     1.000E+00
1.00E-01     0.000E+00     1.000E+00
1.10E-01     0.000E+00     1.000E+00
1.20E-01     0.000E+00     1.000E+00
1.30E-01     0.000E+00     1.000E+00
1.40E-01     0.000E+00     1.000E+00
1.50E-01     0.000E+00     1.000E+00
1.60E-01     0.000E+00     1.000E+00
1.80E-01     0.000E+00     1.000E+00
2.00E-01     0.000E+00     1.000E+00
2.50E-01     0.000E+00     1.000E+00
3.00E-01     1.326E-45     1.000E+01
3.50E-01     9.695E-42     1.000E+01
4.00E-01     7.088E-38     1.000E+01
4.50E-01     1.898E-35     1.000E+01
5.00E-01     5.082E-33     1.000E+01
6.00E-01     1.482E-29     1.000E+01
7.00E-01     6.487E-27     1.000E+01
8.00E-01     8.277E-25     1.000E+01
9.00E-01     4.550E-23     1.000E+01
1.00E+00     1.368E-21     1.000E+01
1.25E+00     4.568E-19     1.000E+01
1.50E+00     1.526E-16     1.000E+01
1.75E+00     4.747E-15     1.000E+01
2.00E+00     1.477E-13     1.000E+01
2.50E+00     1.700E-11     1.000E+01
3.00E+00     6.459E-10     1.000E+01
3.50E+00     1.246E-08     1.000E+01
4.00E+00     1.487E-07     1.000E+01
5.00E+00     7.415E-06     1.000E+01
6.00E+00     1.351E-04     1.000E+01
7.00E+00     1.225E-03     1.000E+01
8.00E+00     6.709E-03     1.000E+01
9.00E+00     2.517E-02     1.000E+01
1.00E+01     7.042E-02     1.000E+01
