4        n br70 br71                       taly      1.31470E+01      
1.00E-03     7.286E+04     1.000E+01
2.00E-03     7.336E+04     1.000E+01
3.00E-03     7.387E+04     1.000E+01
4.00E-03     7.437E+04     1.000E+01
5.00E-03     7.487E+04     1.000E+01
6.00E-03     7.439E+04     1.000E+01
7.00E-03     7.390E+04     1.000E+01
8.00E-03     7.342E+04     1.000E+01
9.00E-03     7.293E+04     1.000E+01
1.00E-02     7.245E+04     1.000E+01
1.10E-02     7.239E+04     1.000E+01
1.20E-02     7.234E+04     1.000E+01
1.30E-02     7.229E+04     1.000E+01
1.40E-02     7.224E+04     1.000E+01
1.50E-02     7.218E+04     1.000E+01
1.60E-02     7.213E+04     1.000E+01
1.80E-02     7.203E+04     1.000E+01
2.00E-02     7.192E+04     1.000E+01
2.50E-02     7.166E+04     1.000E+01
3.00E-02     7.140E+04     1.000E+01
4.00E-02     7.087E+04     1.000E+01
5.00E-02     7.035E+04     1.000E+01
6.00E-02     7.020E+04     1.000E+01
7.00E-02     7.004E+04     1.000E+01
8.00E-02     6.989E+04     1.000E+01
9.00E-02     6.974E+04     1.000E+01
1.00E-01     6.958E+04     1.000E+01
1.10E-01     6.952E+04     1.000E+01
1.20E-01     6.946E+04     1.000E+01
1.30E-01     6.939E+04     1.000E+01
1.40E-01     6.933E+04     1.000E+01
1.50E-01     6.927E+04     1.000E+01
1.60E-01     6.927E+04     1.000E+01
1.80E-01     6.928E+04     1.000E+01
2.00E-01     6.930E+04     1.000E+01
2.50E-01     6.949E+04     1.000E+01
3.00E-01     6.970E+04     1.000E+01
3.50E-01     6.988E+04     1.000E+01
4.00E-01     7.005E+04     1.000E+01
4.50E-01     7.018E+04     1.000E+01
5.00E-01     7.030E+04     1.000E+01
6.00E-01     7.055E+04     1.000E+01
7.00E-01     7.084E+04     1.000E+01
8.00E-01     7.117E+04     1.000E+01
9.00E-01     7.156E+04     1.000E+01
1.00E+00     7.199E+04     1.000E+01
1.25E+00     7.324E+04     1.000E+01
1.50E+00     7.448E+04     1.000E+01
1.75E+00     7.569E+04     1.000E+01
2.00E+00     7.689E+04     1.000E+01
2.50E+00     7.854E+04     1.000E+01
3.00E+00     7.919E+04     1.000E+01
3.50E+00     7.904E+04     1.000E+01
4.00E+00     7.848E+04     1.000E+01
5.00E+00     7.724E+04     1.000E+01
6.00E+00     7.632E+04     1.000E+01
7.00E+00     7.544E+04     1.000E+01
8.00E+00     7.370E+04     1.000E+01
9.00E+00     6.517E+04     1.000E+01
1.00E+01     3.730E+04     1.000E+01
