4      he4 br71 rb75                       taly      3.14200E+00      
1.00E-03     0.000E+00     1.000E+00
2.00E-03     0.000E+00     1.000E+00
3.00E-03     0.000E+00     1.000E+00
4.00E-03     0.000E+00     1.000E+00
5.00E-03     0.000E+00     1.000E+00
6.00E-03     0.000E+00     1.000E+00
7.00E-03     0.000E+00     1.000E+00
8.00E-03     0.000E+00     1.000E+00
9.00E-03     0.000E+00     1.000E+00
1.00E-02     0.000E+00     1.000E+00
1.10E-02     0.000E+00     1.000E+00
1.20E-02     0.000E+00     1.000E+00
1.30E-02     0.000E+00     1.000E+00
1.40E-02     0.000E+00     1.000E+00
1.50E-02     0.000E+00     1.000E+00
1.60E-02     0.000E+00     1.000E+00
1.80E-02     0.000E+00     1.000E+00
2.00E-02     0.000E+00     1.000E+00
2.50E-02     0.000E+00     1.000E+00
3.00E-02     0.000E+00     1.000E+00
4.00E-02     0.000E+00     1.000E+00
5.00E-02     0.000E+00     1.000E+00
6.00E-02     0.000E+00     1.000E+00
7.00E-02     0.000E+00     1.000E+00
8.00E-02     0.000E+00     1.000E+00
9.00E-02     0.000E+00     1.000E+00
1.00E-01     0.000E+00     1.000E+00
1.10E-01     0.000E+00     1.000E+00
1.20E-01     0.000E+00     1.000E+00
1.30E-01     0.000E+00     1.000E+00
1.40E-01     0.000E+00     1.000E+00
1.50E-01     0.000E+00     1.000E+00
1.60E-01     0.000E+00     1.000E+00
1.80E-01     0.000E+00     1.000E+00
2.00E-01     0.000E+00     1.000E+00
2.50E-01     0.000E+00     1.000E+00
3.00E-01     4.269E-46     1.000E+01
3.50E-01     3.039E-42     1.000E+01
4.00E-01     2.163E-38     1.000E+01
4.50E-01     5.302E-36     1.000E+01
5.00E-01     1.299E-33     1.000E+01
6.00E-01     3.247E-30     1.000E+01
7.00E-01     1.411E-27     1.000E+01
8.00E-01     1.997E-25     1.000E+01
9.00E-01     1.270E-23     1.000E+01
1.00E+00     4.437E-22     1.000E+01
1.25E+00     2.225E-19     1.000E+01
1.50E+00     1.116E-16     1.000E+01
1.75E+00     5.039E-15     1.000E+01
2.00E+00     2.275E-13     1.000E+01
2.50E+00     4.058E-11     1.000E+01
3.00E+00     1.851E-09     1.000E+01
3.50E+00     3.710E-08     1.000E+01
4.00E+00     4.293E-07     1.000E+01
5.00E+00     1.750E-05     1.000E+01
6.00E+00     2.068E-04     1.000E+01
7.00E+00     1.043E-03     1.000E+01
8.00E+00     3.155E-03     1.000E+01
9.00E+00     6.993E-03     1.000E+01
1.00E+01     1.256E-02     1.000E+01
