4        n br71 br72                       taly      1.06360E+01      
1.00E-03     3.103E+06     1.000E+01
2.00E-03     3.126E+06     1.000E+01
3.00E-03     3.149E+06     1.000E+01
4.00E-03     3.173E+06     1.000E+01
5.00E-03     3.196E+06     1.000E+01
6.00E-03     3.177E+06     1.000E+01
7.00E-03     3.158E+06     1.000E+01
8.00E-03     3.139E+06     1.000E+01
9.00E-03     3.121E+06     1.000E+01
1.00E-02     3.102E+06     1.000E+01
1.10E-02     3.101E+06     1.000E+01
1.20E-02     3.100E+06     1.000E+01
1.30E-02     3.099E+06     1.000E+01
1.40E-02     3.098E+06     1.000E+01
1.50E-02     3.097E+06     1.000E+01
1.60E-02     3.096E+06     1.000E+01
1.80E-02     3.094E+06     1.000E+01
2.00E-02     3.092E+06     1.000E+01
2.50E-02     3.088E+06     1.000E+01
3.00E-02     3.083E+06     1.000E+01
4.00E-02     3.074E+06     1.000E+01
5.00E-02     3.065E+06     1.000E+01
6.00E-02     3.074E+06     1.000E+01
7.00E-02     3.083E+06     1.000E+01
8.00E-02     3.092E+06     1.000E+01
9.00E-02     3.101E+06     1.000E+01
1.00E-01     3.111E+06     1.000E+01
1.10E-01     3.127E+06     1.000E+01
1.20E-01     3.144E+06     1.000E+01
1.30E-01     3.160E+06     1.000E+01
1.40E-01     3.176E+06     1.000E+01
1.50E-01     3.193E+06     1.000E+01
1.60E-01     3.213E+06     1.000E+01
1.80E-01     3.254E+06     1.000E+01
2.00E-01     3.295E+06     1.000E+01
2.50E-01     3.403E+06     1.000E+01
3.00E-01     3.509E+06     1.000E+01
3.50E-01     3.606E+06     1.000E+01
4.00E-01     3.704E+06     1.000E+01
4.50E-01     3.792E+06     1.000E+01
5.00E-01     3.881E+06     1.000E+01
6.00E-01     4.048E+06     1.000E+01
7.00E-01     4.207E+06     1.000E+01
8.00E-01     4.361E+06     1.000E+01
9.00E-01     4.508E+06     1.000E+01
1.00E+00     4.651E+06     1.000E+01
1.25E+00     4.965E+06     1.000E+01
1.50E+00     5.279E+06     1.000E+01
1.75E+00     5.521E+06     1.000E+01
2.00E+00     5.763E+06     1.000E+01
2.50E+00     6.113E+06     1.000E+01
3.00E+00     6.352E+06     1.000E+01
3.50E+00     6.484E+06     1.000E+01
4.00E+00     6.460E+06     1.000E+01
5.00E+00     5.590E+06     1.000E+01
6.00E+00     3.749E+06     1.000E+01
7.00E+00     2.124E+06     1.000E+01
8.00E+00     1.175E+06     1.000E+01
9.00E+00     6.776E+05     1.000E+01
1.00E+01     4.120E+05     1.000E+01
