5        n  c11    p  b11                  taly      2.76400E+00      
1.00E-03     8.319E+08     1.000E+01
2.00E-03     8.267E+08     1.000E+01
3.00E-03     8.216E+08     1.000E+01
4.00E-03     8.166E+08     1.000E+01
5.00E-03     8.116E+08     1.000E+01
6.00E-03     8.010E+08     1.000E+01
7.00E-03     7.906E+08     1.000E+01
8.00E-03     7.804E+08     1.000E+01
9.00E-03     7.703E+08     1.000E+01
1.00E-02     7.603E+08     1.000E+01
1.10E-02     7.573E+08     1.000E+01
1.20E-02     7.544E+08     1.000E+01
1.30E-02     7.515E+08     1.000E+01
1.40E-02     7.486E+08     1.000E+01
1.50E-02     7.457E+08     1.000E+01
1.60E-02     7.428E+08     1.000E+01
1.80E-02     7.370E+08     1.000E+01
2.00E-02     7.313E+08     1.000E+01
2.50E-02     7.173E+08     1.000E+01
3.00E-02     7.035E+08     1.000E+01
4.00E-02     6.767E+08     1.000E+01
5.00E-02     6.509E+08     1.000E+01
6.00E-02     6.395E+08     1.000E+01
7.00E-02     6.283E+08     1.000E+01
8.00E-02     6.173E+08     1.000E+01
9.00E-02     6.065E+08     1.000E+01
1.00E-01     5.958E+08     1.000E+01
1.10E-01     5.888E+08     1.000E+01
1.20E-01     5.819E+08     1.000E+01
1.30E-01     5.750E+08     1.000E+01
1.40E-01     5.683E+08     1.000E+01
1.50E-01     5.616E+08     1.000E+01
1.60E-01     5.567E+08     1.000E+01
1.80E-01     5.471E+08     1.000E+01
2.00E-01     5.377E+08     1.000E+01
2.50E-01     5.196E+08     1.000E+01
3.00E-01     5.049E+08     1.000E+01
3.50E-01     4.927E+08     1.000E+01
4.00E-01     4.809E+08     1.000E+01
4.50E-01     4.711E+08     1.000E+01
5.00E-01     4.615E+08     1.000E+01
6.00E-01     4.453E+08     1.000E+01
7.00E-01     4.316E+08     1.000E+01
8.00E-01     4.199E+08     1.000E+01
9.00E-01     4.097E+08     1.000E+01
1.00E+00     4.008E+08     1.000E+01
1.25E+00     3.846E+08     1.000E+01
1.50E+00     3.691E+08     1.000E+01
1.75E+00     3.594E+08     1.000E+01
2.00E+00     3.500E+08     1.000E+01
2.50E+00     3.376E+08     1.000E+01
3.00E+00     3.292E+08     1.000E+01
3.50E+00     3.237E+08     1.000E+01
4.00E+00     3.201E+08     1.000E+01
5.00E+00     3.175E+08     1.000E+01
6.00E+00     3.193E+08     1.000E+01
7.00E+00     3.243E+08     1.000E+01
8.00E+00     3.317E+08     1.000E+01
9.00E+00     3.409E+08     1.000E+01
1.00E+01     3.514E+08     1.000E+01
