4        p  c11  n12                       ta03      6.01230E-01      
1.00E-03     0.000E+00     1.000E+00
2.00E-03     0.000E+00     1.000E+00
3.00E-03     0.000E+00     1.000E+00
4.00E-03     0.000E+00     1.000E+00
5.00E-03     0.000E+00     1.000E+00
6.00E-03     0.000E+00     1.000E+00
7.00E-03     0.000E+00     1.000E+00
8.00E-03     0.000E+00     1.000E+00
9.00E-03     0.000E+00     1.000E+00
1.00E-02     1.470E-20     1.000E+01
1.10E-02     9.542E-20     1.000E+01
1.20E-02     5.007E-19     1.000E+01
1.30E-02     2.208E-18     1.000E+01
1.40E-02     8.422E-18     1.000E+01
1.50E-02     2.844E-17     1.000E+01
1.60E-02     8.657E-17     1.000E+01
1.80E-02     6.204E-16     1.000E+01
2.00E-02     3.381E-15     1.000E+01
2.50E-02     1.006E-13     1.000E+01
3.00E-02     1.333E-12     1.000E+01
4.00E-02     5.696E-11     1.000E+01
5.00E-02     8.172E-10     1.000E+01
6.00E-02     6.213E-09     1.000E+01
7.00E-02     3.135E-08     1.000E+01
8.00E-02     1.191E-07     1.000E+01
9.00E-02     3.684E-07     1.000E+01
1.00E-01     9.745E-07     1.000E+01
1.10E-01     2.282E-06     1.000E+01
1.20E-01     4.851E-06     1.000E+01
1.30E-01     9.523E-06     1.000E+01
1.40E-01     1.750E-05     1.000E+01
1.50E-01     3.045E-05     1.000E+01
1.60E-01     5.052E-05     1.000E+01
1.80E-01     1.238E-04     1.000E+01
2.00E-01     2.682E-04     1.000E+01
2.50E-01     1.300E-03     1.000E+01
3.00E-01     4.859E-03     1.000E+01
3.50E-01     1.575E-02     1.000E+01
4.00E-01     4.336E-02     1.000E+01
4.50E-01     1.005E-01     1.000E+01
5.00E-01     2.007E-01     1.000E+01
6.00E-01     5.773E-01     1.000E+01
7.00E-01     1.245E+00     1.000E+01
8.00E-01     2.256E+00     1.000E+01
9.00E-01     3.661E+00     1.000E+01
1.00E+00     5.532E+00     1.000E+01
1.25E+00     1.290E+01     1.000E+01
1.50E+00     2.572E+01     1.000E+01
1.75E+00     4.627E+01     1.000E+01
2.00E+00     7.719E+01     1.000E+01
2.50E+00     1.826E+02     1.000E+01
3.00E+00     3.700E+02     1.000E+01
3.50E+00     6.701E+02     1.000E+01
4.00E+00     1.114E+03     1.000E+01
5.00E+00     2.562E+03     1.000E+01
6.00E+00     4.963E+03     1.000E+01
7.00E+00     8.612E+03     1.000E+01
8.00E+00     1.389E+04     1.000E+01
9.00E+00     2.144E+04     1.000E+01
1.00E+01     3.219E+04     1.000E+01
