4        n  c11  c12                       taly      1.87210E+01      
1.00E-03     2.797E+04     1.000E+01
2.00E-03     2.778E+04     1.000E+01
3.00E-03     2.759E+04     1.000E+01
4.00E-03     2.740E+04     1.000E+01
5.00E-03     2.721E+04     1.000E+01
6.00E-03     2.686E+04     1.000E+01
7.00E-03     2.652E+04     1.000E+01
8.00E-03     2.617E+04     1.000E+01
9.00E-03     2.582E+04     1.000E+01
1.00E-02     2.547E+04     1.000E+01
1.10E-02     2.538E+04     1.000E+01
1.20E-02     2.529E+04     1.000E+01
1.30E-02     2.520E+04     1.000E+01
1.40E-02     2.511E+04     1.000E+01
1.50E-02     2.502E+04     1.000E+01
1.60E-02     2.493E+04     1.000E+01
1.80E-02     2.475E+04     1.000E+01
2.00E-02     2.457E+04     1.000E+01
2.50E-02     2.412E+04     1.000E+01
3.00E-02     2.368E+04     1.000E+01
4.00E-02     2.278E+04     1.000E+01
5.00E-02     2.188E+04     1.000E+01
6.00E-02     2.155E+04     1.000E+01
7.00E-02     2.122E+04     1.000E+01
8.00E-02     2.089E+04     1.000E+01
9.00E-02     2.056E+04     1.000E+01
1.00E-01     2.023E+04     1.000E+01
1.10E-01     2.005E+04     1.000E+01
1.20E-01     1.986E+04     1.000E+01
1.30E-01     1.967E+04     1.000E+01
1.40E-01     1.949E+04     1.000E+01
1.50E-01     1.930E+04     1.000E+01
1.60E-01     1.919E+04     1.000E+01
1.80E-01     1.895E+04     1.000E+01
2.00E-01     1.872E+04     1.000E+01
2.50E-01     1.834E+04     1.000E+01
3.00E-01     1.805E+04     1.000E+01
3.50E-01     1.785E+04     1.000E+01
4.00E-01     1.764E+04     1.000E+01
4.50E-01     1.750E+04     1.000E+01
5.00E-01     1.736E+04     1.000E+01
6.00E-01     1.715E+04     1.000E+01
7.00E-01     1.700E+04     1.000E+01
8.00E-01     1.691E+04     1.000E+01
9.00E-01     1.684E+04     1.000E+01
1.00E+00     1.681E+04     1.000E+01
1.25E+00     1.684E+04     1.000E+01
1.50E+00     1.687E+04     1.000E+01
1.75E+00     1.700E+04     1.000E+01
2.00E+00     1.713E+04     1.000E+01
2.50E+00     1.745E+04     1.000E+01
3.00E+00     1.780E+04     1.000E+01
3.50E+00     1.817E+04     1.000E+01
4.00E+00     1.858E+04     1.000E+01
5.00E+00     1.948E+04     1.000E+01
6.00E+00     2.051E+04     1.000E+01
7.00E+00     2.165E+04     1.000E+01
8.00E+00     2.285E+04     1.000E+01
9.00E+00     2.407E+04     1.000E+01
1.00E+01     2.526E+04     1.000E+01
