5      he4   c9    p  n12                  taly      6.70900E+00      
1.00E-03     0.000E+00     1.000E+00
2.00E-03     0.000E+00     1.000E+00
3.00E-03     0.000E+00     1.000E+00
4.00E-03     0.000E+00     1.000E+00
5.00E-03     0.000E+00     1.000E+00
6.00E-03     0.000E+00     1.000E+00
7.00E-03     0.000E+00     1.000E+00
8.00E-03     0.000E+00     1.000E+00
9.00E-03     0.000E+00     1.000E+00
1.00E-02     0.000E+00     1.000E+00
1.10E-02     9.353E-98     1.000E+01
1.20E-02     8.747E-96     1.000E+01
1.30E-02     8.181E-94     1.000E+01
1.40E-02     7.651E-92     1.000E+01
1.50E-02     7.156E-90     1.000E+01
1.60E-02     6.693E-88     1.000E+01
1.80E-02     5.854E-84     1.000E+01
2.00E-02     5.121E-80     1.000E+01
2.50E-02     3.664E-70     1.000E+01
3.00E-02     2.622E-60     1.000E+01
4.00E-02     1.343E-40     1.000E+01
5.00E-02     6.876E-21     1.000E+01
6.00E-02     2.084E-19     1.000E+01
7.00E-02     6.315E-18     1.000E+01
8.00E-02     1.914E-16     1.000E+01
9.00E-02     5.799E-15     1.000E+01
1.00E-01     1.757E-13     1.000E+01
1.10E-01     9.156E-13     1.000E+01
1.20E-01     4.770E-12     1.000E+01
1.30E-01     2.485E-11     1.000E+01
1.40E-01     1.294E-10     1.000E+01
1.50E-01     6.743E-10     1.000E+01
1.60E-01     1.906E-09     1.000E+01
1.80E-01     1.522E-08     1.000E+01
2.00E-01     1.216E-07     1.000E+01
2.50E-01     4.860E-06     1.000E+01
3.00E-01     8.061E-05     1.000E+01
3.50E-01     6.209E-04     1.000E+01
4.00E-01     4.782E-03     1.000E+01
4.50E-01     2.031E-02     1.000E+01
5.00E-01     8.624E-02     1.000E+01
6.00E-01     7.753E-01     1.000E+01
7.00E-01     4.445E+00     1.000E+01
8.00E-01     1.865E+01     1.000E+01
9.00E-01     6.228E+01     1.000E+01
1.00E+00     1.748E+02     1.000E+01
1.25E+00     1.033E+03     1.000E+01
1.50E+00     6.107E+03     1.000E+01
1.75E+00     1.766E+04     1.000E+01
2.00E+00     5.108E+04     1.000E+01
2.50E+00     2.139E+05     1.000E+01
3.00E+00     6.046E+05     1.000E+01
3.50E+00     1.334E+06     1.000E+01
4.00E+00     2.492E+06     1.000E+01
5.00E+00     6.267E+06     1.000E+01
6.00E+00     1.196E+07     1.000E+01
7.00E+00     1.922E+07     1.000E+01
8.00E+00     2.745E+07     1.000E+01
9.00E+00     3.600E+07     1.000E+01
1.00E+01     4.420E+07     1.000E+01
