5        n ca39  he4 ar36                  taly      8.59500E+00      
1.00E-03     1.216E+08     1.000E+01
2.00E-03     1.222E+08     1.000E+01
3.00E-03     1.228E+08     1.000E+01
4.00E-03     1.234E+08     1.000E+01
5.00E-03     1.240E+08     1.000E+01
6.00E-03     1.231E+08     1.000E+01
7.00E-03     1.222E+08     1.000E+01
8.00E-03     1.213E+08     1.000E+01
9.00E-03     1.204E+08     1.000E+01
1.00E-02     1.195E+08     1.000E+01
1.10E-02     1.194E+08     1.000E+01
1.20E-02     1.192E+08     1.000E+01
1.30E-02     1.191E+08     1.000E+01
1.40E-02     1.190E+08     1.000E+01
1.50E-02     1.189E+08     1.000E+01
1.60E-02     1.187E+08     1.000E+01
1.80E-02     1.185E+08     1.000E+01
2.00E-02     1.182E+08     1.000E+01
2.50E-02     1.176E+08     1.000E+01
3.00E-02     1.170E+08     1.000E+01
4.00E-02     1.158E+08     1.000E+01
5.00E-02     1.146E+08     1.000E+01
6.00E-02     1.143E+08     1.000E+01
7.00E-02     1.140E+08     1.000E+01
8.00E-02     1.137E+08     1.000E+01
9.00E-02     1.134E+08     1.000E+01
1.00E-01     1.131E+08     1.000E+01
1.10E-01     1.130E+08     1.000E+01
1.20E-01     1.129E+08     1.000E+01
1.30E-01     1.129E+08     1.000E+01
1.40E-01     1.128E+08     1.000E+01
1.50E-01     1.127E+08     1.000E+01
1.60E-01     1.128E+08     1.000E+01
1.80E-01     1.130E+08     1.000E+01
2.00E-01     1.131E+08     1.000E+01
2.50E-01     1.139E+08     1.000E+01
3.00E-01     1.147E+08     1.000E+01
3.50E-01     1.154E+08     1.000E+01
4.00E-01     1.161E+08     1.000E+01
4.50E-01     1.167E+08     1.000E+01
5.00E-01     1.173E+08     1.000E+01
6.00E-01     1.184E+08     1.000E+01
7.00E-01     1.195E+08     1.000E+01
8.00E-01     1.205E+08     1.000E+01
9.00E-01     1.215E+08     1.000E+01
1.00E+00     1.225E+08     1.000E+01
1.25E+00     1.249E+08     1.000E+01
1.50E+00     1.274E+08     1.000E+01
1.75E+00     1.296E+08     1.000E+01
2.00E+00     1.318E+08     1.000E+01
2.50E+00     1.360E+08     1.000E+01
3.00E+00     1.401E+08     1.000E+01
3.50E+00     1.444E+08     1.000E+01
4.00E+00     1.490E+08     1.000E+01
5.00E+00     1.609E+08     1.000E+01
6.00E+00     1.779E+08     1.000E+01
7.00E+00     1.982E+08     1.000E+01
8.00E+00     2.103E+08     1.000E+01
9.00E+00     1.995E+08     1.000E+01
1.00E+01     1.689E+08     1.000E+01
