5        n ca37  he4 ar34                  taly      1.08880E+01      
1.00E-03     1.590E+07     1.000E+01
2.00E-03     1.600E+07     1.000E+01
3.00E-03     1.610E+07     1.000E+01
4.00E-03     1.620E+07     1.000E+01
5.00E-03     1.630E+07     1.000E+01
6.00E-03     1.619E+07     1.000E+01
7.00E-03     1.608E+07     1.000E+01
8.00E-03     1.597E+07     1.000E+01
9.00E-03     1.587E+07     1.000E+01
1.00E-02     1.576E+07     1.000E+01
1.10E-02     1.575E+07     1.000E+01
1.20E-02     1.574E+07     1.000E+01
1.30E-02     1.573E+07     1.000E+01
1.40E-02     1.572E+07     1.000E+01
1.50E-02     1.571E+07     1.000E+01
1.60E-02     1.570E+07     1.000E+01
1.80E-02     1.568E+07     1.000E+01
2.00E-02     1.566E+07     1.000E+01
2.50E-02     1.560E+07     1.000E+01
3.00E-02     1.555E+07     1.000E+01
4.00E-02     1.545E+07     1.000E+01
5.00E-02     1.535E+07     1.000E+01
6.00E-02     1.534E+07     1.000E+01
7.00E-02     1.533E+07     1.000E+01
8.00E-02     1.533E+07     1.000E+01
9.00E-02     1.532E+07     1.000E+01
1.00E-01     1.532E+07     1.000E+01
1.10E-01     1.533E+07     1.000E+01
1.20E-01     1.535E+07     1.000E+01
1.30E-01     1.537E+07     1.000E+01
1.40E-01     1.538E+07     1.000E+01
1.50E-01     1.540E+07     1.000E+01
1.60E-01     1.544E+07     1.000E+01
1.80E-01     1.550E+07     1.000E+01
2.00E-01     1.557E+07     1.000E+01
2.50E-01     1.577E+07     1.000E+01
3.00E-01     1.597E+07     1.000E+01
3.50E-01     1.614E+07     1.000E+01
4.00E-01     1.632E+07     1.000E+01
4.50E-01     1.647E+07     1.000E+01
5.00E-01     1.662E+07     1.000E+01
6.00E-01     1.688E+07     1.000E+01
7.00E-01     1.713E+07     1.000E+01
8.00E-01     1.737E+07     1.000E+01
9.00E-01     1.761E+07     1.000E+01
1.00E+00     1.783E+07     1.000E+01
1.25E+00     1.833E+07     1.000E+01
1.50E+00     1.884E+07     1.000E+01
1.75E+00     1.926E+07     1.000E+01
2.00E+00     1.969E+07     1.000E+01
2.50E+00     2.039E+07     1.000E+01
3.00E+00     2.096E+07     1.000E+01
3.50E+00     2.141E+07     1.000E+01
4.00E+00     2.176E+07     1.000E+01
5.00E+00     2.212E+07     1.000E+01
6.00E+00     2.194E+07     1.000E+01
7.00E+00     2.082E+07     1.000E+01
8.00E+00     1.830E+07     1.000E+01
9.00E+00     1.446E+07     1.000E+01
1.00E+01     1.032E+07     1.000E+01
