4        n ca38 ca39                       taly      1.32950E+01      
1.00E-03     6.214E+04     1.000E+01
2.00E-03     6.245E+04     1.000E+01
3.00E-03     6.276E+04     1.000E+01
4.00E-03     6.307E+04     1.000E+01
5.00E-03     6.338E+04     1.000E+01
6.00E-03     6.291E+04     1.000E+01
7.00E-03     6.245E+04     1.000E+01
8.00E-03     6.198E+04     1.000E+01
9.00E-03     6.151E+04     1.000E+01
1.00E-02     6.104E+04     1.000E+01
1.10E-02     6.097E+04     1.000E+01
1.20E-02     6.091E+04     1.000E+01
1.30E-02     6.084E+04     1.000E+01
1.40E-02     6.077E+04     1.000E+01
1.50E-02     6.070E+04     1.000E+01
1.60E-02     6.064E+04     1.000E+01
1.80E-02     6.050E+04     1.000E+01
2.00E-02     6.037E+04     1.000E+01
2.50E-02     6.003E+04     1.000E+01
3.00E-02     5.969E+04     1.000E+01
4.00E-02     5.901E+04     1.000E+01
5.00E-02     5.834E+04     1.000E+01
6.00E-02     5.813E+04     1.000E+01
7.00E-02     5.793E+04     1.000E+01
8.00E-02     5.773E+04     1.000E+01
9.00E-02     5.753E+04     1.000E+01
1.00E-01     5.733E+04     1.000E+01
1.10E-01     5.725E+04     1.000E+01
1.20E-01     5.717E+04     1.000E+01
1.30E-01     5.709E+04     1.000E+01
1.40E-01     5.701E+04     1.000E+01
1.50E-01     5.693E+04     1.000E+01
1.60E-01     5.692E+04     1.000E+01
1.80E-01     5.692E+04     1.000E+01
2.00E-01     5.691E+04     1.000E+01
2.50E-01     5.709E+04     1.000E+01
3.00E-01     5.731E+04     1.000E+01
3.50E-01     5.751E+04     1.000E+01
4.00E-01     5.771E+04     1.000E+01
4.50E-01     5.787E+04     1.000E+01
5.00E-01     5.804E+04     1.000E+01
6.00E-01     5.835E+04     1.000E+01
7.00E-01     5.868E+04     1.000E+01
8.00E-01     5.903E+04     1.000E+01
9.00E-01     5.940E+04     1.000E+01
1.00E+00     5.978E+04     1.000E+01
1.25E+00     6.082E+04     1.000E+01
1.50E+00     6.187E+04     1.000E+01
1.75E+00     6.294E+04     1.000E+01
2.00E+00     6.402E+04     1.000E+01
2.50E+00     6.614E+04     1.000E+01
3.00E+00     6.818E+04     1.000E+01
3.50E+00     7.011E+04     1.000E+01
4.00E+00     7.191E+04     1.000E+01
5.00E+00     7.495E+04     1.000E+01
6.00E+00     7.692E+04     1.000E+01
7.00E+00     7.733E+04     1.000E+01
8.00E+00     7.552E+04     1.000E+01
9.00E+00     7.047E+04     1.000E+01
1.00E+01     6.111E+04     1.000E+01
