4        n ca41 ca42                       taly      1.14800E+01      
1.00E-03     2.030E+07     1.000E+01
2.00E-03     1.803E+07     1.000E+01
3.00E-03     1.576E+07     1.000E+01
4.00E-03     1.349E+07     1.000E+01
5.00E-03     1.122E+07     1.000E+01
6.00E-03     1.072E+07     1.000E+01
7.00E-03     1.022E+07     1.000E+01
8.00E-03     9.729E+06     1.000E+01
9.00E-03     9.233E+06     1.000E+01
1.00E-02     8.737E+06     1.000E+01
1.10E-02     8.657E+06     1.000E+01
1.20E-02     8.576E+06     1.000E+01
1.30E-02     8.496E+06     1.000E+01
1.40E-02     8.415E+06     1.000E+01
1.50E-02     8.334E+06     1.000E+01
1.60E-02     8.254E+06     1.000E+01
1.80E-02     8.092E+06     1.000E+01
2.00E-02     7.931E+06     1.000E+01
2.50E-02     7.528E+06     1.000E+01
3.00E-02     7.125E+06     1.000E+01
4.00E-02     6.319E+06     1.000E+01
5.00E-02     5.513E+06     1.000E+01
6.00E-02     5.338E+06     1.000E+01
7.00E-02     5.164E+06     1.000E+01
8.00E-02     4.990E+06     1.000E+01
9.00E-02     4.815E+06     1.000E+01
1.00E-01     4.641E+06     1.000E+01
1.10E-01     4.553E+06     1.000E+01
1.20E-01     4.464E+06     1.000E+01
1.30E-01     4.376E+06     1.000E+01
1.40E-01     4.287E+06     1.000E+01
1.50E-01     4.199E+06     1.000E+01
1.60E-01     4.143E+06     1.000E+01
1.80E-01     4.032E+06     1.000E+01
2.00E-01     3.920E+06     1.000E+01
2.50E-01     3.726E+06     1.000E+01
3.00E-01     3.579E+06     1.000E+01
3.50E-01     3.470E+06     1.000E+01
4.00E-01     3.362E+06     1.000E+01
4.50E-01     3.284E+06     1.000E+01
5.00E-01     3.206E+06     1.000E+01
6.00E-01     3.086E+06     1.000E+01
7.00E-01     2.991E+06     1.000E+01
8.00E-01     2.914E+06     1.000E+01
9.00E-01     2.851E+06     1.000E+01
1.00E+00     2.799E+06     1.000E+01
1.25E+00     2.718E+06     1.000E+01
1.50E+00     2.637E+06     1.000E+01
1.75E+00     2.602E+06     1.000E+01
2.00E+00     2.568E+06     1.000E+01
2.50E+00     2.547E+06     1.000E+01
3.00E+00     2.555E+06     1.000E+01
3.50E+00     2.581E+06     1.000E+01
4.00E+00     2.617E+06     1.000E+01
5.00E+00     2.672E+06     1.000E+01
6.00E+00     2.555E+06     1.000E+01
7.00E+00     2.106E+06     1.000E+01
8.00E+00     1.480E+06     1.000E+01
9.00E+00     9.577E+05     1.000E+01
1.00E+01     6.167E+05     1.000E+01
