4        n ca42 ca43                       taex      7.93300E+00      
1.00E-03     7.706E+06     1.128E+00
2.00E-03     6.922E+06     1.128E+00
3.00E-03     6.139E+06     1.128E+00
4.00E-03     5.355E+06     1.128E+00
5.00E-03     4.572E+06     1.128E+00
6.00E-03     4.431E+06     1.128E+00
7.00E-03     4.290E+06     1.128E+00
8.00E-03     4.148E+06     1.128E+00
9.00E-03     4.007E+06     1.128E+00
1.00E-02     3.866E+06     1.128E+00
1.10E-02     3.841E+06     1.128E+00
1.20E-02     3.817E+06     1.128E+00
1.30E-02     3.792E+06     1.128E+00
1.40E-02     3.767E+06     1.128E+00
1.50E-02     3.743E+06     1.128E+00
1.60E-02     3.718E+06     1.128E+00
1.80E-02     3.669E+06     1.128E+00
2.00E-02     3.620E+06     1.128E+00
2.50E-02     3.496E+06     1.128E+00
3.00E-02     3.373E+06     1.128E+00
4.00E-02     3.127E+06     1.128E+00
5.00E-02     2.880E+06     1.128E+00
6.00E-02     2.811E+06     1.128E+00
7.00E-02     2.743E+06     1.128E+00
8.00E-02     2.674E+06     1.128E+00
9.00E-02     2.605E+06     1.128E+00
1.00E-01     2.536E+06     1.128E+00
1.10E-01     2.505E+06     1.128E+00
1.20E-01     2.475E+06     1.128E+00
1.30E-01     2.445E+06     1.128E+00
1.40E-01     2.414E+06     1.128E+00
1.50E-01     2.384E+06     1.128E+00
1.60E-01     2.370E+06     1.128E+00
1.80E-01     2.341E+06     1.128E+00
2.00E-01     2.313E+06     1.128E+00
2.50E-01     2.280E+06     1.128E+00
3.00E-01     2.264E+06     1.128E+00
3.50E-01     2.259E+06     1.128E+00
4.00E-01     2.255E+06     1.128E+00
4.50E-01     2.256E+06     1.128E+00
5.00E-01     2.257E+06     1.128E+00
6.00E-01     2.264E+06     1.128E+00
7.00E-01     2.276E+06     1.128E+00
8.00E-01     2.290E+06     1.128E+00
9.00E-01     2.307E+06     1.128E+00
1.00E+00     2.326E+06     1.128E+00
1.25E+00     2.387E+06     1.128E+00
1.50E+00     2.448E+06     1.128E+00
1.75E+00     2.525E+06     1.128E+00
2.00E+00     2.602E+06     1.128E+00
2.50E+00     2.785E+06     1.128E+00
3.00E+00     2.996E+06     1.128E+00
3.50E+00     3.235E+06     1.128E+00
4.00E+00     3.502E+06     1.128E+00
5.00E+00     4.074E+06     1.128E+00
6.00E+00     4.427E+06     1.128E+00
7.00E+00     4.120E+06     1.128E+00
8.00E+00     3.269E+06     1.128E+00
9.00E+00     2.404E+06     1.128E+00
1.00E+01     1.766E+06     1.128E+00
