4      he4 ca38 ti42                       taly      5.47100E+00      
1.00E-03     0.000E+00     1.000E+00
2.00E-03     0.000E+00     1.000E+00
3.00E-03     0.000E+00     1.000E+00
4.00E-03     0.000E+00     1.000E+00
5.00E-03     0.000E+00     1.000E+00
6.00E-03     0.000E+00     1.000E+00
7.00E-03     0.000E+00     1.000E+00
8.00E-03     0.000E+00     1.000E+00
9.00E-03     0.000E+00     1.000E+00
1.00E-02     0.000E+00     1.000E+00
1.10E-02     0.000E+00     1.000E+00
1.20E-02     0.000E+00     1.000E+00
1.30E-02     0.000E+00     1.000E+00
1.40E-02     0.000E+00     1.000E+00
1.50E-02     0.000E+00     1.000E+00
1.60E-02     0.000E+00     1.000E+00
1.80E-02     0.000E+00     1.000E+00
2.00E-02     0.000E+00     1.000E+00
2.50E-02     0.000E+00     1.000E+00
3.00E-02     0.000E+00     1.000E+00
4.00E-02     0.000E+00     1.000E+00
5.00E-02     0.000E+00     1.000E+00
6.00E-02     0.000E+00     1.000E+00
7.00E-02     0.000E+00     1.000E+00
8.00E-02     0.000E+00     1.000E+00
9.00E-02     0.000E+00     1.000E+00
1.00E-01     0.000E+00     1.000E+00
1.10E-01     3.822E-88     1.000E+01
1.20E-01     1.460E-76     1.000E+01
1.30E-01     5.581E-65     1.000E+01
1.40E-01     2.133E-53     1.000E+01
1.50E-01     8.151E-42     1.000E+01
1.60E-01     1.532E-40     1.000E+01
1.80E-01     5.412E-38     1.000E+01
2.00E-01     1.912E-35     1.000E+01
2.50E-01     2.166E-31     1.000E+01
3.00E-01     1.936E-28     1.000E+01
3.50E-01     2.433E-26     1.000E+01
4.00E-01     3.057E-24     1.000E+01
4.50E-01     8.851E-23     1.000E+01
5.00E-01     2.563E-21     1.000E+01
6.00E-01     3.968E-19     1.000E+01
7.00E-01     2.098E-17     1.000E+01
8.00E-01     5.333E-16     1.000E+01
9.00E-01     8.025E-15     1.000E+01
1.00E+00     8.179E-14     1.000E+01
1.25E+00     4.807E-12     1.000E+01
1.50E+00     2.825E-10     1.000E+01
1.75E+00     3.619E-09     1.000E+01
2.00E+00     4.637E-08     1.000E+01
2.50E+00     1.716E-06     1.000E+01
3.00E+00     2.721E-05     1.000E+01
3.50E+00     2.498E-04     1.000E+01
4.00E+00     1.548E-03     1.000E+01
5.00E+00     2.561E-02     1.000E+01
6.00E+00     1.950E-01     1.000E+01
7.00E+00     8.849E-01     1.000E+01
8.00E+00     2.786E+00     1.000E+01
9.00E+00     6.613E+00     1.000E+01
1.00E+01     1.227E+01     1.000E+01
