4        p ca42 sc43                       taly      4.93000E+00      
1.00E-03     0.000E+00     1.000E+00
2.00E-03     0.000E+00     1.000E+00
3.00E-03     0.000E+00     1.000E+00
4.00E-03     0.000E+00     1.000E+00
5.00E-03     0.000E+00     1.000E+00
6.00E-03     0.000E+00     1.000E+00
7.00E-03     0.000E+00     1.000E+00
8.00E-03     0.000E+00     1.000E+00
9.00E-03     0.000E+00     1.000E+00
1.00E-02     0.000E+00     1.000E+00
1.10E-02     9.230E-98     1.000E+01
1.20E-02     8.520E-96     1.000E+01
1.30E-02     7.864E-94     1.000E+01
1.40E-02     7.259E-92     1.000E+01
1.50E-02     6.700E-90     1.000E+01
1.60E-02     6.184E-88     1.000E+01
1.80E-02     5.269E-84     1.000E+01
2.00E-02     4.489E-80     1.000E+01
2.50E-02     3.008E-70     1.000E+01
3.00E-02     2.015E-60     1.000E+01
4.00E-02     9.046E-41     1.000E+01
5.00E-02     4.061E-21     1.000E+01
6.00E-02     1.207E-19     1.000E+01
7.00E-02     3.585E-18     1.000E+01
8.00E-02     1.065E-16     1.000E+01
9.00E-02     3.165E-15     1.000E+01
1.00E-01     9.403E-14     1.000E+01
1.10E-01     4.840E-13     1.000E+01
1.20E-01     2.492E-12     1.000E+01
1.30E-01     1.283E-11     1.000E+01
1.40E-01     6.603E-11     1.000E+01
1.50E-01     3.399E-10     1.000E+01
1.60E-01     9.522E-10     1.000E+01
1.80E-01     7.472E-09     1.000E+01
2.00E-01     5.863E-08     1.000E+01
2.50E-01     2.253E-06     1.000E+01
3.00E-01     3.580E-05     1.000E+01
3.50E-01     2.590E-04     1.000E+01
4.00E-01     1.874E-03     1.000E+01
4.50E-01     7.245E-03     1.000E+01
5.00E-01     2.801E-02     1.000E+01
6.00E-01     1.994E-01     1.000E+01
7.00E-01     8.826E-01     1.000E+01
8.00E-01     2.837E+00     1.000E+01
9.00E-01     7.284E+00     1.000E+01
1.00E+00     1.587E+01     1.000E+01
1.25E+00     5.574E+01     1.000E+01
1.50E+00     1.958E+02     1.000E+01
1.75E+00     3.967E+02     1.000E+01
2.00E+00     8.040E+02     1.000E+01
2.50E+00     2.057E+03     1.000E+01
3.00E+00     4.090E+03     1.000E+01
3.50E+00     6.969E+03     1.000E+01
4.00E+00     1.069E+04     1.000E+01
5.00E+00     2.009E+04     1.000E+01
6.00E+00     2.914E+04     1.000E+01
7.00E+00     3.222E+04     1.000E+01
8.00E+00     2.838E+04     1.000E+01
9.00E+00     2.232E+04     1.000E+01
1.00E+01     1.717E+04     1.000E+01
