4        n ca37 ca38                       taly      1.69940E+01      
1.00E-03     5.792E+03     1.000E+01
2.00E-03     5.834E+03     1.000E+01
3.00E-03     5.876E+03     1.000E+01
4.00E-03     5.918E+03     1.000E+01
5.00E-03     5.960E+03     1.000E+01
6.00E-03     5.925E+03     1.000E+01
7.00E-03     5.891E+03     1.000E+01
8.00E-03     5.856E+03     1.000E+01
9.00E-03     5.821E+03     1.000E+01
1.00E-02     5.786E+03     1.000E+01
1.10E-02     5.788E+03     1.000E+01
1.20E-02     5.789E+03     1.000E+01
1.30E-02     5.790E+03     1.000E+01
1.40E-02     5.792E+03     1.000E+01
1.50E-02     5.793E+03     1.000E+01
1.60E-02     5.794E+03     1.000E+01
1.80E-02     5.797E+03     1.000E+01
2.00E-02     5.800E+03     1.000E+01
2.50E-02     5.807E+03     1.000E+01
3.00E-02     5.813E+03     1.000E+01
4.00E-02     5.827E+03     1.000E+01
5.00E-02     5.840E+03     1.000E+01
6.00E-02     5.886E+03     1.000E+01
7.00E-02     5.932E+03     1.000E+01
8.00E-02     5.978E+03     1.000E+01
9.00E-02     6.024E+03     1.000E+01
1.00E-01     6.070E+03     1.000E+01
1.10E-01     6.124E+03     1.000E+01
1.20E-01     6.178E+03     1.000E+01
1.30E-01     6.231E+03     1.000E+01
1.40E-01     6.285E+03     1.000E+01
1.50E-01     6.339E+03     1.000E+01
1.60E-01     6.398E+03     1.000E+01
1.80E-01     6.516E+03     1.000E+01
2.00E-01     6.634E+03     1.000E+01
2.50E-01     6.933E+03     1.000E+01
3.00E-01     7.221E+03     1.000E+01
3.50E-01     7.483E+03     1.000E+01
4.00E-01     7.745E+03     1.000E+01
4.50E-01     7.978E+03     1.000E+01
5.00E-01     8.212E+03     1.000E+01
6.00E-01     8.640E+03     1.000E+01
7.00E-01     9.040E+03     1.000E+01
8.00E-01     9.416E+03     1.000E+01
9.00E-01     9.772E+03     1.000E+01
1.00E+00     1.011E+04     1.000E+01
1.25E+00     1.084E+04     1.000E+01
1.50E+00     1.156E+04     1.000E+01
1.75E+00     1.213E+04     1.000E+01
2.00E+00     1.270E+04     1.000E+01
2.50E+00     1.362E+04     1.000E+01
3.00E+00     1.436E+04     1.000E+01
3.50E+00     1.497E+04     1.000E+01
4.00E+00     1.547E+04     1.000E+01
5.00E+00     1.623E+04     1.000E+01
6.00E+00     1.677E+04     1.000E+01
7.00E+00     1.710E+04     1.000E+01
8.00E+00     1.693E+04     1.000E+01
9.00E+00     1.586E+04     1.000E+01
1.00E+01     1.389E+04     1.000E+01
