5        n ca39    p  k39                  taly      7.30600E+00      
1.00E-03     7.465E+08     1.000E+01
2.00E-03     7.500E+08     1.000E+01
3.00E-03     7.536E+08     1.000E+01
4.00E-03     7.573E+08     1.000E+01
5.00E-03     7.609E+08     1.000E+01
6.00E-03     7.551E+08     1.000E+01
7.00E-03     7.494E+08     1.000E+01
8.00E-03     7.437E+08     1.000E+01
9.00E-03     7.381E+08     1.000E+01
1.00E-02     7.325E+08     1.000E+01
1.10E-02     7.316E+08     1.000E+01
1.20E-02     7.308E+08     1.000E+01
1.30E-02     7.299E+08     1.000E+01
1.40E-02     7.290E+08     1.000E+01
1.50E-02     7.282E+08     1.000E+01
1.60E-02     7.273E+08     1.000E+01
1.80E-02     7.256E+08     1.000E+01
2.00E-02     7.239E+08     1.000E+01
2.50E-02     7.196E+08     1.000E+01
3.00E-02     7.154E+08     1.000E+01
4.00E-02     7.070E+08     1.000E+01
5.00E-02     6.986E+08     1.000E+01
6.00E-02     6.960E+08     1.000E+01
7.00E-02     6.934E+08     1.000E+01
8.00E-02     6.907E+08     1.000E+01
9.00E-02     6.881E+08     1.000E+01
1.00E-01     6.855E+08     1.000E+01
1.10E-01     6.844E+08     1.000E+01
1.20E-01     6.832E+08     1.000E+01
1.30E-01     6.821E+08     1.000E+01
1.40E-01     6.810E+08     1.000E+01
1.50E-01     6.799E+08     1.000E+01
1.60E-01     6.797E+08     1.000E+01
1.80E-01     6.794E+08     1.000E+01
2.00E-01     6.790E+08     1.000E+01
2.50E-01     6.804E+08     1.000E+01
3.00E-01     6.825E+08     1.000E+01
3.50E-01     6.844E+08     1.000E+01
4.00E-01     6.863E+08     1.000E+01
4.50E-01     6.878E+08     1.000E+01
5.00E-01     6.894E+08     1.000E+01
6.00E-01     6.924E+08     1.000E+01
7.00E-01     6.957E+08     1.000E+01
8.00E-01     6.993E+08     1.000E+01
9.00E-01     7.033E+08     1.000E+01
1.00E+00     7.076E+08     1.000E+01
1.25E+00     7.198E+08     1.000E+01
1.50E+00     7.321E+08     1.000E+01
1.75E+00     7.457E+08     1.000E+01
2.00E+00     7.596E+08     1.000E+01
2.50E+00     7.882E+08     1.000E+01
3.00E+00     8.173E+08     1.000E+01
3.50E+00     8.463E+08     1.000E+01
4.00E+00     8.749E+08     1.000E+01
5.00E+00     9.278E+08     1.000E+01
6.00E+00     9.642E+08     1.000E+01
7.00E+00     9.525E+08     1.000E+01
8.00E+00     8.449E+08     1.000E+01
9.00E+00     6.422E+08     1.000E+01
1.00E+01     4.266E+08     1.000E+01
