5      he4 ca37    p sc40                  taly      2.52300E+00      
1.00E-03     0.000E+00     1.000E+00
2.00E-03     0.000E+00     1.000E+00
3.00E-03     0.000E+00     1.000E+00
4.00E-03     0.000E+00     1.000E+00
5.00E-03     0.000E+00     1.000E+00
6.00E-03     0.000E+00     1.000E+00
7.00E-03     0.000E+00     1.000E+00
8.00E-03     0.000E+00     1.000E+00
9.00E-03     0.000E+00     1.000E+00
1.00E-02     0.000E+00     1.000E+00
1.10E-02     0.000E+00     1.000E+00
1.20E-02     0.000E+00     1.000E+00
1.30E-02     0.000E+00     1.000E+00
1.40E-02     0.000E+00     1.000E+00
1.50E-02     0.000E+00     1.000E+00
1.60E-02     0.000E+00     1.000E+00
1.80E-02     0.000E+00     1.000E+00
2.00E-02     0.000E+00     1.000E+00
2.50E-02     0.000E+00     1.000E+00
3.00E-02     0.000E+00     1.000E+00
4.00E-02     0.000E+00     1.000E+00
5.00E-02     0.000E+00     1.000E+00
6.00E-02     0.000E+00     1.000E+00
7.00E-02     0.000E+00     1.000E+00
8.00E-02     0.000E+00     1.000E+00
9.00E-02     0.000E+00     1.000E+00
1.00E-01     0.000E+00     1.000E+00
1.10E-01     8.381E-88     1.000E+01
1.20E-01     7.023E-76     1.000E+01
1.30E-01     5.886E-64     1.000E+01
1.40E-01     4.933E-52     1.000E+01
1.50E-01     4.134E-40     1.000E+01
1.60E-01     7.970E-39     1.000E+01
1.80E-01     2.963E-36     1.000E+01
2.00E-01     1.101E-33     1.000E+01
2.50E-01     1.578E-29     1.000E+01
3.00E-01     1.889E-26     1.000E+01
3.50E-01     3.189E-24     1.000E+01
4.00E-01     5.384E-22     1.000E+01
4.50E-01     2.050E-20     1.000E+01
5.00E-01     7.802E-19     1.000E+01
6.00E-01     1.988E-16     1.000E+01
7.00E-01     1.638E-14     1.000E+01
8.00E-01     6.155E-13     1.000E+01
9.00E-01     1.305E-11     1.000E+01
1.00E+00     1.794E-10     1.000E+01
1.25E+00     1.710E-08     1.000E+01
1.50E+00     1.630E-06     1.000E+01
1.75E+00     2.611E-05     1.000E+01
2.00E+00     4.183E-04     1.000E+01
2.50E+00     1.889E-02     1.000E+01
3.00E+00     3.141E-01     1.000E+01
3.50E+00     2.753E+00     1.000E+01
4.00E+00     1.552E+01     1.000E+01
5.00E+00     2.037E+02     1.000E+01
6.00E+00     1.237E+03     1.000E+01
7.00E+00     4.501E+03     1.000E+01
8.00E+00     1.110E+04     1.000E+01
9.00E+00     1.978E+04     1.000E+01
1.00E+01     2.716E+04     1.000E+01
