5        n ca36    p  k36                  taly      1.17480E+01      
1.00E-03     2.496E+07     1.000E+01
2.00E-03     2.512E+07     1.000E+01
3.00E-03     2.528E+07     1.000E+01
4.00E-03     2.544E+07     1.000E+01
5.00E-03     2.560E+07     1.000E+01
6.00E-03     2.543E+07     1.000E+01
7.00E-03     2.526E+07     1.000E+01
8.00E-03     2.509E+07     1.000E+01
9.00E-03     2.492E+07     1.000E+01
1.00E-02     2.475E+07     1.000E+01
1.10E-02     2.474E+07     1.000E+01
1.20E-02     2.472E+07     1.000E+01
1.30E-02     2.470E+07     1.000E+01
1.40E-02     2.469E+07     1.000E+01
1.50E-02     2.467E+07     1.000E+01
1.60E-02     2.466E+07     1.000E+01
1.80E-02     2.463E+07     1.000E+01
2.00E-02     2.459E+07     1.000E+01
2.50E-02     2.452E+07     1.000E+01
3.00E-02     2.444E+07     1.000E+01
4.00E-02     2.428E+07     1.000E+01
5.00E-02     2.413E+07     1.000E+01
6.00E-02     2.412E+07     1.000E+01
7.00E-02     2.411E+07     1.000E+01
8.00E-02     2.411E+07     1.000E+01
9.00E-02     2.410E+07     1.000E+01
1.00E-01     2.409E+07     1.000E+01
1.10E-01     2.412E+07     1.000E+01
1.20E-01     2.414E+07     1.000E+01
1.30E-01     2.417E+07     1.000E+01
1.40E-01     2.420E+07     1.000E+01
1.50E-01     2.423E+07     1.000E+01
1.60E-01     2.428E+07     1.000E+01
1.80E-01     2.438E+07     1.000E+01
2.00E-01     2.448E+07     1.000E+01
2.50E-01     2.478E+07     1.000E+01
3.00E-01     2.507E+07     1.000E+01
3.50E-01     2.532E+07     1.000E+01
4.00E-01     2.556E+07     1.000E+01
4.50E-01     2.576E+07     1.000E+01
5.00E-01     2.596E+07     1.000E+01
6.00E-01     2.629E+07     1.000E+01
7.00E-01     2.659E+07     1.000E+01
8.00E-01     2.687E+07     1.000E+01
9.00E-01     2.712E+07     1.000E+01
1.00E+00     2.735E+07     1.000E+01
1.25E+00     2.782E+07     1.000E+01
1.50E+00     2.830E+07     1.000E+01
1.75E+00     2.862E+07     1.000E+01
2.00E+00     2.894E+07     1.000E+01
2.50E+00     2.934E+07     1.000E+01
3.00E+00     2.958E+07     1.000E+01
3.50E+00     2.968E+07     1.000E+01
4.00E+00     2.968E+07     1.000E+01
5.00E+00     2.936E+07     1.000E+01
6.00E+00     2.859E+07     1.000E+01
7.00E+00     2.725E+07     1.000E+01
8.00E+00     2.520E+07     1.000E+01
9.00E+00     2.221E+07     1.000E+01
1.00E+01     1.820E+07     1.000E+01
