4      he4 ca39 ti43                       taly      4.46300E+00      
1.00E-03     0.000E+00     1.000E+00
2.00E-03     0.000E+00     1.000E+00
3.00E-03     0.000E+00     1.000E+00
4.00E-03     0.000E+00     1.000E+00
5.00E-03     0.000E+00     1.000E+00
6.00E-03     0.000E+00     1.000E+00
7.00E-03     0.000E+00     1.000E+00
8.00E-03     0.000E+00     1.000E+00
9.00E-03     0.000E+00     1.000E+00
1.00E-02     0.000E+00     1.000E+00
1.10E-02     0.000E+00     1.000E+00
1.20E-02     0.000E+00     1.000E+00
1.30E-02     0.000E+00     1.000E+00
1.40E-02     0.000E+00     1.000E+00
1.50E-02     0.000E+00     1.000E+00
1.60E-02     0.000E+00     1.000E+00
1.80E-02     0.000E+00     1.000E+00
2.00E-02     0.000E+00     1.000E+00
2.50E-02     0.000E+00     1.000E+00
3.00E-02     0.000E+00     1.000E+00
4.00E-02     0.000E+00     1.000E+00
5.00E-02     0.000E+00     1.000E+00
6.00E-02     0.000E+00     1.000E+00
7.00E-02     0.000E+00     1.000E+00
8.00E-02     0.000E+00     1.000E+00
9.00E-02     0.000E+00     1.000E+00
1.00E-01     0.000E+00     1.000E+00
1.10E-01     1.130E-87     1.000E+01
1.20E-01     1.277E-75     1.000E+01
1.30E-01     1.444E-63     1.000E+01
1.40E-01     1.632E-51     1.000E+01
1.50E-01     1.844E-39     1.000E+01
1.60E-01     3.327E-38     1.000E+01
1.80E-01     1.083E-35     1.000E+01
2.00E-01     3.525E-33     1.000E+01
2.50E-01     4.205E-29     1.000E+01
3.00E-01     4.327E-26     1.000E+01
3.50E-01     6.204E-24     1.000E+01
4.00E-01     8.894E-22     1.000E+01
4.50E-01     2.823E-20     1.000E+01
5.00E-01     8.963E-19     1.000E+01
6.00E-01     1.565E-16     1.000E+01
7.00E-01     8.879E-15     1.000E+01
8.00E-01     2.323E-13     1.000E+01
9.00E-01     3.466E-12     1.000E+01
1.00E+00     3.385E-11     1.000E+01
1.25E+00     1.478E-09     1.000E+01
1.50E+00     6.453E-08     1.000E+01
1.75E+00     5.346E-07     1.000E+01
2.00E+00     4.429E-06     1.000E+01
2.50E+00     6.890E-05     1.000E+01
3.00E+00     5.138E-04     1.000E+01
3.50E+00     2.596E-03     1.000E+01
4.00E+00     1.038E-02     1.000E+01
5.00E+00     1.021E-01     1.000E+01
6.00E+00     5.968E-01     1.000E+01
7.00E+00     2.276E+00     1.000E+01
8.00E+00     5.923E+00     1.000E+01
9.00E+00     1.085E+01     1.000E+01
1.00E+01     1.513E+01     1.000E+01
