5      he4 ca36    p sc39                  taly      2.85800E+00      
1.00E-03     0.000E+00     1.000E+00
2.00E-03     0.000E+00     1.000E+00
3.00E-03     0.000E+00     1.000E+00
4.00E-03     0.000E+00     1.000E+00
5.00E-03     0.000E+00     1.000E+00
6.00E-03     0.000E+00     1.000E+00
7.00E-03     0.000E+00     1.000E+00
8.00E-03     0.000E+00     1.000E+00
9.00E-03     0.000E+00     1.000E+00
1.00E-02     0.000E+00     1.000E+00
1.10E-02     0.000E+00     1.000E+00
1.20E-02     0.000E+00     1.000E+00
1.30E-02     0.000E+00     1.000E+00
1.40E-02     0.000E+00     1.000E+00
1.50E-02     0.000E+00     1.000E+00
1.60E-02     0.000E+00     1.000E+00
1.80E-02     0.000E+00     1.000E+00
2.00E-02     0.000E+00     1.000E+00
2.50E-02     0.000E+00     1.000E+00
3.00E-02     0.000E+00     1.000E+00
4.00E-02     0.000E+00     1.000E+00
5.00E-02     0.000E+00     1.000E+00
6.00E-02     0.000E+00     1.000E+00
7.00E-02     0.000E+00     1.000E+00
8.00E-02     0.000E+00     1.000E+00
9.00E-02     0.000E+00     1.000E+00
1.00E-01     0.000E+00     1.000E+00
1.10E-01     7.648E-88     1.000E+01
1.20E-01     5.850E-76     1.000E+01
1.30E-01     4.474E-64     1.000E+01
1.40E-01     3.422E-52     1.000E+01
1.50E-01     2.617E-40     1.000E+01
1.60E-01     5.531E-39     1.000E+01
1.80E-01     2.470E-36     1.000E+01
2.00E-01     1.103E-33     1.000E+01
2.50E-01     1.799E-29     1.000E+01
3.00E-01     2.140E-26     1.000E+01
3.50E-01     3.481E-24     1.000E+01
4.00E-01     5.660E-22     1.000E+01
4.50E-01     2.093E-20     1.000E+01
5.00E-01     7.742E-19     1.000E+01
6.00E-01     1.895E-16     1.000E+01
7.00E-01     1.522E-14     1.000E+01
8.00E-01     5.655E-13     1.000E+01
9.00E-01     1.203E-11     1.000E+01
1.00E+00     1.677E-10     1.000E+01
1.25E+00     1.738E-08     1.000E+01
1.50E+00     1.801E-06     1.000E+01
1.75E+00     3.279E-05     1.000E+01
2.00E+00     5.967E-04     1.000E+01
2.50E+00     3.472E-02     1.000E+01
3.00E+00     7.188E-01     1.000E+01
3.50E+00     7.575E+00     1.000E+01
4.00E+00     4.991E+01     1.000E+01
5.00E+00     8.422E+02     1.000E+01
6.00E+00     6.212E+03     1.000E+01
7.00E+00     2.675E+04     1.000E+01
8.00E+00     7.875E+04     1.000E+01
9.00E+00     1.725E+05     1.000E+01
1.00E+01     2.931E+05     1.000E+01
