5        n ca37    p  k37                  taly      1.24460E+01      
1.00E-03     5.039E+07     1.000E+01
2.00E-03     5.070E+07     1.000E+01
3.00E-03     5.101E+07     1.000E+01
4.00E-03     5.133E+07     1.000E+01
5.00E-03     5.165E+07     1.000E+01
6.00E-03     5.129E+07     1.000E+01
7.00E-03     5.094E+07     1.000E+01
8.00E-03     5.060E+07     1.000E+01
9.00E-03     5.025E+07     1.000E+01
1.00E-02     4.991E+07     1.000E+01
1.10E-02     4.987E+07     1.000E+01
1.20E-02     4.983E+07     1.000E+01
1.30E-02     4.980E+07     1.000E+01
1.40E-02     4.976E+07     1.000E+01
1.50E-02     4.972E+07     1.000E+01
1.60E-02     4.969E+07     1.000E+01
1.80E-02     4.961E+07     1.000E+01
2.00E-02     4.954E+07     1.000E+01
2.50E-02     4.936E+07     1.000E+01
3.00E-02     4.917E+07     1.000E+01
4.00E-02     4.881E+07     1.000E+01
5.00E-02     4.845E+07     1.000E+01
6.00E-02     4.839E+07     1.000E+01
7.00E-02     4.834E+07     1.000E+01
8.00E-02     4.828E+07     1.000E+01
9.00E-02     4.822E+07     1.000E+01
1.00E-01     4.817E+07     1.000E+01
1.10E-01     4.818E+07     1.000E+01
1.20E-01     4.820E+07     1.000E+01
1.30E-01     4.822E+07     1.000E+01
1.40E-01     4.823E+07     1.000E+01
1.50E-01     4.825E+07     1.000E+01
1.60E-01     4.832E+07     1.000E+01
1.80E-01     4.845E+07     1.000E+01
2.00E-01     4.859E+07     1.000E+01
2.50E-01     4.902E+07     1.000E+01
3.00E-01     4.945E+07     1.000E+01
3.50E-01     4.982E+07     1.000E+01
4.00E-01     5.018E+07     1.000E+01
4.50E-01     5.046E+07     1.000E+01
5.00E-01     5.074E+07     1.000E+01
6.00E-01     5.120E+07     1.000E+01
7.00E-01     5.162E+07     1.000E+01
8.00E-01     5.200E+07     1.000E+01
9.00E-01     5.236E+07     1.000E+01
1.00E+00     5.269E+07     1.000E+01
1.25E+00     5.337E+07     1.000E+01
1.50E+00     5.407E+07     1.000E+01
1.75E+00     5.453E+07     1.000E+01
2.00E+00     5.501E+07     1.000E+01
2.50E+00     5.560E+07     1.000E+01
3.00E+00     5.591E+07     1.000E+01
3.50E+00     5.596E+07     1.000E+01
4.00E+00     5.579E+07     1.000E+01
5.00E+00     5.478E+07     1.000E+01
6.00E+00     5.261E+07     1.000E+01
7.00E+00     4.846E+07     1.000E+01
8.00E+00     4.134E+07     1.000E+01
9.00E+00     3.172E+07     1.000E+01
1.00E+01     2.195E+07     1.000E+01
