4        n ca40 ca41                       taex      8.36300E+00      
1.00E-03     2.366E+06     1.061E+00
2.00E-03     2.159E+06     1.061E+00
3.00E-03     1.953E+06     1.061E+00
4.00E-03     1.747E+06     1.061E+00
5.00E-03     1.540E+06     1.061E+00
6.00E-03     1.500E+06     1.061E+00
7.00E-03     1.459E+06     1.061E+00
8.00E-03     1.419E+06     1.061E+00
9.00E-03     1.378E+06     1.061E+00
1.00E-02     1.338E+06     1.061E+00
1.10E-02     1.329E+06     1.061E+00
1.20E-02     1.321E+06     1.061E+00
1.30E-02     1.312E+06     1.061E+00
1.40E-02     1.304E+06     1.061E+00
1.50E-02     1.295E+06     1.061E+00
1.60E-02     1.287E+06     1.061E+00
1.80E-02     1.270E+06     1.061E+00
2.00E-02     1.253E+06     1.061E+00
2.50E-02     1.211E+06     1.061E+00
3.00E-02     1.169E+06     1.061E+00
4.00E-02     1.084E+06     1.061E+00
5.00E-02     9.998E+05     1.061E+00
6.00E-02     9.795E+05     1.061E+00
7.00E-02     9.592E+05     1.061E+00
8.00E-02     9.389E+05     1.061E+00
9.00E-02     9.185E+05     1.061E+00
1.00E-01     8.982E+05     1.061E+00
1.10E-01     8.908E+05     1.061E+00
1.20E-01     8.833E+05     1.061E+00
1.30E-01     8.759E+05     1.061E+00
1.40E-01     8.684E+05     1.061E+00
1.50E-01     8.610E+05     1.061E+00
1.60E-01     8.578E+05     1.061E+00
1.80E-01     8.514E+05     1.061E+00
2.00E-01     8.451E+05     1.061E+00
2.50E-01     8.375E+05     1.061E+00
3.00E-01     8.330E+05     1.061E+00
3.50E-01     8.298E+05     1.061E+00
4.00E-01     8.266E+05     1.061E+00
4.50E-01     8.240E+05     1.061E+00
5.00E-01     8.213E+05     1.061E+00
6.00E-01     8.170E+05     1.061E+00
7.00E-01     8.140E+05     1.061E+00
8.00E-01     8.122E+05     1.061E+00
9.00E-01     8.116E+05     1.061E+00
1.00E+00     8.121E+05     1.061E+00
1.25E+00     8.195E+05     1.061E+00
1.50E+00     8.269E+05     1.061E+00
1.75E+00     8.415E+05     1.061E+00
2.00E+00     8.562E+05     1.061E+00
2.50E+00     8.943E+05     1.061E+00
3.00E+00     9.377E+05     1.061E+00
3.50E+00     9.840E+05     1.061E+00
4.00E+00     1.032E+06     1.061E+00
5.00E+00     1.127E+06     1.061E+00
6.00E+00     1.218E+06     1.061E+00
7.00E+00     1.298E+06     1.061E+00
8.00E+00     1.356E+06     1.061E+00
9.00E+00     1.369E+06     1.061E+00
1.00E+01     1.310E+06     1.061E+00
