5        p ca42  he4  k39                  taly      1.24000E-01      
1.00E-03     0.000E+00     1.000E+00
2.00E-03     0.000E+00     1.000E+00
3.00E-03     0.000E+00     1.000E+00
4.00E-03     0.000E+00     1.000E+00
5.00E-03     0.000E+00     1.000E+00
6.00E-03     0.000E+00     1.000E+00
7.00E-03     0.000E+00     1.000E+00
8.00E-03     0.000E+00     1.000E+00
9.00E-03     0.000E+00     1.000E+00
1.00E-02     0.000E+00     1.000E+00
1.10E-02     6.255E-98     1.000E+01
1.20E-02     3.913E-96     1.000E+01
1.30E-02     2.448E-94     1.000E+01
1.40E-02     1.531E-92     1.000E+01
1.50E-02     9.577E-91     1.000E+01
1.60E-02     5.991E-89     1.000E+01
1.80E-02     2.344E-85     1.000E+01
2.00E-02     9.172E-82     1.000E+01
2.50E-02     8.785E-73     1.000E+01
3.00E-02     8.413E-64     1.000E+01
4.00E-02     7.717E-46     1.000E+01
5.00E-02     7.078E-28     1.000E+01
6.00E-02     4.479E-27     1.000E+01
7.00E-02     2.835E-26     1.000E+01
8.00E-02     1.794E-25     1.000E+01
9.00E-02     1.135E-24     1.000E+01
1.00E-01     7.186E-24     1.000E+01
1.10E-01     1.311E-23     1.000E+01
1.20E-01     2.390E-23     1.000E+01
1.30E-01     4.359E-23     1.000E+01
1.40E-01     7.951E-23     1.000E+01
1.50E-01     1.450E-22     1.000E+01
1.60E-01     1.949E-22     1.000E+01
1.80E-01     3.521E-22     1.000E+01
2.00E-01     6.361E-22     1.000E+01
2.50E-01     1.530E-21     1.000E+01
3.00E-01     3.157E-21     1.000E+01
3.50E-01     1.106E-19     1.000E+01
4.00E-01     3.872E-18     1.000E+01
4.50E-01     1.007E-16     1.000E+01
5.00E-01     2.619E-15     1.000E+01
6.00E-01     3.752E-13     1.000E+01
7.00E-01     1.979E-11     1.000E+01
8.00E-01     5.236E-10     1.000E+01
9.00E-01     8.363E-09     1.000E+01
1.00E+00     9.092E-08     1.000E+01
1.25E+00     6.083E-06     1.000E+01
1.50E+00     4.069E-04     1.000E+01
1.75E+00     5.660E-03     1.000E+01
2.00E+00     7.872E-02     1.000E+01
2.50E+00     3.231E+00     1.000E+01
3.00E+00     5.248E+01     1.000E+01
3.50E+00     4.570E+02     1.000E+01
4.00E+00     2.544E+03     1.000E+01
5.00E+00     3.110E+04     1.000E+01
6.00E+00     1.591E+05     1.000E+01
7.00E+00     4.274E+05     1.000E+01
8.00E+00     7.255E+05     1.000E+01
9.00E+00     9.482E+05     1.000E+01
1.00E+01     1.098E+06     1.000E+01
