4        n ca39 ca40                       taly      1.56340E+01      
1.00E-03     3.590E+04     1.000E+01
2.00E-03     3.610E+04     1.000E+01
3.00E-03     3.630E+04     1.000E+01
4.00E-03     3.651E+04     1.000E+01
5.00E-03     3.671E+04     1.000E+01
6.00E-03     3.646E+04     1.000E+01
7.00E-03     3.622E+04     1.000E+01
8.00E-03     3.597E+04     1.000E+01
9.00E-03     3.572E+04     1.000E+01
1.00E-02     3.548E+04     1.000E+01
1.10E-02     3.547E+04     1.000E+01
1.20E-02     3.545E+04     1.000E+01
1.30E-02     3.544E+04     1.000E+01
1.40E-02     3.543E+04     1.000E+01
1.50E-02     3.542E+04     1.000E+01
1.60E-02     3.540E+04     1.000E+01
1.80E-02     3.538E+04     1.000E+01
2.00E-02     3.535E+04     1.000E+01
2.50E-02     3.529E+04     1.000E+01
3.00E-02     3.523E+04     1.000E+01
4.00E-02     3.511E+04     1.000E+01
5.00E-02     3.498E+04     1.000E+01
6.00E-02     3.512E+04     1.000E+01
7.00E-02     3.527E+04     1.000E+01
8.00E-02     3.541E+04     1.000E+01
9.00E-02     3.555E+04     1.000E+01
1.00E-01     3.569E+04     1.000E+01
1.10E-01     3.590E+04     1.000E+01
1.20E-01     3.611E+04     1.000E+01
1.30E-01     3.632E+04     1.000E+01
1.40E-01     3.653E+04     1.000E+01
1.50E-01     3.674E+04     1.000E+01
1.60E-01     3.699E+04     1.000E+01
1.80E-01     3.748E+04     1.000E+01
2.00E-01     3.798E+04     1.000E+01
2.50E-01     3.929E+04     1.000E+01
3.00E-01     4.056E+04     1.000E+01
3.50E-01     4.172E+04     1.000E+01
4.00E-01     4.288E+04     1.000E+01
4.50E-01     4.391E+04     1.000E+01
5.00E-01     4.494E+04     1.000E+01
6.00E-01     4.682E+04     1.000E+01
7.00E-01     4.858E+04     1.000E+01
8.00E-01     5.024E+04     1.000E+01
9.00E-01     5.181E+04     1.000E+01
1.00E+00     5.330E+04     1.000E+01
1.25E+00     5.652E+04     1.000E+01
1.50E+00     5.974E+04     1.000E+01
1.75E+00     6.234E+04     1.000E+01
2.00E+00     6.493E+04     1.000E+01
2.50E+00     6.921E+04     1.000E+01
3.00E+00     7.284E+04     1.000E+01
3.50E+00     7.595E+04     1.000E+01
4.00E+00     7.867E+04     1.000E+01
5.00E+00     8.300E+04     1.000E+01
6.00E+00     8.538E+04     1.000E+01
7.00E+00     8.354E+04     1.000E+01
8.00E+00     7.386E+04     1.000E+01
9.00E+00     5.653E+04     1.000E+01
1.00E+01     3.833E+04     1.000E+01
