5        n cd96    p ag96                  taly      9.72100E+00      
1.00E-03     1.964E+08     1.000E+01
2.00E-03     1.996E+08     1.000E+01
3.00E-03     2.028E+08     1.000E+01
4.00E-03     2.061E+08     1.000E+01
5.00E-03     2.095E+08     1.000E+01
6.00E-03     2.099E+08     1.000E+01
7.00E-03     2.102E+08     1.000E+01
8.00E-03     2.106E+08     1.000E+01
9.00E-03     2.110E+08     1.000E+01
1.00E-02     2.113E+08     1.000E+01
1.10E-02     2.127E+08     1.000E+01
1.20E-02     2.141E+08     1.000E+01
1.30E-02     2.155E+08     1.000E+01
1.40E-02     2.169E+08     1.000E+01
1.50E-02     2.183E+08     1.000E+01
1.60E-02     2.197E+08     1.000E+01
1.80E-02     2.226E+08     1.000E+01
2.00E-02     2.255E+08     1.000E+01
2.50E-02     2.329E+08     1.000E+01
3.00E-02     2.406E+08     1.000E+01
4.00E-02     2.567E+08     1.000E+01
5.00E-02     2.739E+08     1.000E+01
6.00E-02     2.875E+08     1.000E+01
7.00E-02     3.018E+08     1.000E+01
8.00E-02     3.169E+08     1.000E+01
9.00E-02     3.326E+08     1.000E+01
1.00E-01     3.492E+08     1.000E+01
1.10E-01     3.624E+08     1.000E+01
1.20E-01     3.762E+08     1.000E+01
1.30E-01     3.905E+08     1.000E+01
1.40E-01     4.053E+08     1.000E+01
1.50E-01     4.207E+08     1.000E+01
1.60E-01     4.335E+08     1.000E+01
1.80E-01     4.604E+08     1.000E+01
2.00E-01     4.889E+08     1.000E+01
2.50E-01     5.526E+08     1.000E+01
3.00E-01     6.103E+08     1.000E+01
3.50E-01     6.545E+08     1.000E+01
4.00E-01     7.018E+08     1.000E+01
4.50E-01     7.175E+08     1.000E+01
5.00E-01     7.334E+08     1.000E+01
6.00E-01     6.665E+08     1.000E+01
7.00E-01     5.264E+08     1.000E+01
8.00E-01     3.846E+08     1.000E+01
9.00E-01     2.776E+08     1.000E+01
1.00E+00     2.053E+08     1.000E+01
1.25E+00     1.239E+08     1.000E+01
1.50E+00     7.474E+07     1.000E+01
1.75E+00     5.837E+07     1.000E+01
2.00E+00     4.559E+07     1.000E+01
2.50E+00     3.487E+07     1.000E+01
3.00E+00     2.986E+07     1.000E+01
3.50E+00     2.723E+07     1.000E+01
4.00E+00     2.578E+07     1.000E+01
5.00E+00     2.443E+07     1.000E+01
6.00E+00     2.378E+07     1.000E+01
7.00E+00     2.322E+07     1.000E+01
8.00E+00     2.256E+07     1.000E+01
9.00E+00     2.174E+07     1.000E+01
1.00E+01     2.076E+07     1.000E+01
