4        p cd97 in98                       taly      7.31000E-01      
1.00E-03     0.000E+00     1.000E+00
2.00E-03     0.000E+00     1.000E+00
3.00E-03     0.000E+00     1.000E+00
4.00E-03     0.000E+00     1.000E+00
5.00E-03     0.000E+00     1.000E+00
6.00E-03     0.000E+00     1.000E+00
7.00E-03     0.000E+00     1.000E+00
8.00E-03     0.000E+00     1.000E+00
9.00E-03     0.000E+00     1.000E+00
1.00E-02     0.000E+00     1.000E+00
1.10E-02     0.000E+00     1.000E+00
1.20E-02     0.000E+00     1.000E+00
1.30E-02     0.000E+00     1.000E+00
1.40E-02     0.000E+00     1.000E+00
1.50E-02     0.000E+00     1.000E+00
1.60E-02     0.000E+00     1.000E+00
1.80E-02     0.000E+00     1.000E+00
2.00E-02     0.000E+00     1.000E+00
2.50E-02     0.000E+00     1.000E+00
3.00E-02     0.000E+00     1.000E+00
4.00E-02     0.000E+00     1.000E+00
5.00E-02     0.000E+00     1.000E+00
6.00E-02     1.590E-86     1.000E+01
7.00E-02     2.527E-73     1.000E+01
8.00E-02     4.017E-60     1.000E+01
9.00E-02     6.387E-47     1.000E+01
1.00E-01     1.015E-33     1.000E+01
1.10E-01     2.485E-32     1.000E+01
1.20E-01     6.081E-31     1.000E+01
1.30E-01     1.488E-29     1.000E+01
1.40E-01     3.642E-28     1.000E+01
1.50E-01     8.913E-27     1.000E+01
1.60E-01     5.956E-26     1.000E+01
1.80E-01     2.660E-24     1.000E+01
2.00E-01     1.188E-22     1.000E+01
2.50E-01     9.809E-20     1.000E+01
3.00E-01     1.635E-17     1.000E+01
3.50E-01     6.729E-16     1.000E+01
4.00E-01     2.770E-14     1.000E+01
4.50E-01     3.772E-13     1.000E+01
5.00E-01     5.138E-12     1.000E+01
6.00E-01     2.438E-10     1.000E+01
7.00E-01     4.544E-09     1.000E+01
8.00E-01     4.373E-08     1.000E+01
9.00E-01     2.635E-07     1.000E+01
1.00E+00     1.139E-06     1.000E+01
1.25E+00     1.174E-05     1.000E+01
1.50E+00     1.210E-04     1.000E+01
1.75E+00     4.481E-04     1.000E+01
2.00E+00     1.659E-03     1.000E+01
2.50E+00     9.252E-03     1.000E+01
3.00E+00     3.160E-02     1.000E+01
3.50E+00     8.010E-02     1.000E+01
4.00E+00     1.670E-01     1.000E+01
5.00E+00     5.019E-01     1.000E+01
6.00E+00     1.117E+00     1.000E+01
7.00E+00     2.069E+00     1.000E+01
8.00E+00     3.400E+00     1.000E+01
9.00E+00     5.134E+00     1.000E+01
1.00E+01     7.275E+00     1.000E+01
