5        n cd96  he4 pd93                  taly      9.21300E+00      
1.00E-03     2.191E+02     1.000E+01
2.00E-03     2.216E+02     1.000E+01
3.00E-03     2.240E+02     1.000E+01
4.00E-03     2.265E+02     1.000E+01
5.00E-03     2.290E+02     1.000E+01
6.00E-03     2.284E+02     1.000E+01
7.00E-03     2.277E+02     1.000E+01
8.00E-03     2.271E+02     1.000E+01
9.00E-03     2.265E+02     1.000E+01
1.00E-02     2.258E+02     1.000E+01
1.10E-02     2.264E+02     1.000E+01
1.20E-02     2.271E+02     1.000E+01
1.30E-02     2.277E+02     1.000E+01
1.40E-02     2.284E+02     1.000E+01
1.50E-02     2.290E+02     1.000E+01
1.60E-02     2.296E+02     1.000E+01
1.80E-02     2.309E+02     1.000E+01
2.00E-02     2.322E+02     1.000E+01
2.50E-02     2.355E+02     1.000E+01
3.00E-02     2.388E+02     1.000E+01
4.00E-02     2.456E+02     1.000E+01
5.00E-02     2.525E+02     1.000E+01
6.00E-02     2.594E+02     1.000E+01
7.00E-02     2.664E+02     1.000E+01
8.00E-02     2.737E+02     1.000E+01
9.00E-02     2.811E+02     1.000E+01
1.00E-01     2.887E+02     1.000E+01
1.10E-01     2.957E+02     1.000E+01
1.20E-01     3.028E+02     1.000E+01
1.30E-01     3.101E+02     1.000E+01
1.40E-01     3.175E+02     1.000E+01
1.50E-01     3.252E+02     1.000E+01
1.60E-01     3.322E+02     1.000E+01
1.80E-01     3.468E+02     1.000E+01
2.00E-01     3.620E+02     1.000E+01
2.50E-01     3.979E+02     1.000E+01
3.00E-01     4.318E+02     1.000E+01
3.50E-01     4.599E+02     1.000E+01
4.00E-01     4.899E+02     1.000E+01
4.50E-01     5.040E+02     1.000E+01
5.00E-01     5.185E+02     1.000E+01
6.00E-01     4.913E+02     1.000E+01
7.00E-01     4.173E+02     1.000E+01
8.00E-01     3.367E+02     1.000E+01
9.00E-01     2.737E+02     1.000E+01
1.00E+00     2.305E+02     1.000E+01
1.25E+00     1.942E+02     1.000E+01
1.50E+00     1.636E+02     1.000E+01
1.75E+00     1.726E+02     1.000E+01
2.00E+00     1.822E+02     1.000E+01
2.50E+00     2.410E+02     1.000E+01
3.00E+00     3.405E+02     1.000E+01
3.50E+00     4.862E+02     1.000E+01
4.00E+00     6.837E+02     1.000E+01
5.00E+00     1.283E+03     1.000E+01
6.00E+00     2.416E+03     1.000E+01
7.00E+00     4.927E+03     1.000E+01
8.00E+00     1.052E+04     1.000E+01
9.00E+00     2.173E+04     1.000E+01
1.00E+01     4.150E+04     1.000E+01
