5        n cd98    p ag98                  taly      6.21200E+00      
1.00E-03     2.116E+08     1.000E+01
2.00E-03     2.130E+08     1.000E+01
3.00E-03     2.144E+08     1.000E+01
4.00E-03     2.158E+08     1.000E+01
5.00E-03     2.173E+08     1.000E+01
6.00E-03     2.167E+08     1.000E+01
7.00E-03     2.162E+08     1.000E+01
8.00E-03     2.156E+08     1.000E+01
9.00E-03     2.151E+08     1.000E+01
1.00E-02     2.145E+08     1.000E+01
1.10E-02     2.156E+08     1.000E+01
1.20E-02     2.166E+08     1.000E+01
1.30E-02     2.177E+08     1.000E+01
1.40E-02     2.187E+08     1.000E+01
1.50E-02     2.198E+08     1.000E+01
1.60E-02     2.208E+08     1.000E+01
1.80E-02     2.229E+08     1.000E+01
2.00E-02     2.251E+08     1.000E+01
2.50E-02     2.306E+08     1.000E+01
3.00E-02     2.362E+08     1.000E+01
4.00E-02     2.478E+08     1.000E+01
5.00E-02     2.600E+08     1.000E+01
6.00E-02     2.702E+08     1.000E+01
7.00E-02     2.809E+08     1.000E+01
8.00E-02     2.920E+08     1.000E+01
9.00E-02     3.035E+08     1.000E+01
1.00E-01     3.155E+08     1.000E+01
1.10E-01     3.244E+08     1.000E+01
1.20E-01     3.336E+08     1.000E+01
1.30E-01     3.430E+08     1.000E+01
1.40E-01     3.528E+08     1.000E+01
1.50E-01     3.627E+08     1.000E+01
1.60E-01     3.706E+08     1.000E+01
1.80E-01     3.869E+08     1.000E+01
2.00E-01     4.039E+08     1.000E+01
2.50E-01     4.396E+08     1.000E+01
3.00E-01     4.702E+08     1.000E+01
3.50E-01     4.940E+08     1.000E+01
4.00E-01     5.190E+08     1.000E+01
4.50E-01     5.373E+08     1.000E+01
5.00E-01     5.561E+08     1.000E+01
6.00E-01     5.859E+08     1.000E+01
7.00E-01     6.109E+08     1.000E+01
8.00E-01     6.325E+08     1.000E+01
9.00E-01     6.519E+08     1.000E+01
1.00E+00     6.695E+08     1.000E+01
1.25E+00     7.053E+08     1.000E+01
1.50E+00     7.431E+08     1.000E+01
1.75E+00     7.745E+08     1.000E+01
2.00E+00     8.072E+08     1.000E+01
2.50E+00     8.713E+08     1.000E+01
3.00E+00     9.411E+08     1.000E+01
3.50E+00     1.016E+09     1.000E+01
4.00E+00     1.073E+09     1.000E+01
5.00E+00     9.864E+08     1.000E+01
6.00E+00     7.165E+08     1.000E+01
7.00E+00     5.053E+08     1.000E+01
8.00E+00     3.733E+08     1.000E+01
9.00E+00     2.880E+08     1.000E+01
1.00E+01     2.287E+08     1.000E+01
