5        n cl34  he4  p31                  taly      5.64700E+00      
1.00E-03     1.655E+08     1.000E+01
2.00E-03     1.662E+08     1.000E+01
3.00E-03     1.668E+08     1.000E+01
4.00E-03     1.674E+08     1.000E+01
5.00E-03     1.681E+08     1.000E+01
6.00E-03     1.667E+08     1.000E+01
7.00E-03     1.654E+08     1.000E+01
8.00E-03     1.641E+08     1.000E+01
9.00E-03     1.628E+08     1.000E+01
1.00E-02     1.616E+08     1.000E+01
1.10E-02     1.614E+08     1.000E+01
1.20E-02     1.612E+08     1.000E+01
1.30E-02     1.610E+08     1.000E+01
1.40E-02     1.609E+08     1.000E+01
1.50E-02     1.607E+08     1.000E+01
1.60E-02     1.605E+08     1.000E+01
1.80E-02     1.602E+08     1.000E+01
2.00E-02     1.599E+08     1.000E+01
2.50E-02     1.590E+08     1.000E+01
3.00E-02     1.582E+08     1.000E+01
4.00E-02     1.565E+08     1.000E+01
5.00E-02     1.549E+08     1.000E+01
6.00E-02     1.547E+08     1.000E+01
7.00E-02     1.545E+08     1.000E+01
8.00E-02     1.544E+08     1.000E+01
9.00E-02     1.542E+08     1.000E+01
1.00E-01     1.541E+08     1.000E+01
1.10E-01     1.543E+08     1.000E+01
1.20E-01     1.545E+08     1.000E+01
1.30E-01     1.547E+08     1.000E+01
1.40E-01     1.549E+08     1.000E+01
1.50E-01     1.552E+08     1.000E+01
1.60E-01     1.556E+08     1.000E+01
1.80E-01     1.565E+08     1.000E+01
2.00E-01     1.574E+08     1.000E+01
2.50E-01     1.598E+08     1.000E+01
3.00E-01     1.619E+08     1.000E+01
3.50E-01     1.626E+08     1.000E+01
4.00E-01     1.634E+08     1.000E+01
4.50E-01     1.628E+08     1.000E+01
5.00E-01     1.621E+08     1.000E+01
6.00E-01     1.600E+08     1.000E+01
7.00E-01     1.581E+08     1.000E+01
8.00E-01     1.570E+08     1.000E+01
9.00E-01     1.566E+08     1.000E+01
1.00E+00     1.568E+08     1.000E+01
1.25E+00     1.599E+08     1.000E+01
1.50E+00     1.631E+08     1.000E+01
1.75E+00     1.679E+08     1.000E+01
2.00E+00     1.728E+08     1.000E+01
2.50E+00     1.829E+08     1.000E+01
3.00E+00     1.924E+08     1.000E+01
3.50E+00     2.011E+08     1.000E+01
4.00E+00     2.090E+08     1.000E+01
5.00E+00     2.221E+08     1.000E+01
6.00E+00     2.291E+08     1.000E+01
7.00E+00     2.248E+08     1.000E+01
8.00E+00     2.059E+08     1.000E+01
9.00E+00     1.757E+08     1.000E+01
1.00E+01     1.422E+08     1.000E+01
