4      he4 cl32  k36                       taly      6.50700E+00      
1.00E-03     0.000E+00     1.000E+00
2.00E-03     0.000E+00     1.000E+00
3.00E-03     0.000E+00     1.000E+00
4.00E-03     0.000E+00     1.000E+00
5.00E-03     0.000E+00     1.000E+00
6.00E-03     0.000E+00     1.000E+00
7.00E-03     0.000E+00     1.000E+00
8.00E-03     0.000E+00     1.000E+00
9.00E-03     0.000E+00     1.000E+00
1.00E-02     0.000E+00     1.000E+00
1.10E-02     0.000E+00     1.000E+00
1.20E-02     0.000E+00     1.000E+00
1.30E-02     0.000E+00     1.000E+00
1.40E-02     0.000E+00     1.000E+00
1.50E-02     0.000E+00     1.000E+00
1.60E-02     0.000E+00     1.000E+00
1.80E-02     0.000E+00     1.000E+00
2.00E-02     0.000E+00     1.000E+00
2.50E-02     0.000E+00     1.000E+00
3.00E-02     0.000E+00     1.000E+00
4.00E-02     0.000E+00     1.000E+00
5.00E-02     0.000E+00     1.000E+00
6.00E-02     1.739E-89     1.000E+01
7.00E-02     3.023E-79     1.000E+01
8.00E-02     5.257E-69     1.000E+01
9.00E-02     9.142E-59     1.000E+01
1.00E-01     1.590E-48     1.000E+01
1.10E-01     1.519E-46     1.000E+01
1.20E-01     1.452E-44     1.000E+01
1.30E-01     1.387E-42     1.000E+01
1.40E-01     1.326E-40     1.000E+01
1.50E-01     1.267E-38     1.000E+01
1.60E-01     1.406E-37     1.000E+01
1.80E-01     1.733E-35     1.000E+01
2.00E-01     2.135E-33     1.000E+01
2.50E-01     7.611E-30     1.000E+01
3.00E-01     3.888E-27     1.000E+01
3.50E-01     3.595E-25     1.000E+01
4.00E-01     3.325E-23     1.000E+01
4.50E-01     8.076E-22     1.000E+01
5.00E-01     1.962E-20     1.000E+01
6.00E-01     2.500E-18     1.000E+01
7.00E-01     1.196E-16     1.000E+01
8.00E-01     2.904E-15     1.000E+01
9.00E-01     4.296E-14     1.000E+01
1.00E+00     4.357E-13     1.000E+01
1.25E+00     2.494E-11     1.000E+01
1.50E+00     1.428E-09     1.000E+01
1.75E+00     1.771E-08     1.000E+01
2.00E+00     2.196E-07     1.000E+01
2.50E+00     7.791E-06     1.000E+01
3.00E+00     1.159E-04     1.000E+01
3.50E+00     9.595E-04     1.000E+01
4.00E+00     5.217E-03     1.000E+01
5.00E+00     6.524E-02     1.000E+01
6.00E+00     3.856E-01     1.000E+01
7.00E+00     1.414E+00     1.000E+01
8.00E+00     3.707E+00     1.000E+01
9.00E+00     7.501E+00     1.000E+01
1.00E+01     1.228E+01     1.000E+01
