4      he4 cl31  k35                       taly      6.53200E+00      
1.00E-03     0.000E+00     1.000E+00
2.00E-03     0.000E+00     1.000E+00
3.00E-03     0.000E+00     1.000E+00
4.00E-03     0.000E+00     1.000E+00
5.00E-03     0.000E+00     1.000E+00
6.00E-03     0.000E+00     1.000E+00
7.00E-03     0.000E+00     1.000E+00
8.00E-03     0.000E+00     1.000E+00
9.00E-03     0.000E+00     1.000E+00
1.00E-02     0.000E+00     1.000E+00
1.10E-02     0.000E+00     1.000E+00
1.20E-02     0.000E+00     1.000E+00
1.30E-02     0.000E+00     1.000E+00
1.40E-02     0.000E+00     1.000E+00
1.50E-02     0.000E+00     1.000E+00
1.60E-02     0.000E+00     1.000E+00
1.80E-02     0.000E+00     1.000E+00
2.00E-02     0.000E+00     1.000E+00
2.50E-02     0.000E+00     1.000E+00
3.00E-02     0.000E+00     1.000E+00
4.00E-02     0.000E+00     1.000E+00
5.00E-02     0.000E+00     1.000E+00
6.00E-02     3.634E-89     1.000E+01
7.00E-02     1.321E-78     1.000E+01
8.00E-02     4.799E-68     1.000E+01
9.00E-02     1.744E-57     1.000E+01
1.00E-01     6.338E-47     1.000E+01
1.10E-01     4.442E-45     1.000E+01
1.20E-01     3.113E-43     1.000E+01
1.30E-01     2.182E-41     1.000E+01
1.40E-01     1.529E-39     1.000E+01
1.50E-01     1.072E-37     1.000E+01
1.60E-01     8.935E-37     1.000E+01
1.80E-01     6.211E-35     1.000E+01
2.00E-01     4.317E-33     1.000E+01
2.50E-01     3.941E-30     1.000E+01
3.00E-01     1.146E-27     1.000E+01
3.50E-01     1.022E-25     1.000E+01
4.00E-01     9.114E-24     1.000E+01
4.50E-01     2.305E-22     1.000E+01
5.00E-01     5.827E-21     1.000E+01
6.00E-01     7.968E-19     1.000E+01
7.00E-01     4.022E-17     1.000E+01
8.00E-01     1.028E-15     1.000E+01
9.00E-01     1.611E-14     1.000E+01
1.00E+00     1.740E-13     1.000E+01
1.25E+00     1.173E-11     1.000E+01
1.50E+00     7.905E-10     1.000E+01
1.75E+00     1.106E-08     1.000E+01
2.00E+00     1.548E-07     1.000E+01
2.50E+00     6.237E-06     1.000E+01
3.00E+00     9.683E-05     1.000E+01
3.50E+00     7.974E-04     1.000E+01
4.00E+00     4.211E-03     1.000E+01
5.00E+00     4.847E-02     1.000E+01
6.00E+00     2.642E-01     1.000E+01
7.00E+00     9.140E-01     1.000E+01
8.00E+00     2.355E+00     1.000E+01
9.00E+00     4.961E+00     1.000E+01
1.00E+01     9.042E+00     1.000E+01
