4        p cl35 ar36                       mc10      8.50697e+00      
1.00E-03     0.000E+00     1.000E+00
2.00E-03     0.000E+00     1.000E+00
3.00E-03     0.000E+00     1.000E+00
4.00E-03     0.000E+00     1.000E+00
5.00E-03     0.000E+00     1.000E+00
6.00E-03     0.000E+00     1.000E+00
7.00E-03     0.000E+00     1.000E+00
8.00E-03     0.000E+00     1.000E+00
9.00E-03     0.000E+00     1.000E+00
1.00E-02     1.121E-40     2.204E+00
1.10E-02     1.620E-38     2.087E+00
1.20E-02     1.010E-36     1.997E+00
1.30E-02     3.294E-35     1.925E+00
1.40E-02     6.488E-34     1.867E+00
1.50E-02     8.514E-33     1.820E+00
1.60E-02     8.070E-32     1.781E+00
1.80E-02     3.368E-30     1.719E+00
2.00E-02     6.588E-29     1.672E+00
2.50E-02     1.514E-26     1.566E+00
3.00E-02     1.161E-24     2.163E+00
4.00E-02     1.818E-21     4.618E+00
5.00E-02     3.289E-19     2.492E+00
6.00E-02     5.149E-17     1.892E+00
7.00E-02     3.373E-15     1.851E+00
8.00E-02     8.360E-14     1.775E+00
9.00E-02     1.017E-12     1.701E+00
1.00E-01     7.616E-12     1.633E+00
1.10E-01     4.120E-11     1.567E+00
1.20E-01     1.802E-10     1.503E+00
1.30E-01     6.874E-10     1.444E+00
1.40E-01     2.418E-09     1.396E+00
1.50E-01     8.077E-09     1.363E+00
1.60E-01     2.556E-08     1.340E+00
1.80E-01     2.104E-07     1.302E+00
2.00E-01     1.352E-06     1.263E+00
2.50E-01     5.988E-05     1.202E+00
3.00E-01     9.999E-04     1.196E+00
3.50E-01     8.226E-03     1.193E+00
4.00E-01     4.138E-02     1.185E+00
4.50E-01     1.479E-01     1.174E+00
5.00E-01     4.146E-01     1.163E+00
6.00E-01     1.989E+00     1.141E+00
7.00E-01     6.293E+00     1.122E+00
8.00E-01     1.540E+01     1.105E+00
9.00E-01     3.175E+01     1.091E+00
1.00E+00     5.793E+01     1.080E+00
1.25E+00     1.814E+02     1.064E+00
1.50E+00     4.050E+02     1.058E+00
1.75E+00     7.327E+02     1.055E+00
2.00E+00     1.156E+03     1.053E+00
2.50E+00     2.228E+03     1.050E+00
3.00E+00     3.521E+03     1.047E+00
3.50E+00     4.951E+03     1.045E+00
4.00E+00     6.452E+03     1.043E+00
5.00E+00     9.479E+03     1.041E+00
6.00E+00     1.257E+04     1.041E+00
7.00E+00     1.579E+04     1.041E+00
8.00E+00     1.898E+04     1.041E+00
9.00E+00     2.223E+04     1.041E+00
1.00E+01     2.594E+04     1.041E+00
