5        n cl32    p  s32                  taly      1.34630E+01      
1.00E-03     2.269E+08     1.000E+01
2.00E-03     2.287E+08     1.000E+01
3.00E-03     2.306E+08     1.000E+01
4.00E-03     2.326E+08     1.000E+01
5.00E-03     2.345E+08     1.000E+01
6.00E-03     2.333E+08     1.000E+01
7.00E-03     2.320E+08     1.000E+01
8.00E-03     2.308E+08     1.000E+01
9.00E-03     2.296E+08     1.000E+01
1.00E-02     2.284E+08     1.000E+01
1.10E-02     2.285E+08     1.000E+01
1.20E-02     2.286E+08     1.000E+01
1.30E-02     2.287E+08     1.000E+01
1.40E-02     2.288E+08     1.000E+01
1.50E-02     2.290E+08     1.000E+01
1.60E-02     2.291E+08     1.000E+01
1.80E-02     2.293E+08     1.000E+01
2.00E-02     2.296E+08     1.000E+01
2.50E-02     2.302E+08     1.000E+01
3.00E-02     2.308E+08     1.000E+01
4.00E-02     2.321E+08     1.000E+01
5.00E-02     2.333E+08     1.000E+01
6.00E-02     2.354E+08     1.000E+01
7.00E-02     2.376E+08     1.000E+01
8.00E-02     2.397E+08     1.000E+01
9.00E-02     2.419E+08     1.000E+01
1.00E-01     2.441E+08     1.000E+01
1.10E-01     2.464E+08     1.000E+01
1.20E-01     2.487E+08     1.000E+01
1.30E-01     2.510E+08     1.000E+01
1.40E-01     2.534E+08     1.000E+01
1.50E-01     2.557E+08     1.000E+01
1.60E-01     2.582E+08     1.000E+01
1.80E-01     2.630E+08     1.000E+01
2.00E-01     2.680E+08     1.000E+01
2.50E-01     2.799E+08     1.000E+01
3.00E-01     2.908E+08     1.000E+01
3.50E-01     2.999E+08     1.000E+01
4.00E-01     3.094E+08     1.000E+01
4.50E-01     3.172E+08     1.000E+01
5.00E-01     3.253E+08     1.000E+01
6.00E-01     3.396E+08     1.000E+01
7.00E-01     3.529E+08     1.000E+01
8.00E-01     3.652E+08     1.000E+01
9.00E-01     3.766E+08     1.000E+01
1.00E+00     3.871E+08     1.000E+01
1.25E+00     4.072E+08     1.000E+01
1.50E+00     4.284E+08     1.000E+01
1.75E+00     4.417E+08     1.000E+01
2.00E+00     4.555E+08     1.000E+01
2.50E+00     4.728E+08     1.000E+01
3.00E+00     4.830E+08     1.000E+01
3.50E+00     4.881E+08     1.000E+01
4.00E+00     4.893E+08     1.000E+01
5.00E+00     4.827E+08     1.000E+01
6.00E+00     4.670E+08     1.000E+01
7.00E+00     4.417E+08     1.000E+01
8.00E+00     4.035E+08     1.000E+01
9.00E+00     3.499E+08     1.000E+01
1.00E+01     2.845E+08     1.000E+01
