5      he4 cl34    p ar37                  taly      1.64400E+00      
1.00E-03     0.000E+00     1.000E+00
2.00E-03     0.000E+00     1.000E+00
3.00E-03     0.000E+00     1.000E+00
4.00E-03     0.000E+00     1.000E+00
5.00E-03     0.000E+00     1.000E+00
6.00E-03     0.000E+00     1.000E+00
7.00E-03     0.000E+00     1.000E+00
8.00E-03     0.000E+00     1.000E+00
9.00E-03     0.000E+00     1.000E+00
1.00E-02     0.000E+00     1.000E+00
1.10E-02     0.000E+00     1.000E+00
1.20E-02     0.000E+00     1.000E+00
1.30E-02     0.000E+00     1.000E+00
1.40E-02     0.000E+00     1.000E+00
1.50E-02     0.000E+00     1.000E+00
1.60E-02     0.000E+00     1.000E+00
1.80E-02     0.000E+00     1.000E+00
2.00E-02     0.000E+00     1.000E+00
2.50E-02     0.000E+00     1.000E+00
3.00E-02     0.000E+00     1.000E+00
4.00E-02     0.000E+00     1.000E+00
5.00E-02     0.000E+00     1.000E+00
6.00E-02     1.427E-88     1.000E+01
7.00E-02     2.038E-77     1.000E+01
8.00E-02     2.908E-66     1.000E+01
9.00E-02     4.152E-55     1.000E+01
1.00E-01     5.926E-44     1.000E+01
1.10E-01     5.921E-42     1.000E+01
1.20E-01     5.915E-40     1.000E+01
1.30E-01     5.910E-38     1.000E+01
1.40E-01     5.904E-36     1.000E+01
1.50E-01     5.899E-34     1.000E+01
1.60E-01     6.877E-33     1.000E+01
1.80E-01     9.348E-31     1.000E+01
2.00E-01     1.271E-28     1.000E+01
2.50E-01     5.009E-25     1.000E+01
3.00E-01     2.588E-22     1.000E+01
3.50E-01     2.428E-20     1.000E+01
4.00E-01     2.278E-18     1.000E+01
4.50E-01     5.682E-17     1.000E+01
5.00E-01     1.417E-15     1.000E+01
6.00E-01     1.881E-13     1.000E+01
7.00E-01     9.252E-12     1.000E+01
8.00E-01     2.297E-10     1.000E+01
9.00E-01     3.476E-09     1.000E+01
1.00E+00     3.613E-08     1.000E+01
1.25E+00     2.212E-06     1.000E+01
1.50E+00     1.354E-04     1.000E+01
1.75E+00     1.774E-03     1.000E+01
2.00E+00     2.323E-02     1.000E+01
2.50E+00     8.674E-01     1.000E+01
3.00E+00     1.291E+01     1.000E+01
3.50E+00     1.042E+02     1.000E+01
4.00E+00     5.485E+02     1.000E+01
5.00E+00     6.462E+03     1.000E+01
6.00E+00     3.642E+04     1.000E+01
7.00E+00     1.266E+05     1.000E+01
8.00E+00     3.091E+05     1.000E+01
9.00E+00     5.774E+05     1.000E+01
1.00E+01     8.867E+05     1.000E+01
