5        n cl32  he4  p29                  taly      9.26300E+00      
1.00E-03     1.397E+07     1.000E+01
2.00E-03     1.408E+07     1.000E+01
3.00E-03     1.419E+07     1.000E+01
4.00E-03     1.430E+07     1.000E+01
5.00E-03     1.441E+07     1.000E+01
6.00E-03     1.433E+07     1.000E+01
7.00E-03     1.424E+07     1.000E+01
8.00E-03     1.416E+07     1.000E+01
9.00E-03     1.408E+07     1.000E+01
1.00E-02     1.400E+07     1.000E+01
1.10E-02     1.400E+07     1.000E+01
1.20E-02     1.400E+07     1.000E+01
1.30E-02     1.400E+07     1.000E+01
1.40E-02     1.400E+07     1.000E+01
1.50E-02     1.400E+07     1.000E+01
1.60E-02     1.400E+07     1.000E+01
1.80E-02     1.400E+07     1.000E+01
2.00E-02     1.401E+07     1.000E+01
2.50E-02     1.401E+07     1.000E+01
3.00E-02     1.401E+07     1.000E+01
4.00E-02     1.402E+07     1.000E+01
5.00E-02     1.403E+07     1.000E+01
6.00E-02     1.410E+07     1.000E+01
7.00E-02     1.417E+07     1.000E+01
8.00E-02     1.424E+07     1.000E+01
9.00E-02     1.430E+07     1.000E+01
1.00E-01     1.437E+07     1.000E+01
1.10E-01     1.446E+07     1.000E+01
1.20E-01     1.454E+07     1.000E+01
1.30E-01     1.462E+07     1.000E+01
1.40E-01     1.470E+07     1.000E+01
1.50E-01     1.479E+07     1.000E+01
1.60E-01     1.488E+07     1.000E+01
1.80E-01     1.506E+07     1.000E+01
2.00E-01     1.525E+07     1.000E+01
2.50E-01     1.571E+07     1.000E+01
3.00E-01     1.613E+07     1.000E+01
3.50E-01     1.649E+07     1.000E+01
4.00E-01     1.685E+07     1.000E+01
4.50E-01     1.715E+07     1.000E+01
5.00E-01     1.746E+07     1.000E+01
6.00E-01     1.803E+07     1.000E+01
7.00E-01     1.856E+07     1.000E+01
8.00E-01     1.906E+07     1.000E+01
9.00E-01     1.954E+07     1.000E+01
1.00E+00     1.999E+07     1.000E+01
1.25E+00     2.090E+07     1.000E+01
1.50E+00     2.185E+07     1.000E+01
1.75E+00     2.251E+07     1.000E+01
2.00E+00     2.320E+07     1.000E+01
2.50E+00     2.418E+07     1.000E+01
3.00E+00     2.486E+07     1.000E+01
3.50E+00     2.532E+07     1.000E+01
4.00E+00     2.560E+07     1.000E+01
5.00E+00     2.570E+07     1.000E+01
6.00E+00     2.528E+07     1.000E+01
7.00E+00     2.430E+07     1.000E+01
8.00E+00     2.257E+07     1.000E+01
9.00E+00     1.993E+07     1.000E+01
1.00E+01     1.654E+07     1.000E+01
