4        p cl33 ar34                       taly      4.66400E+00      
1.00E-03     0.000E+00     1.000E+00
2.00E-03     0.000E+00     1.000E+00
3.00E-03     0.000E+00     1.000E+00
4.00E-03     0.000E+00     1.000E+00
5.00E-03     0.000E+00     1.000E+00
6.00E-03     0.000E+00     1.000E+00
7.00E-03     0.000E+00     1.000E+00
8.00E-03     0.000E+00     1.000E+00
9.00E-03     0.000E+00     1.000E+00
1.00E-02     0.000E+00     1.000E+00
1.10E-02     1.090E-97     1.000E+01
1.20E-02     1.188E-95     1.000E+01
1.30E-02     1.295E-93     1.000E+01
1.40E-02     1.411E-91     1.000E+01
1.50E-02     1.538E-89     1.000E+01
1.60E-02     1.676E-87     1.000E+01
1.80E-02     1.990E-83     1.000E+01
2.00E-02     2.364E-79     1.000E+01
2.50E-02     3.635E-69     1.000E+01
3.00E-02     5.589E-59     1.000E+01
4.00E-02     1.321E-38     1.000E+01
5.00E-02     3.124E-18     1.000E+01
6.00E-02     6.472E-17     1.000E+01
7.00E-02     1.341E-15     1.000E+01
8.00E-02     2.778E-14     1.000E+01
9.00E-02     5.755E-13     1.000E+01
1.00E-01     1.192E-11     1.000E+01
1.10E-01     5.154E-11     1.000E+01
1.20E-01     2.228E-10     1.000E+01
1.30E-01     9.629E-10     1.000E+01
1.40E-01     4.162E-09     1.000E+01
1.50E-01     1.799E-08     1.000E+01
1.60E-01     4.489E-08     1.000E+01
1.80E-01     2.795E-07     1.000E+01
2.00E-01     1.740E-06     1.000E+01
2.50E-01     4.195E-05     1.000E+01
3.00E-01     4.398E-04     1.000E+01
3.50E-01     2.218E-03     1.000E+01
4.00E-01     1.118E-02     1.000E+01
4.50E-01     3.233E-02     1.000E+01
5.00E-01     9.344E-02     1.000E+01
6.00E-01     4.191E-01     1.000E+01
7.00E-01     1.282E+00     1.000E+01
8.00E-01     3.047E+00     1.000E+01
9.00E-01     6.077E+00     1.000E+01
1.00E+00     1.068E+01     1.000E+01
1.25E+00     2.571E+01     1.000E+01
1.50E+00     6.192E+01     1.000E+01
1.75E+00     9.824E+01     1.000E+01
2.00E+00     1.558E+02     1.000E+01
2.50E+00     2.763E+02     1.000E+01
3.00E+00     4.093E+02     1.000E+01
3.50E+00     5.469E+02     1.000E+01
4.00E+00     6.849E+02     1.000E+01
5.00E+00     9.574E+02     1.000E+01
6.00E+00     1.226E+03     1.000E+01
7.00E+00     1.492E+03     1.000E+01
8.00E+00     1.746E+03     1.000E+01
9.00E+00     1.950E+03     1.000E+01
1.00E+01     2.059E+03     1.000E+01
