4        p cl32 ar33                       mc10      3.34300E+00      
1.00E-03     0.000E+00     1.000E+00
2.00E-03     0.000E+00     1.000E+00
3.00E-03     0.000E+00     1.000E+00
4.00E-03     0.000E+00     1.000E+00
5.00E-03     0.000E+00     1.000E+00
6.00E-03     0.000E+00     1.000E+00
7.00E-03     0.000E+00     1.000E+00
8.00E-03     0.000E+00     1.000E+00
9.00E-03     0.000E+00     1.000E+00
1.00E-02     9.355E-46     9.830E+01
1.10E-02     1.336E-44     7.519E+01
1.20E-02     3.091E-43     5.598E+01
1.30E-02     6.326E-42     4.102E+01
1.40E-02     9.934E-41     2.996E+01
1.50E-02     1.202E-39     2.238E+01
1.60E-02     1.218E-38     1.679E+01
1.80E-02     7.522E-37     1.006E+01
2.00E-02     3.307E-35     6.666E+00
2.50E-02     5.157E-31     6.215E+00
3.00E-02     2.006E-27     4.669E+00
4.00E-02     6.933E-23     2.226E+00
5.00E-02     3.258E-20     1.678E+00
6.00E-02     1.983E-18     1.766E+00
7.00E-02     3.711E-17     2.045E+00
8.00E-02     3.223E-16     2.353E+00
9.00E-02     1.687E-15     2.645E+00
1.00E-01     6.145E-15     2.901E+00
1.10E-01     1.769E-14     3.102E+00
1.20E-01     4.241E-14     3.222E+00
1.30E-01     8.947E-14     3.142E+00
1.40E-01     1.906E-13     2.718E+00
1.50E-01     5.777E-13     2.073E+00
1.60E-01     2.709E-12     1.735E+00
1.80E-01     7.358E-11     1.715E+00
2.00E-01     1.307E-09     1.692E+00
2.50E-01     2.326E-07     1.625E+00
3.00E-01     7.072E-06     1.593E+00
3.50E-01     7.772E-05     1.581E+00
4.00E-01     4.600E-04     1.579E+00
4.50E-01     1.808E-03     1.586E+00
5.00E-01     5.331E-03     1.600E+00
6.00E-01     2.645E-02     1.642E+00
7.00E-01     8.403E-02     1.699E+00
8.00E-01     2.048E-01     1.761E+00
9.00E-01     4.216E-01     1.816E+00
1.00E+00     7.597E-01     1.858E+00
1.25E+00     2.481E+00     1.894E+00
1.50E+00     5.675E+00     1.861E+00
1.75E+00     1.043E+01     1.802E+00
2.00E+00     1.641E+01     1.741E+00
2.50E+00     3.066E+01     1.640E+00
3.00E+00     4.565E+01     1.569E+00
3.50E+00     5.954E+01     1.522E+00
4.00E+00     7.143E+01     1.488E+00
5.00E+00     8.755E+01     1.448E+00
6.00E+00     9.519E+01     1.429E+00
7.00E+00     9.685E+01     1.419E+00
8.00E+00     9.421E+01     1.413E+00
9.00E+00     8.925E+01     1.409E+00
1.00E+01     8.221E+01     1.406E+00
