4        p co56 ni57                       taly      7.33200E+00      
1.00E-03     0.000E+00     1.000E+00
2.00E-03     0.000E+00     1.000E+00
3.00E-03     0.000E+00     1.000E+00
4.00E-03     0.000E+00     1.000E+00
5.00E-03     0.000E+00     1.000E+00
6.00E-03     0.000E+00     1.000E+00
7.00E-03     0.000E+00     1.000E+00
8.00E-03     0.000E+00     1.000E+00
9.00E-03     0.000E+00     1.000E+00
1.00E-02     0.000E+00     1.000E+00
1.10E-02     5.955E-98     1.000E+01
1.20E-02     3.546E-96     1.000E+01
1.30E-02     2.111E-94     1.000E+01
1.40E-02     1.257E-92     1.000E+01
1.50E-02     7.486E-91     1.000E+01
1.60E-02     4.458E-89     1.000E+01
1.80E-02     1.581E-85     1.000E+01
2.00E-02     5.605E-82     1.000E+01
2.50E-02     4.196E-73     1.000E+01
3.00E-02     3.141E-64     1.000E+01
4.00E-02     1.761E-46     1.000E+01
5.00E-02     9.868E-29     1.000E+01
6.00E-02     7.093E-27     1.000E+01
7.00E-02     5.099E-25     1.000E+01
8.00E-02     3.665E-23     1.000E+01
9.00E-02     2.635E-21     1.000E+01
1.00E-01     1.894E-19     1.000E+01
1.10E-01     1.420E-18     1.000E+01
1.20E-01     1.065E-17     1.000E+01
1.30E-01     7.982E-17     1.000E+01
1.40E-01     5.985E-16     1.000E+01
1.50E-01     4.487E-15     1.000E+01
1.60E-01     1.596E-14     1.000E+01
1.80E-01     2.018E-13     1.000E+01
2.00E-01     2.553E-12     1.000E+01
2.50E-01     2.311E-10     1.000E+01
3.00E-01     7.133E-09     1.000E+01
3.50E-01     8.621E-08     1.000E+01
4.00E-01     1.042E-06     1.000E+01
4.50E-01     6.077E-06     1.000E+01
5.00E-01     3.544E-05     1.000E+01
6.00E-01     5.107E-04     1.000E+01
7.00E-01     4.189E-03     1.000E+01
8.00E-01     2.310E-02     1.000E+01
9.00E-01     9.489E-02     1.000E+01
1.00E+00     3.111E-01     1.000E+01
1.25E+00     2.170E+00     1.000E+01
1.50E+00     1.514E+01     1.000E+01
1.75E+00     4.391E+01     1.000E+01
2.00E+00     1.273E+02     1.000E+01
2.50E+00     4.842E+02     1.000E+01
3.00E+00     1.205E+03     1.000E+01
3.50E+00     2.329E+03     1.000E+01
4.00E+00     3.827E+03     1.000E+01
5.00E+00     7.577E+03     1.000E+01
6.00E+00     1.137E+04     1.000E+01
7.00E+00     1.392E+04     1.000E+01
8.00E+00     1.461E+04     1.000E+01
9.00E+00     1.388E+04     1.000E+01
1.00E+01     1.250E+04     1.000E+01
