4        n co51 co52                       taly      1.47190E+01      
1.00E-03     3.102E+03     1.000E+01
2.00E-03     3.109E+03     1.000E+01
3.00E-03     3.115E+03     1.000E+01
4.00E-03     3.121E+03     1.000E+01
5.00E-03     3.128E+03     1.000E+01
6.00E-03     3.099E+03     1.000E+01
7.00E-03     3.071E+03     1.000E+01
8.00E-03     3.043E+03     1.000E+01
9.00E-03     3.015E+03     1.000E+01
1.00E-02     2.987E+03     1.000E+01
1.10E-02     2.980E+03     1.000E+01
1.20E-02     2.974E+03     1.000E+01
1.30E-02     2.968E+03     1.000E+01
1.40E-02     2.961E+03     1.000E+01
1.50E-02     2.955E+03     1.000E+01
1.60E-02     2.948E+03     1.000E+01
1.80E-02     2.936E+03     1.000E+01
2.00E-02     2.923E+03     1.000E+01
2.50E-02     2.891E+03     1.000E+01
3.00E-02     2.860E+03     1.000E+01
4.00E-02     2.796E+03     1.000E+01
5.00E-02     2.733E+03     1.000E+01
6.00E-02     2.704E+03     1.000E+01
7.00E-02     2.675E+03     1.000E+01
8.00E-02     2.646E+03     1.000E+01
9.00E-02     2.617E+03     1.000E+01
1.00E-01     2.588E+03     1.000E+01
1.10E-01     2.569E+03     1.000E+01
1.20E-01     2.549E+03     1.000E+01
1.30E-01     2.530E+03     1.000E+01
1.40E-01     2.510E+03     1.000E+01
1.50E-01     2.491E+03     1.000E+01
1.60E-01     2.477E+03     1.000E+01
1.80E-01     2.449E+03     1.000E+01
2.00E-01     2.421E+03     1.000E+01
2.50E-01     2.367E+03     1.000E+01
3.00E-01     2.321E+03     1.000E+01
3.50E-01     2.282E+03     1.000E+01
4.00E-01     2.242E+03     1.000E+01
4.50E-01     2.209E+03     1.000E+01
5.00E-01     2.175E+03     1.000E+01
6.00E-01     2.118E+03     1.000E+01
7.00E-01     2.068E+03     1.000E+01
8.00E-01     2.022E+03     1.000E+01
9.00E-01     1.979E+03     1.000E+01
1.00E+00     1.936E+03     1.000E+01
1.25E+00     1.876E+03     1.000E+01
1.50E+00     1.817E+03     1.000E+01
1.75E+00     1.942E+03     1.000E+01
2.00E+00     2.068E+03     1.000E+01
2.50E+00     2.493E+03     1.000E+01
3.00E+00     2.818E+03     1.000E+01
3.50E+00     2.980E+03     1.000E+01
4.00E+00     3.008E+03     1.000E+01
5.00E+00     2.836E+03     1.000E+01
6.00E+00     2.548E+03     1.000E+01
7.00E+00     2.247E+03     1.000E+01
8.00E+00     1.965E+03     1.000E+01
9.00E+00     1.710E+03     1.000E+01
1.00E+01     1.479E+03     1.000E+01
