5        n co54  he4 mn51                  taly      5.88000E+00      
1.00E-03     1.926E+05     1.000E+01
2.00E-03     1.929E+05     1.000E+01
3.00E-03     1.931E+05     1.000E+01
4.00E-03     1.933E+05     1.000E+01
5.00E-03     1.936E+05     1.000E+01
6.00E-03     1.918E+05     1.000E+01
7.00E-03     1.900E+05     1.000E+01
8.00E-03     1.883E+05     1.000E+01
9.00E-03     1.865E+05     1.000E+01
1.00E-02     1.848E+05     1.000E+01
1.10E-02     1.845E+05     1.000E+01
1.20E-02     1.841E+05     1.000E+01
1.30E-02     1.838E+05     1.000E+01
1.40E-02     1.834E+05     1.000E+01
1.50E-02     1.831E+05     1.000E+01
1.60E-02     1.828E+05     1.000E+01
1.80E-02     1.821E+05     1.000E+01
2.00E-02     1.814E+05     1.000E+01
2.50E-02     1.798E+05     1.000E+01
3.00E-02     1.781E+05     1.000E+01
4.00E-02     1.749E+05     1.000E+01
5.00E-02     1.717E+05     1.000E+01
6.00E-02     1.709E+05     1.000E+01
7.00E-02     1.700E+05     1.000E+01
8.00E-02     1.692E+05     1.000E+01
9.00E-02     1.684E+05     1.000E+01
1.00E-01     1.676E+05     1.000E+01
1.10E-01     1.674E+05     1.000E+01
1.20E-01     1.673E+05     1.000E+01
1.30E-01     1.672E+05     1.000E+01
1.40E-01     1.671E+05     1.000E+01
1.50E-01     1.669E+05     1.000E+01
1.60E-01     1.672E+05     1.000E+01
1.80E-01     1.678E+05     1.000E+01
2.00E-01     1.683E+05     1.000E+01
2.50E-01     1.708E+05     1.000E+01
3.00E-01     1.734E+05     1.000E+01
3.50E-01     1.750E+05     1.000E+01
4.00E-01     1.766E+05     1.000E+01
4.50E-01     1.758E+05     1.000E+01
5.00E-01     1.750E+05     1.000E+01
6.00E-01     1.696E+05     1.000E+01
7.00E-01     1.633E+05     1.000E+01
8.00E-01     1.584E+05     1.000E+01
9.00E-01     1.554E+05     1.000E+01
1.00E+00     1.544E+05     1.000E+01
1.25E+00     1.635E+05     1.000E+01
1.50E+00     1.731E+05     1.000E+01
1.75E+00     1.963E+05     1.000E+01
2.00E+00     2.227E+05     1.000E+01
2.50E+00     3.089E+05     1.000E+01
3.00E+00     4.497E+05     1.000E+01
3.50E+00     6.660E+05     1.000E+01
4.00E+00     9.692E+05     1.000E+01
5.00E+00     1.725E+06     1.000E+01
6.00E+00     2.240E+06     1.000E+01
7.00E+00     2.347E+06     1.000E+01
8.00E+00     2.299E+06     1.000E+01
9.00E+00     2.254E+06     1.000E+01
1.00E+01     2.242E+06     1.000E+01
