5      he4 co52    p ni55                  taly      6.48100E+00      
1.00E-03     0.000E+00     1.000E+00
2.00E-03     0.000E+00     1.000E+00
3.00E-03     0.000E+00     1.000E+00
4.00E-03     0.000E+00     1.000E+00
5.00E-03     0.000E+00     1.000E+00
6.00E-03     0.000E+00     1.000E+00
7.00E-03     0.000E+00     1.000E+00
8.00E-03     0.000E+00     1.000E+00
9.00E-03     0.000E+00     1.000E+00
1.00E-02     0.000E+00     1.000E+00
1.10E-02     0.000E+00     1.000E+00
1.20E-02     0.000E+00     1.000E+00
1.30E-02     0.000E+00     1.000E+00
1.40E-02     0.000E+00     1.000E+00
1.50E-02     0.000E+00     1.000E+00
1.60E-02     0.000E+00     1.000E+00
1.80E-02     0.000E+00     1.000E+00
2.00E-02     0.000E+00     1.000E+00
2.50E-02     0.000E+00     1.000E+00
3.00E-02     0.000E+00     1.000E+00
4.00E-02     0.000E+00     1.000E+00
5.00E-02     0.000E+00     1.000E+00
6.00E-02     0.000E+00     1.000E+00
7.00E-02     0.000E+00     1.000E+00
8.00E-02     0.000E+00     1.000E+00
9.00E-02     0.000E+00     1.000E+00
1.00E-01     0.000E+00     1.000E+00
1.10E-01     0.000E+00     1.000E+00
1.20E-01     0.000E+00     1.000E+00
1.30E-01     0.000E+00     1.000E+00
1.40E-01     0.000E+00     1.000E+00
1.50E-01     0.000E+00     1.000E+00
1.60E-01     7.421E-89     1.000E+01
1.80E-01     4.087E-67     1.000E+01
2.00E-01     2.250E-45     1.000E+01
2.50E-01     2.483E-39     1.000E+01
3.00E-01     3.509E-35     1.000E+01
3.50E-01     2.314E-32     1.000E+01
4.00E-01     1.526E-29     1.000E+01
4.50E-01     1.376E-27     1.000E+01
5.00E-01     1.240E-25     1.000E+01
6.00E-01     1.160E-22     1.000E+01
7.00E-01     2.700E-20     1.000E+01
8.00E-01     2.391E-18     1.000E+01
9.00E-01     1.050E-16     1.000E+01
1.00E+00     2.711E-15     1.000E+01
1.25E+00     7.952E-13     1.000E+01
1.50E+00     2.332E-10     1.000E+01
1.75E+00     7.610E-09     1.000E+01
2.00E+00     2.483E-07     1.000E+01
2.50E+00     3.030E-05     1.000E+01
3.00E+00     1.050E-03     1.000E+01
3.50E+00     1.624E-02     1.000E+01
4.00E+00     1.436E-01     1.000E+01
5.00E+00     3.492E+00     1.000E+01
6.00E+00     2.704E+01     1.000E+01
7.00E+00     9.419E+01     1.000E+01
8.00E+00     2.054E+02     1.000E+01
9.00E+00     3.489E+02     1.000E+01
1.00E+01     5.145E+02     1.000E+01
