5      he4 co56    p ni59                  taly      2.52000E-01      
1.00E-03     0.000E+00     1.000E+00
2.00E-03     0.000E+00     1.000E+00
3.00E-03     0.000E+00     1.000E+00
4.00E-03     0.000E+00     1.000E+00
5.00E-03     0.000E+00     1.000E+00
6.00E-03     0.000E+00     1.000E+00
7.00E-03     0.000E+00     1.000E+00
8.00E-03     0.000E+00     1.000E+00
9.00E-03     0.000E+00     1.000E+00
1.00E-02     0.000E+00     1.000E+00
1.10E-02     0.000E+00     1.000E+00
1.20E-02     0.000E+00     1.000E+00
1.30E-02     0.000E+00     1.000E+00
1.40E-02     0.000E+00     1.000E+00
1.50E-02     0.000E+00     1.000E+00
1.60E-02     0.000E+00     1.000E+00
1.80E-02     0.000E+00     1.000E+00
2.00E-02     0.000E+00     1.000E+00
2.50E-02     0.000E+00     1.000E+00
3.00E-02     0.000E+00     1.000E+00
4.00E-02     0.000E+00     1.000E+00
5.00E-02     0.000E+00     1.000E+00
6.00E-02     0.000E+00     1.000E+00
7.00E-02     0.000E+00     1.000E+00
8.00E-02     0.000E+00     1.000E+00
9.00E-02     0.000E+00     1.000E+00
1.00E-01     0.000E+00     1.000E+00
1.10E-01     0.000E+00     1.000E+00
1.20E-01     0.000E+00     1.000E+00
1.30E-01     0.000E+00     1.000E+00
1.40E-01     0.000E+00     1.000E+00
1.50E-01     0.000E+00     1.000E+00
1.60E-01     3.838E-89     1.000E+01
1.80E-01     5.656E-68     1.000E+01
2.00E-01     8.333E-47     1.000E+01
2.50E-01     1.432E-40     1.000E+01
3.00E-01     3.217E-36     1.000E+01
3.50E-01     3.258E-33     1.000E+01
4.00E-01     3.300E-30     1.000E+01
4.50E-01     3.947E-28     1.000E+01
5.00E-01     4.720E-26     1.000E+01
6.00E-01     6.211E-23     1.000E+01
7.00E-01     1.791E-20     1.000E+01
8.00E-01     1.823E-18     1.000E+01
9.00E-01     8.813E-17     1.000E+01
1.00E+00     2.453E-15     1.000E+01
1.25E+00     8.377E-13     1.000E+01
1.50E+00     2.860E-10     1.000E+01
1.75E+00     1.084E-08     1.000E+01
2.00E+00     4.112E-07     1.000E+01
2.50E+00     6.509E-05     1.000E+01
3.00E+00     2.796E-03     1.000E+01
3.50E+00     5.199E-02     1.000E+01
4.00E+00     5.440E-01     1.000E+01
5.00E+00     1.871E+01     1.000E+01
6.00E+00     2.271E+02     1.000E+01
7.00E+00     1.355E+03     1.000E+01
8.00E+00     4.868E+03     1.000E+01
9.00E+00     1.225E+04     1.000E+01
1.00E+01     2.412E+04     1.000E+01
