5      he4 co57    p ni60                  taly      2.64000E-01      
1.00E-03     0.000E+00     1.000E+00
2.00E-03     0.000E+00     1.000E+00
3.00E-03     0.000E+00     1.000E+00
4.00E-03     0.000E+00     1.000E+00
5.00E-03     0.000E+00     1.000E+00
6.00E-03     0.000E+00     1.000E+00
7.00E-03     0.000E+00     1.000E+00
8.00E-03     0.000E+00     1.000E+00
9.00E-03     0.000E+00     1.000E+00
1.00E-02     0.000E+00     1.000E+00
1.10E-02     0.000E+00     1.000E+00
1.20E-02     0.000E+00     1.000E+00
1.30E-02     0.000E+00     1.000E+00
1.40E-02     0.000E+00     1.000E+00
1.50E-02     0.000E+00     1.000E+00
1.60E-02     0.000E+00     1.000E+00
1.80E-02     0.000E+00     1.000E+00
2.00E-02     0.000E+00     1.000E+00
2.50E-02     0.000E+00     1.000E+00
3.00E-02     0.000E+00     1.000E+00
4.00E-02     0.000E+00     1.000E+00
5.00E-02     0.000E+00     1.000E+00
6.00E-02     0.000E+00     1.000E+00
7.00E-02     0.000E+00     1.000E+00
8.00E-02     0.000E+00     1.000E+00
9.00E-02     0.000E+00     1.000E+00
1.00E-01     0.000E+00     1.000E+00
1.10E-01     0.000E+00     1.000E+00
1.20E-01     0.000E+00     1.000E+00
1.30E-01     0.000E+00     1.000E+00
1.40E-01     0.000E+00     1.000E+00
1.50E-01     0.000E+00     1.000E+00
1.60E-01     2.960E-89     1.000E+01
1.80E-01     2.592E-68     1.000E+01
2.00E-01     2.271E-47     1.000E+01
2.50E-01     3.653E-41     1.000E+01
3.00E-01     7.555E-37     1.000E+01
3.50E-01     7.549E-34     1.000E+01
4.00E-01     7.542E-31     1.000E+01
4.50E-01     9.581E-29     1.000E+01
5.00E-01     1.217E-26     1.000E+01
6.00E-01     1.788E-23     1.000E+01
7.00E-01     5.748E-21     1.000E+01
8.00E-01     6.619E-19     1.000E+01
9.00E-01     3.654E-17     1.000E+01
1.00E+00     1.156E-15     1.000E+01
1.25E+00     4.846E-13     1.000E+01
1.50E+00     2.031E-10     1.000E+01
1.75E+00     8.370E-09     1.000E+01
2.00E+00     3.450E-07     1.000E+01
2.50E+00     6.062E-05     1.000E+01
3.00E+00     2.824E-03     1.000E+01
3.50E+00     5.509E-02     1.000E+01
4.00E+00     5.803E-01     1.000E+01
5.00E+00     1.761E+01     1.000E+01
6.00E+00     1.591E+02     1.000E+01
7.00E+00     6.749E+02     1.000E+01
8.00E+00     1.889E+03     1.000E+01
9.00E+00     4.192E+03     1.000E+01
1.00E+01     8.020E+03     1.000E+01
