4        n co55 co56                       taly      1.00820E+01      
1.00E-03     6.797E+06     1.000E+01
2.00E-03     6.496E+06     1.000E+01
3.00E-03     6.194E+06     1.000E+01
4.00E-03     5.893E+06     1.000E+01
5.00E-03     5.592E+06     1.000E+01
6.00E-03     5.444E+06     1.000E+01
7.00E-03     5.296E+06     1.000E+01
8.00E-03     5.148E+06     1.000E+01
9.00E-03     5.000E+06     1.000E+01
1.00E-02     4.852E+06     1.000E+01
1.10E-02     4.815E+06     1.000E+01
1.20E-02     4.779E+06     1.000E+01
1.30E-02     4.743E+06     1.000E+01
1.40E-02     4.707E+06     1.000E+01
1.50E-02     4.671E+06     1.000E+01
1.60E-02     4.635E+06     1.000E+01
1.80E-02     4.562E+06     1.000E+01
2.00E-02     4.490E+06     1.000E+01
2.50E-02     4.310E+06     1.000E+01
3.00E-02     4.129E+06     1.000E+01
4.00E-02     3.768E+06     1.000E+01
5.00E-02     3.406E+06     1.000E+01
6.00E-02     3.307E+06     1.000E+01
7.00E-02     3.207E+06     1.000E+01
8.00E-02     3.107E+06     1.000E+01
9.00E-02     3.008E+06     1.000E+01
1.00E-01     2.908E+06     1.000E+01
1.10E-01     2.858E+06     1.000E+01
1.20E-01     2.808E+06     1.000E+01
1.30E-01     2.759E+06     1.000E+01
1.40E-01     2.709E+06     1.000E+01
1.50E-01     2.659E+06     1.000E+01
1.60E-01     2.629E+06     1.000E+01
1.80E-01     2.570E+06     1.000E+01
2.00E-01     2.510E+06     1.000E+01
2.50E-01     2.411E+06     1.000E+01
3.00E-01     2.339E+06     1.000E+01
3.50E-01     2.290E+06     1.000E+01
4.00E-01     2.240E+06     1.000E+01
4.50E-01     2.207E+06     1.000E+01
5.00E-01     2.173E+06     1.000E+01
6.00E-01     2.125E+06     1.000E+01
7.00E-01     2.090E+06     1.000E+01
8.00E-01     2.064E+06     1.000E+01
9.00E-01     2.044E+06     1.000E+01
1.00E+00     2.029E+06     1.000E+01
1.25E+00     2.012E+06     1.000E+01
1.50E+00     1.996E+06     1.000E+01
1.75E+00     1.995E+06     1.000E+01
2.00E+00     1.994E+06     1.000E+01
2.50E+00     2.002E+06     1.000E+01
3.00E+00     2.013E+06     1.000E+01
3.50E+00     2.023E+06     1.000E+01
4.00E+00     2.027E+06     1.000E+01
5.00E+00     1.989E+06     1.000E+01
6.00E+00     1.774E+06     1.000E+01
7.00E+00     1.311E+06     1.000E+01
8.00E+00     8.115E+05     1.000E+01
9.00E+00     4.726E+05     1.000E+01
1.00E+01     2.842E+05     1.000E+01
