5        n co52    p fe52                  taly      1.51240E+01      
1.00E-03     7.961E+08     1.000E+01
2.00E-03     7.978E+08     1.000E+01
3.00E-03     7.994E+08     1.000E+01
4.00E-03     8.011E+08     1.000E+01
5.00E-03     8.028E+08     1.000E+01
6.00E-03     7.954E+08     1.000E+01
7.00E-03     7.882E+08     1.000E+01
8.00E-03     7.809E+08     1.000E+01
9.00E-03     7.738E+08     1.000E+01
1.00E-02     7.667E+08     1.000E+01
1.10E-02     7.650E+08     1.000E+01
1.20E-02     7.633E+08     1.000E+01
1.30E-02     7.616E+08     1.000E+01
1.40E-02     7.599E+08     1.000E+01
1.50E-02     7.582E+08     1.000E+01
1.60E-02     7.565E+08     1.000E+01
1.80E-02     7.532E+08     1.000E+01
2.00E-02     7.499E+08     1.000E+01
2.50E-02     7.416E+08     1.000E+01
3.00E-02     7.334E+08     1.000E+01
4.00E-02     7.173E+08     1.000E+01
5.00E-02     7.015E+08     1.000E+01
6.00E-02     6.939E+08     1.000E+01
7.00E-02     6.864E+08     1.000E+01
8.00E-02     6.789E+08     1.000E+01
9.00E-02     6.715E+08     1.000E+01
1.00E-01     6.642E+08     1.000E+01
1.10E-01     6.591E+08     1.000E+01
1.20E-01     6.540E+08     1.000E+01
1.30E-01     6.490E+08     1.000E+01
1.40E-01     6.440E+08     1.000E+01
1.50E-01     6.390E+08     1.000E+01
1.60E-01     6.353E+08     1.000E+01
1.80E-01     6.280E+08     1.000E+01
2.00E-01     6.208E+08     1.000E+01
2.50E-01     6.067E+08     1.000E+01
3.00E-01     5.947E+08     1.000E+01
3.50E-01     5.843E+08     1.000E+01
4.00E-01     5.741E+08     1.000E+01
4.50E-01     5.652E+08     1.000E+01
5.00E-01     5.565E+08     1.000E+01
6.00E-01     5.413E+08     1.000E+01
7.00E-01     5.282E+08     1.000E+01
8.00E-01     5.169E+08     1.000E+01
9.00E-01     5.072E+08     1.000E+01
1.00E+00     4.988E+08     1.000E+01
1.25E+00     4.843E+08     1.000E+01
1.50E+00     4.702E+08     1.000E+01
1.75E+00     4.626E+08     1.000E+01
2.00E+00     4.552E+08     1.000E+01
2.50E+00     4.467E+08     1.000E+01
3.00E+00     4.410E+08     1.000E+01
3.50E+00     4.356E+08     1.000E+01
4.00E+00     4.270E+08     1.000E+01
5.00E+00     3.787E+08     1.000E+01
6.00E+00     2.714E+08     1.000E+01
7.00E+00     1.568E+08     1.000E+01
8.00E+00     8.353E+07     1.000E+01
9.00E+00     4.535E+07     1.000E+01
1.00E+01     2.593E+07     1.000E+01
