4        p co54 ni55                       taly      4.61500E+00      
1.00E-03     0.000E+00     1.000E+00
2.00E-03     0.000E+00     1.000E+00
3.00E-03     0.000E+00     1.000E+00
4.00E-03     0.000E+00     1.000E+00
5.00E-03     0.000E+00     1.000E+00
6.00E-03     0.000E+00     1.000E+00
7.00E-03     0.000E+00     1.000E+00
8.00E-03     0.000E+00     1.000E+00
9.00E-03     0.000E+00     1.000E+00
1.00E-02     0.000E+00     1.000E+00
1.10E-02     5.992E-98     1.000E+01
1.20E-02     3.591E-96     1.000E+01
1.30E-02     2.152E-94     1.000E+01
1.40E-02     1.289E-92     1.000E+01
1.50E-02     7.727E-91     1.000E+01
1.60E-02     4.630E-89     1.000E+01
1.80E-02     1.663E-85     1.000E+01
2.00E-02     5.971E-82     1.000E+01
2.50E-02     4.613E-73     1.000E+01
3.00E-02     3.565E-64     1.000E+01
4.00E-02     2.128E-46     1.000E+01
5.00E-02     1.271E-28     1.000E+01
6.00E-02     9.071E-27     1.000E+01
7.00E-02     6.476E-25     1.000E+01
8.00E-02     4.623E-23     1.000E+01
9.00E-02     3.300E-21     1.000E+01
1.00E-01     2.356E-19     1.000E+01
1.10E-01     1.766E-18     1.000E+01
1.20E-01     1.324E-17     1.000E+01
1.30E-01     9.929E-17     1.000E+01
1.40E-01     7.444E-16     1.000E+01
1.50E-01     5.581E-15     1.000E+01
1.60E-01     1.981E-14     1.000E+01
1.80E-01     2.496E-13     1.000E+01
2.00E-01     3.146E-12     1.000E+01
2.50E-01     2.812E-10     1.000E+01
3.00E-01     8.568E-09     1.000E+01
3.50E-01     1.009E-07     1.000E+01
4.00E-01     1.188E-06     1.000E+01
4.50E-01     6.490E-06     1.000E+01
5.00E-01     3.546E-05     1.000E+01
6.00E-01     4.127E-04     1.000E+01
7.00E-01     2.598E-03     1.000E+01
8.00E-01     1.082E-02     1.000E+01
9.00E-01     3.391E-02     1.000E+01
1.00E+00     8.668E-02     1.000E+01
1.25E+00     3.949E-01     1.000E+01
1.50E+00     1.799E+00     1.000E+01
1.75E+00     4.288E+00     1.000E+01
2.00E+00     1.022E+01     1.000E+01
2.50E+00     3.285E+01     1.000E+01
3.00E+00     7.685E+01     1.000E+01
3.50E+00     1.467E+02     1.000E+01
4.00E+00     2.414E+02     1.000E+01
5.00E+00     4.494E+02     1.000E+01
6.00E+00     5.438E+02     1.000E+01
7.00E+00     5.095E+02     1.000E+01
8.00E+00     4.406E+02     1.000E+01
9.00E+00     3.820E+02     1.000E+01
1.00E+01     3.398E+02     1.000E+01
