5        p co57  he4 fe54                  taly      1.77300E+00      
1.00E-03     0.000E+00     1.000E+00
2.00E-03     0.000E+00     1.000E+00
3.00E-03     0.000E+00     1.000E+00
4.00E-03     0.000E+00     1.000E+00
5.00E-03     0.000E+00     1.000E+00
6.00E-03     0.000E+00     1.000E+00
7.00E-03     0.000E+00     1.000E+00
8.00E-03     0.000E+00     1.000E+00
9.00E-03     0.000E+00     1.000E+00
1.00E-02     0.000E+00     1.000E+00
1.10E-02     4.533E-98     1.000E+01
1.20E-02     2.054E-96     1.000E+01
1.30E-02     9.312E-95     1.000E+01
1.40E-02     4.221E-93     1.000E+01
1.50E-02     1.913E-91     1.000E+01
1.60E-02     8.672E-90     1.000E+01
1.80E-02     1.782E-86     1.000E+01
2.00E-02     3.660E-83     1.000E+01
2.50E-02     7.003E-75     1.000E+01
3.00E-02     1.340E-66     1.000E+01
4.00E-02     4.904E-50     1.000E+01
5.00E-02     1.795E-33     1.000E+01
6.00E-02     4.363E-32     1.000E+01
7.00E-02     1.060E-30     1.000E+01
8.00E-02     2.577E-29     1.000E+01
9.00E-02     6.264E-28     1.000E+01
1.00E-01     1.522E-26     1.000E+01
1.10E-01     4.376E-26     1.000E+01
1.20E-01     1.258E-25     1.000E+01
1.30E-01     3.617E-25     1.000E+01
1.40E-01     1.040E-24     1.000E+01
1.50E-01     2.989E-24     1.000E+01
1.60E-01     7.756E-24     1.000E+01
1.80E-01     5.223E-23     1.000E+01
2.00E-01     3.518E-22     1.000E+01
2.50E-01     7.536E-20     1.000E+01
3.00E-01     5.453E-18     1.000E+01
3.50E-01     1.401E-16     1.000E+01
4.00E-01     3.601E-15     1.000E+01
4.50E-01     3.991E-14     1.000E+01
5.00E-01     4.424E-13     1.000E+01
6.00E-01     1.917E-11     1.000E+01
7.00E-01     4.089E-10     1.000E+01
8.00E-01     5.227E-09     1.000E+01
9.00E-01     4.542E-08     1.000E+01
1.00E+00     2.926E-07     1.000E+01
1.25E+00     7.792E-06     1.000E+01
1.50E+00     2.075E-04     1.000E+01
1.75E+00     1.649E-03     1.000E+01
2.00E+00     1.311E-02     1.000E+01
2.50E+00     2.500E-01     1.000E+01
3.00E+00     2.344E+00     1.000E+01
3.50E+00     1.400E+01     1.000E+01
4.00E+00     6.186E+01     1.000E+01
5.00E+00     6.317E+02     1.000E+01
6.00E+00     3.154E+03     1.000E+01
7.00E+00     9.440E+03     1.000E+01
8.00E+00     2.137E+04     1.000E+01
9.00E+00     4.203E+04     1.000E+01
1.00E+01     7.603E+04     1.000E+01
