4      he4 cr48 fe52                       taly      7.93500E+00      
1.00E-03     0.000E+00     1.000E+00
2.00E-03     0.000E+00     1.000E+00
3.00E-03     0.000E+00     1.000E+00
4.00E-03     0.000E+00     1.000E+00
5.00E-03     0.000E+00     1.000E+00
6.00E-03     0.000E+00     1.000E+00
7.00E-03     0.000E+00     1.000E+00
8.00E-03     0.000E+00     1.000E+00
9.00E-03     0.000E+00     1.000E+00
1.00E-02     0.000E+00     1.000E+00
1.10E-02     0.000E+00     1.000E+00
1.20E-02     0.000E+00     1.000E+00
1.30E-02     0.000E+00     1.000E+00
1.40E-02     0.000E+00     1.000E+00
1.50E-02     0.000E+00     1.000E+00
1.60E-02     0.000E+00     1.000E+00
1.80E-02     0.000E+00     1.000E+00
2.00E-02     0.000E+00     1.000E+00
2.50E-02     0.000E+00     1.000E+00
3.00E-02     0.000E+00     1.000E+00
4.00E-02     0.000E+00     1.000E+00
5.00E-02     0.000E+00     1.000E+00
6.00E-02     0.000E+00     1.000E+00
7.00E-02     0.000E+00     1.000E+00
8.00E-02     0.000E+00     1.000E+00
9.00E-02     0.000E+00     1.000E+00
1.00E-01     0.000E+00     1.000E+00
1.10E-01     1.517E-89     1.000E+01
1.20E-01     2.301E-79     1.000E+01
1.30E-01     3.491E-69     1.000E+01
1.40E-01     5.295E-59     1.000E+01
1.50E-01     8.033E-49     1.000E+01
1.60E-01     3.911E-47     1.000E+01
1.80E-01     9.274E-44     1.000E+01
2.00E-01     2.199E-40     1.000E+01
2.50E-01     2.847E-35     1.000E+01
3.00E-01     9.333E-32     1.000E+01
3.50E-01     2.272E-29     1.000E+01
4.00E-01     5.533E-27     1.000E+01
4.50E-01     2.418E-25     1.000E+01
5.00E-01     1.057E-23     1.000E+01
6.00E-01     3.086E-21     1.000E+01
7.00E-01     2.731E-19     1.000E+01
8.00E-01     1.063E-17     1.000E+01
9.00E-01     2.274E-16     1.000E+01
1.00E+00     3.100E-15     1.000E+01
1.25E+00     2.741E-13     1.000E+01
1.50E+00     2.424E-11     1.000E+01
1.75E+00     3.513E-10     1.000E+01
2.00E+00     5.091E-09     1.000E+01
2.50E+00     2.075E-07     1.000E+01
3.00E+00     3.617E-06     1.000E+01
3.50E+00     3.677E-05     1.000E+01
4.00E+00     2.511E-04     1.000E+01
5.00E+00     4.895E-03     1.000E+01
6.00E+00     4.206E-02     1.000E+01
7.00E+00     2.056E-01     1.000E+01
8.00E+00     6.552E-01     1.000E+01
9.00E+00     1.463E+00     1.000E+01
1.00E+01     2.438E+00     1.000E+01
