5        n cr45    p  v45                  taly      1.31480E+01      
1.00E-03     4.341E+07     1.000E+01
2.00E-03     4.348E+07     1.000E+01
3.00E-03     4.356E+07     1.000E+01
4.00E-03     4.363E+07     1.000E+01
5.00E-03     4.371E+07     1.000E+01
6.00E-03     4.330E+07     1.000E+01
7.00E-03     4.290E+07     1.000E+01
8.00E-03     4.250E+07     1.000E+01
9.00E-03     4.210E+07     1.000E+01
1.00E-02     4.171E+07     1.000E+01
1.10E-02     4.161E+07     1.000E+01
1.20E-02     4.151E+07     1.000E+01
1.30E-02     4.142E+07     1.000E+01
1.40E-02     4.132E+07     1.000E+01
1.50E-02     4.123E+07     1.000E+01
1.60E-02     4.113E+07     1.000E+01
1.80E-02     4.094E+07     1.000E+01
2.00E-02     4.075E+07     1.000E+01
2.50E-02     4.028E+07     1.000E+01
3.00E-02     3.982E+07     1.000E+01
4.00E-02     3.891E+07     1.000E+01
5.00E-02     3.802E+07     1.000E+01
6.00E-02     3.758E+07     1.000E+01
7.00E-02     3.716E+07     1.000E+01
8.00E-02     3.674E+07     1.000E+01
9.00E-02     3.632E+07     1.000E+01
1.00E-01     3.591E+07     1.000E+01
1.10E-01     3.562E+07     1.000E+01
1.20E-01     3.533E+07     1.000E+01
1.30E-01     3.505E+07     1.000E+01
1.40E-01     3.476E+07     1.000E+01
1.50E-01     3.448E+07     1.000E+01
1.60E-01     3.427E+07     1.000E+01
1.80E-01     3.386E+07     1.000E+01
2.00E-01     3.345E+07     1.000E+01
2.50E-01     3.264E+07     1.000E+01
3.00E-01     3.196E+07     1.000E+01
3.50E-01     3.136E+07     1.000E+01
4.00E-01     3.077E+07     1.000E+01
4.50E-01     3.026E+07     1.000E+01
5.00E-01     2.976E+07     1.000E+01
6.00E-01     2.886E+07     1.000E+01
7.00E-01     2.808E+07     1.000E+01
8.00E-01     2.736E+07     1.000E+01
9.00E-01     2.668E+07     1.000E+01
1.00E+00     2.599E+07     1.000E+01
1.25E+00     2.349E+07     1.000E+01
1.50E+00     2.123E+07     1.000E+01
1.75E+00     1.770E+07     1.000E+01
2.00E+00     1.477E+07     1.000E+01
2.50E+00     9.610E+06     1.000E+01
3.00E+00     6.404E+06     1.000E+01
3.50E+00     4.483E+06     1.000E+01
4.00E+00     3.291E+06     1.000E+01
5.00E+00     1.977E+06     1.000E+01
6.00E+00     1.314E+06     1.000E+01
7.00E+00     9.327E+05     1.000E+01
8.00E+00     6.911E+05     1.000E+01
9.00E+00     5.268E+05     1.000E+01
1.00E+01     4.087E+05     1.000E+01
