4        p cr50 mn51                       taly      5.27000E+00      
1.00E-03     0.000E+00     1.000E+00
2.00E-03     0.000E+00     1.000E+00
3.00E-03     0.000E+00     1.000E+00
4.00E-03     0.000E+00     1.000E+00
5.00E-03     0.000E+00     1.000E+00
6.00E-03     0.000E+00     1.000E+00
7.00E-03     0.000E+00     1.000E+00
8.00E-03     0.000E+00     1.000E+00
9.00E-03     0.000E+00     1.000E+00
1.00E-02     0.000E+00     1.000E+00
1.10E-02     7.207E-98     1.000E+01
1.20E-02     5.195E-96     1.000E+01
1.30E-02     3.744E-94     1.000E+01
1.40E-02     2.698E-92     1.000E+01
1.50E-02     1.945E-90     1.000E+01
1.60E-02     1.402E-88     1.000E+01
1.80E-02     7.282E-85     1.000E+01
2.00E-02     3.783E-81     1.000E+01
2.50E-02     7.357E-72     1.000E+01
3.00E-02     1.431E-62     1.000E+01
4.00E-02     5.412E-44     1.000E+01
5.00E-02     2.047E-25     1.000E+01
6.00E-02     9.671E-24     1.000E+01
7.00E-02     4.569E-22     1.000E+01
8.00E-02     2.158E-20     1.000E+01
9.00E-02     1.019E-18     1.000E+01
1.00E-01     4.816E-17     1.000E+01
1.10E-01     3.085E-16     1.000E+01
1.20E-01     1.977E-15     1.000E+01
1.30E-01     1.266E-14     1.000E+01
1.40E-01     8.112E-14     1.000E+01
1.50E-01     5.197E-13     1.000E+01
1.60E-01     1.671E-12     1.000E+01
1.80E-01     1.726E-11     1.000E+01
2.00E-01     1.784E-10     1.000E+01
2.50E-01     1.121E-08     1.000E+01
3.00E-01     2.606E-07     1.000E+01
3.50E-01     2.526E-06     1.000E+01
4.00E-01     2.450E-05     1.000E+01
4.50E-01     1.188E-04     1.000E+01
5.00E-01     5.762E-04     1.000E+01
6.00E-01     5.917E-03     1.000E+01
7.00E-01     3.543E-02     1.000E+01
8.00E-01     1.466E-01     1.000E+01
9.00E-01     4.665E-01     1.000E+01
1.00E+00     1.223E+00     1.000E+01
1.25E+00     5.933E+00     1.000E+01
1.50E+00     2.877E+01     1.000E+01
1.75E+00     7.069E+01     1.000E+01
2.00E+00     1.737E+02     1.000E+01
2.50E+00     5.701E+02     1.000E+01
3.00E+00     1.340E+03     1.000E+01
3.50E+00     2.562E+03     1.000E+01
4.00E+00     4.267E+03     1.000E+01
5.00E+00     8.847E+03     1.000E+01
6.00E+00     1.295E+04     1.000E+01
7.00E+00     1.327E+04     1.000E+01
8.00E+00     1.076E+04     1.000E+01
9.00E+00     8.142E+03     1.000E+01
1.00E+01     6.260E+03     1.000E+01
