5        n cr48  he4 ti45                  taly      1.83300E+00      
1.00E-03     1.429E-02     1.000E+01
2.00E-03     1.248E-02     1.000E+01
3.00E-03     1.090E-02     1.000E+01
4.00E-03     9.521E-03     1.000E+01
5.00E-03     8.315E-03     1.000E+01
6.00E-03     7.882E-03     1.000E+01
7.00E-03     7.472E-03     1.000E+01
8.00E-03     7.083E-03     1.000E+01
9.00E-03     6.715E-03     1.000E+01
1.00E-02     6.366E-03     1.000E+01
1.10E-02     6.274E-03     1.000E+01
1.20E-02     6.183E-03     1.000E+01
1.30E-02     6.094E-03     1.000E+01
1.40E-02     6.006E-03     1.000E+01
1.50E-02     5.920E-03     1.000E+01
1.60E-02     5.834E-03     1.000E+01
1.80E-02     5.667E-03     1.000E+01
2.00E-02     5.505E-03     1.000E+01
2.50E-02     5.119E-03     1.000E+01
3.00E-02     4.761E-03     1.000E+01
4.00E-02     4.117E-03     1.000E+01
5.00E-02     3.560E-03     1.000E+01
6.00E-02     3.444E-03     1.000E+01
7.00E-02     3.331E-03     1.000E+01
8.00E-02     3.222E-03     1.000E+01
9.00E-02     3.116E-03     1.000E+01
1.00E-01     3.014E-03     1.000E+01
1.10E-01     2.992E-03     1.000E+01
1.20E-01     2.970E-03     1.000E+01
1.30E-01     2.949E-03     1.000E+01
1.40E-01     2.927E-03     1.000E+01
1.50E-01     2.906E-03     1.000E+01
1.60E-01     2.921E-03     1.000E+01
1.80E-01     2.952E-03     1.000E+01
2.00E-01     2.982E-03     1.000E+01
2.50E-01     3.188E-03     1.000E+01
3.00E-01     3.525E-03     1.000E+01
3.50E-01     4.097E-03     1.000E+01
4.00E-01     4.763E-03     1.000E+01
4.50E-01     5.882E-03     1.000E+01
5.00E-01     7.263E-03     1.000E+01
6.00E-01     1.209E-02     1.000E+01
7.00E-01     2.152E-02     1.000E+01
8.00E-01     4.062E-02     1.000E+01
9.00E-01     8.012E-02     1.000E+01
1.00E+00     1.607E-01     1.000E+01
1.25E+00     7.788E-01     1.000E+01
1.50E+00     3.774E+00     1.000E+01
1.75E+00     1.303E+01     1.000E+01
2.00E+00     4.496E+01     1.000E+01
2.50E+00     3.189E+02     1.000E+01
3.00E+00     1.541E+03     1.000E+01
3.50E+00     5.674E+03     1.000E+01
4.00E+00     1.706E+04     1.000E+01
5.00E+00     9.828E+04     1.000E+01
6.00E+00     3.672E+05     1.000E+01
7.00E+00     1.011E+06     1.000E+01
8.00E+00     2.184E+06     1.000E+01
9.00E+00     3.792E+06     1.000E+01
1.00E+01     5.440E+06     1.000E+01
