4        n cr48 cr49                       taly      1.05820E+01      
1.00E-03     9.861E+06     1.000E+01
2.00E-03     8.825E+06     1.000E+01
3.00E-03     7.789E+06     1.000E+01
4.00E-03     6.753E+06     1.000E+01
5.00E-03     5.717E+06     1.000E+01
6.00E-03     5.445E+06     1.000E+01
7.00E-03     5.174E+06     1.000E+01
8.00E-03     4.902E+06     1.000E+01
9.00E-03     4.631E+06     1.000E+01
1.00E-02     4.360E+06     1.000E+01
1.10E-02     4.309E+06     1.000E+01
1.20E-02     4.258E+06     1.000E+01
1.30E-02     4.207E+06     1.000E+01
1.40E-02     4.156E+06     1.000E+01
1.50E-02     4.105E+06     1.000E+01
1.60E-02     4.054E+06     1.000E+01
1.80E-02     3.952E+06     1.000E+01
2.00E-02     3.850E+06     1.000E+01
2.50E-02     3.595E+06     1.000E+01
3.00E-02     3.341E+06     1.000E+01
4.00E-02     2.831E+06     1.000E+01
5.00E-02     2.322E+06     1.000E+01
6.00E-02     2.222E+06     1.000E+01
7.00E-02     2.123E+06     1.000E+01
8.00E-02     2.024E+06     1.000E+01
9.00E-02     1.924E+06     1.000E+01
1.00E-01     1.825E+06     1.000E+01
1.10E-01     1.783E+06     1.000E+01
1.20E-01     1.741E+06     1.000E+01
1.30E-01     1.699E+06     1.000E+01
1.40E-01     1.657E+06     1.000E+01
1.50E-01     1.615E+06     1.000E+01
1.60E-01     1.593E+06     1.000E+01
1.80E-01     1.548E+06     1.000E+01
2.00E-01     1.503E+06     1.000E+01
2.50E-01     1.435E+06     1.000E+01
3.00E-01     1.391E+06     1.000E+01
3.50E-01     1.366E+06     1.000E+01
4.00E-01     1.340E+06     1.000E+01
4.50E-01     1.327E+06     1.000E+01
5.00E-01     1.314E+06     1.000E+01
6.00E-01     1.302E+06     1.000E+01
7.00E-01     1.298E+06     1.000E+01
8.00E-01     1.300E+06     1.000E+01
9.00E-01     1.306E+06     1.000E+01
1.00E+00     1.315E+06     1.000E+01
1.25E+00     1.344E+06     1.000E+01
1.50E+00     1.372E+06     1.000E+01
1.75E+00     1.399E+06     1.000E+01
2.00E+00     1.426E+06     1.000E+01
2.50E+00     1.458E+06     1.000E+01
3.00E+00     1.468E+06     1.000E+01
3.50E+00     1.464E+06     1.000E+01
4.00E+00     1.450E+06     1.000E+01
5.00E+00     1.408E+06     1.000E+01
6.00E+00     1.351E+06     1.000E+01
7.00E+00     1.261E+06     1.000E+01
8.00E+00     1.109E+06     1.000E+01
9.00E+00     8.876E+05     1.000E+01
1.00E+01     6.424E+05     1.000E+01
