4        p cr47 mn48                       taly      2.05100E+00      
1.00E-03     0.000E+00     1.000E+00
2.00E-03     0.000E+00     1.000E+00
3.00E-03     0.000E+00     1.000E+00
4.00E-03     0.000E+00     1.000E+00
5.00E-03     0.000E+00     1.000E+00
6.00E-03     0.000E+00     1.000E+00
7.00E-03     0.000E+00     1.000E+00
8.00E-03     0.000E+00     1.000E+00
9.00E-03     0.000E+00     1.000E+00
1.00E-02     0.000E+00     1.000E+00
1.10E-02     7.231E-98     1.000E+01
1.20E-02     5.228E-96     1.000E+01
1.30E-02     3.781E-94     1.000E+01
1.40E-02     2.734E-92     1.000E+01
1.50E-02     1.977E-90     1.000E+01
1.60E-02     1.429E-88     1.000E+01
1.80E-02     7.473E-85     1.000E+01
2.00E-02     3.907E-81     1.000E+01
2.50E-02     7.723E-72     1.000E+01
3.00E-02     1.526E-62     1.000E+01
4.00E-02     5.964E-44     1.000E+01
5.00E-02     2.330E-25     1.000E+01
6.00E-02     1.131E-23     1.000E+01
7.00E-02     5.489E-22     1.000E+01
8.00E-02     2.664E-20     1.000E+01
9.00E-02     1.293E-18     1.000E+01
1.00E-01     6.276E-17     1.000E+01
1.10E-01     4.026E-16     1.000E+01
1.20E-01     2.582E-15     1.000E+01
1.30E-01     1.656E-14     1.000E+01
1.40E-01     1.063E-13     1.000E+01
1.50E-01     6.816E-13     1.000E+01
1.60E-01     2.197E-12     1.000E+01
1.80E-01     2.284E-11     1.000E+01
2.00E-01     2.374E-10     1.000E+01
2.50E-01     1.505E-08     1.000E+01
3.00E-01     3.445E-07     1.000E+01
3.50E-01     3.137E-06     1.000E+01
4.00E-01     2.857E-05     1.000E+01
4.50E-01     1.243E-04     1.000E+01
5.00E-01     5.406E-04     1.000E+01
6.00E-01     4.319E-03     1.000E+01
7.00E-01     2.014E-02     1.000E+01
8.00E-01     6.591E-02     1.000E+01
9.00E-01     1.689E-01     1.000E+01
1.00E+00     3.636E-01     1.000E+01
1.25E+00     1.203E+00     1.000E+01
1.50E+00     3.981E+00     1.000E+01
1.75E+00     7.541E+00     1.000E+01
2.00E+00     1.429E+01     1.000E+01
2.50E+00     3.224E+01     1.000E+01
3.00E+00     5.733E+01     1.000E+01
3.50E+00     8.873E+01     1.000E+01
4.00E+00     1.258E+02     1.000E+01
5.00E+00     2.158E+02     1.000E+01
6.00E+00     3.284E+02     1.000E+01
7.00E+00     4.672E+02     1.000E+01
8.00E+00     6.321E+02     1.000E+01
9.00E+00     8.004E+02     1.000E+01
1.00E+01     9.094E+02     1.000E+01
