5        n cr50  he4 ti47                  taly      3.20000E-01      
1.00E-03     8.872E-22     1.000E+01
2.00E-03     1.098E-21     1.000E+01
3.00E-03     1.359E-21     1.000E+01
4.00E-03     1.683E-21     1.000E+01
5.00E-03     2.083E-21     1.000E+01
6.00E-03     2.211E-21     1.000E+01
7.00E-03     2.346E-21     1.000E+01
8.00E-03     2.490E-21     1.000E+01
9.00E-03     2.643E-21     1.000E+01
1.00E-02     2.805E-21     1.000E+01
1.10E-02     2.862E-21     1.000E+01
1.20E-02     2.920E-21     1.000E+01
1.30E-02     2.980E-21     1.000E+01
1.40E-02     3.040E-21     1.000E+01
1.50E-02     3.102E-21     1.000E+01
1.60E-02     3.165E-21     1.000E+01
1.80E-02     3.295E-21     1.000E+01
2.00E-02     3.430E-21     1.000E+01
2.50E-02     3.793E-21     1.000E+01
3.00E-02     4.195E-21     1.000E+01
4.00E-02     5.129E-21     1.000E+01
5.00E-02     6.272E-21     1.000E+01
6.00E-02     6.714E-21     1.000E+01
7.00E-02     7.188E-21     1.000E+01
8.00E-02     7.694E-21     1.000E+01
9.00E-02     8.237E-21     1.000E+01
1.00E-01     8.818E-21     1.000E+01
1.10E-01     9.185E-21     1.000E+01
1.20E-01     9.568E-21     1.000E+01
1.30E-01     9.967E-21     1.000E+01
1.40E-01     1.038E-20     1.000E+01
1.50E-01     1.081E-20     1.000E+01
1.60E-01     1.114E-20     1.000E+01
1.80E-01     1.183E-20     1.000E+01
2.00E-01     1.256E-20     1.000E+01
2.50E-01     1.412E-20     1.000E+01
3.00E-01     1.611E-20     1.000E+01
3.50E-01     1.626E-19     1.000E+01
4.00E-01     1.642E-18     1.000E+01
4.50E-01     2.892E-17     1.000E+01
5.00E-01     5.092E-16     1.000E+01
6.00E-01     5.166E-14     1.000E+01
7.00E-01     2.433E-12     1.000E+01
8.00E-01     6.243E-11     1.000E+01
9.00E-01     9.920E-10     1.000E+01
1.00E+00     1.089E-08     1.000E+01
1.25E+00     8.125E-07     1.000E+01
1.50E+00     6.065E-05     1.000E+01
1.75E+00     9.967E-04     1.000E+01
2.00E+00     1.638E-02     1.000E+01
2.50E+00     8.925E-01     1.000E+01
3.00E+00     1.757E+01     1.000E+01
3.50E+00     1.753E+02     1.000E+01
4.00E+00     1.093E+03     1.000E+01
5.00E+00     1.647E+04     1.000E+01
6.00E+00     1.003E+05     1.000E+01
7.00E+00     3.017E+05     1.000E+01
8.00E+00     5.656E+05     1.000E+01
9.00E+00     8.332E+05     1.000E+01
1.00E+01     1.097E+06     1.000E+01
