4      he4 cr50 fe54                       taly      8.41700E+00      
1.00E-03     0.000E+00     1.000E+00
2.00E-03     0.000E+00     1.000E+00
3.00E-03     0.000E+00     1.000E+00
4.00E-03     0.000E+00     1.000E+00
5.00E-03     0.000E+00     1.000E+00
6.00E-03     0.000E+00     1.000E+00
7.00E-03     0.000E+00     1.000E+00
8.00E-03     0.000E+00     1.000E+00
9.00E-03     0.000E+00     1.000E+00
1.00E-02     0.000E+00     1.000E+00
1.10E-02     0.000E+00     1.000E+00
1.20E-02     0.000E+00     1.000E+00
1.30E-02     0.000E+00     1.000E+00
1.40E-02     0.000E+00     1.000E+00
1.50E-02     0.000E+00     1.000E+00
1.60E-02     0.000E+00     1.000E+00
1.80E-02     0.000E+00     1.000E+00
2.00E-02     0.000E+00     1.000E+00
2.50E-02     0.000E+00     1.000E+00
3.00E-02     0.000E+00     1.000E+00
4.00E-02     0.000E+00     1.000E+00
5.00E-02     0.000E+00     1.000E+00
6.00E-02     0.000E+00     1.000E+00
7.00E-02     0.000E+00     1.000E+00
8.00E-02     0.000E+00     1.000E+00
9.00E-02     0.000E+00     1.000E+00
1.00E-01     0.000E+00     1.000E+00
1.10E-01     1.801E-89     1.000E+01
1.20E-01     3.242E-79     1.000E+01
1.30E-01     5.837E-69     1.000E+01
1.40E-01     1.051E-58     1.000E+01
1.50E-01     1.892E-48     1.000E+01
1.60E-01     8.627E-47     1.000E+01
1.80E-01     1.793E-43     1.000E+01
2.00E-01     3.725E-40     1.000E+01
2.50E-01     4.777E-35     1.000E+01
3.00E-01     1.974E-31     1.000E+01
3.50E-01     6.960E-29     1.000E+01
4.00E-01     2.454E-26     1.000E+01
4.50E-01     1.518E-24     1.000E+01
5.00E-01     9.393E-23     1.000E+01
6.00E-01     4.782E-20     1.000E+01
7.00E-01     6.513E-18     1.000E+01
8.00E-01     3.541E-16     1.000E+01
9.00E-01     9.855E-15     1.000E+01
1.00E+00     1.651E-13     1.000E+01
1.25E+00     1.844E-11     1.000E+01
1.50E+00     2.061E-09     1.000E+01
1.75E+00     3.188E-08     1.000E+01
2.00E+00     4.931E-07     1.000E+01
2.50E+00     2.154E-05     1.000E+01
3.00E+00     3.766E-04     1.000E+01
3.50E+00     3.636E-03     1.000E+01
4.00E+00     2.299E-02     1.000E+01
5.00E+00     3.748E-01     1.000E+01
6.00E+00     2.490E+00     1.000E+01
7.00E+00     8.118E+00     1.000E+01
8.00E+00     1.658E+01     1.000E+01
9.00E+00     2.698E+01     1.000E+01
1.00E+01     3.981E+01     1.000E+01
