4        n cu62 cu63                       taly      1.08630E+01      
1.00E-03     3.977E+07     1.000E+01
2.00E-03     3.848E+07     1.000E+01
3.00E-03     3.719E+07     1.000E+01
4.00E-03     3.589E+07     1.000E+01
5.00E-03     3.460E+07     1.000E+01
6.00E-03     3.384E+07     1.000E+01
7.00E-03     3.308E+07     1.000E+01
8.00E-03     3.232E+07     1.000E+01
9.00E-03     3.156E+07     1.000E+01
1.00E-02     3.079E+07     1.000E+01
1.10E-02     3.061E+07     1.000E+01
1.20E-02     3.043E+07     1.000E+01
1.30E-02     3.024E+07     1.000E+01
1.40E-02     3.006E+07     1.000E+01
1.50E-02     2.988E+07     1.000E+01
1.60E-02     2.969E+07     1.000E+01
1.80E-02     2.933E+07     1.000E+01
2.00E-02     2.896E+07     1.000E+01
2.50E-02     2.804E+07     1.000E+01
3.00E-02     2.712E+07     1.000E+01
4.00E-02     2.528E+07     1.000E+01
5.00E-02     2.345E+07     1.000E+01
6.00E-02     2.297E+07     1.000E+01
7.00E-02     2.250E+07     1.000E+01
8.00E-02     2.203E+07     1.000E+01
9.00E-02     2.156E+07     1.000E+01
1.00E-01     2.109E+07     1.000E+01
1.10E-01     2.092E+07     1.000E+01
1.20E-01     2.074E+07     1.000E+01
1.30E-01     2.057E+07     1.000E+01
1.40E-01     2.040E+07     1.000E+01
1.50E-01     2.022E+07     1.000E+01
1.60E-01     2.018E+07     1.000E+01
1.80E-01     2.008E+07     1.000E+01
2.00E-01     1.999E+07     1.000E+01
2.50E-01     2.000E+07     1.000E+01
3.00E-01     2.007E+07     1.000E+01
3.50E-01     2.015E+07     1.000E+01
4.00E-01     2.022E+07     1.000E+01
4.50E-01     2.029E+07     1.000E+01
5.00E-01     2.035E+07     1.000E+01
6.00E-01     2.046E+07     1.000E+01
7.00E-01     2.055E+07     1.000E+01
8.00E-01     2.062E+07     1.000E+01
9.00E-01     2.068E+07     1.000E+01
1.00E+00     2.071E+07     1.000E+01
1.25E+00     2.067E+07     1.000E+01
1.50E+00     2.063E+07     1.000E+01
1.75E+00     2.016E+07     1.000E+01
2.00E+00     1.969E+07     1.000E+01
2.50E+00     1.713E+07     1.000E+01
3.00E+00     1.326E+07     1.000E+01
3.50E+00     9.472E+06     1.000E+01
4.00E+00     6.616E+06     1.000E+01
5.00E+00     3.424E+06     1.000E+01
6.00E+00     2.013E+06     1.000E+01
7.00E+00     1.322E+06     1.000E+01
8.00E+00     9.451E+05     1.000E+01
9.00E+00     7.181E+05     1.000E+01
1.00E+01     5.699E+05     1.000E+01
