4        p cu56 zn57                       taly      1.59700E+00      
1.00E-03     0.000E+00     1.000E+00
2.00E-03     0.000E+00     1.000E+00
3.00E-03     0.000E+00     1.000E+00
4.00E-03     0.000E+00     1.000E+00
5.00E-03     0.000E+00     1.000E+00
6.00E-03     0.000E+00     1.000E+00
7.00E-03     0.000E+00     1.000E+00
8.00E-03     0.000E+00     1.000E+00
9.00E-03     0.000E+00     1.000E+00
1.00E-02     0.000E+00     1.000E+00
1.10E-02     5.288E-98     1.000E+01
1.20E-02     2.796E-96     1.000E+01
1.30E-02     1.478E-94     1.000E+01
1.40E-02     7.817E-93     1.000E+01
1.50E-02     4.133E-91     1.000E+01
1.60E-02     2.185E-89     1.000E+01
1.80E-02     6.110E-86     1.000E+01
2.00E-02     1.708E-82     1.000E+01
2.50E-02     7.060E-74     1.000E+01
3.00E-02     2.918E-65     1.000E+01
4.00E-02     4.985E-48     1.000E+01
5.00E-02     8.515E-31     1.000E+01
6.00E-02     8.456E-29     1.000E+01
7.00E-02     8.397E-27     1.000E+01
8.00E-02     8.338E-25     1.000E+01
9.00E-02     8.279E-23     1.000E+01
1.00E-01     8.221E-21     1.000E+01
1.10E-01     6.824E-20     1.000E+01
1.20E-01     5.664E-19     1.000E+01
1.30E-01     4.702E-18     1.000E+01
1.40E-01     3.903E-17     1.000E+01
1.50E-01     3.240E-16     1.000E+01
1.60E-01     1.226E-15     1.000E+01
1.80E-01     1.754E-14     1.000E+01
2.00E-01     2.510E-13     1.000E+01
2.50E-01     2.813E-11     1.000E+01
3.00E-01     1.017E-09     1.000E+01
3.50E-01     1.355E-08     1.000E+01
4.00E-01     1.804E-07     1.000E+01
4.50E-01     1.082E-06     1.000E+01
5.00E-01     6.490E-06     1.000E+01
6.00E-01     8.871E-05     1.000E+01
7.00E-01     6.390E-04     1.000E+01
8.00E-01     2.923E-03     1.000E+01
9.00E-01     9.500E-03     1.000E+01
1.00E+00     2.363E-02     1.000E+01
1.25E+00     7.294E-02     1.000E+01
1.50E+00     2.251E-01     1.000E+01
1.75E+00     3.383E-01     1.000E+01
2.00E+00     5.084E-01     1.000E+01
2.50E+00     7.936E-01     1.000E+01
3.00E+00     1.076E+00     1.000E+01
3.50E+00     1.364E+00     1.000E+01
4.00E+00     1.668E+00     1.000E+01
5.00E+00     2.361E+00     1.000E+01
6.00E+00     3.227E+00     1.000E+01
7.00E+00     4.325E+00     1.000E+01
8.00E+00     5.703E+00     1.000E+01
9.00E+00     7.399E+00     1.000E+01
1.00E+01     9.421E+00     1.000E+01
