5        n cu60  he4 co57                  taly      6.64600E+00      
1.00E-03     2.650E+06     1.000E+01
2.00E-03     2.659E+06     1.000E+01
3.00E-03     2.667E+06     1.000E+01
4.00E-03     2.675E+06     1.000E+01
5.00E-03     2.683E+06     1.000E+01
6.00E-03     2.661E+06     1.000E+01
7.00E-03     2.639E+06     1.000E+01
8.00E-03     2.617E+06     1.000E+01
9.00E-03     2.595E+06     1.000E+01
1.00E-02     2.573E+06     1.000E+01
1.10E-02     2.570E+06     1.000E+01
1.20E-02     2.566E+06     1.000E+01
1.30E-02     2.562E+06     1.000E+01
1.40E-02     2.559E+06     1.000E+01
1.50E-02     2.555E+06     1.000E+01
1.60E-02     2.552E+06     1.000E+01
1.80E-02     2.544E+06     1.000E+01
2.00E-02     2.537E+06     1.000E+01
2.50E-02     2.519E+06     1.000E+01
3.00E-02     2.502E+06     1.000E+01
4.00E-02     2.467E+06     1.000E+01
5.00E-02     2.432E+06     1.000E+01
6.00E-02     2.424E+06     1.000E+01
7.00E-02     2.416E+06     1.000E+01
8.00E-02     2.408E+06     1.000E+01
9.00E-02     2.400E+06     1.000E+01
1.00E-01     2.392E+06     1.000E+01
1.10E-01     2.391E+06     1.000E+01
1.20E-01     2.390E+06     1.000E+01
1.30E-01     2.389E+06     1.000E+01
1.40E-01     2.387E+06     1.000E+01
1.50E-01     2.386E+06     1.000E+01
1.60E-01     2.388E+06     1.000E+01
1.80E-01     2.391E+06     1.000E+01
2.00E-01     2.395E+06     1.000E+01
2.50E-01     2.409E+06     1.000E+01
3.00E-01     2.423E+06     1.000E+01
3.50E-01     2.439E+06     1.000E+01
4.00E-01     2.454E+06     1.000E+01
4.50E-01     2.476E+06     1.000E+01
5.00E-01     2.497E+06     1.000E+01
6.00E-01     2.559E+06     1.000E+01
7.00E-01     2.644E+06     1.000E+01
8.00E-01     2.756E+06     1.000E+01
9.00E-01     2.895E+06     1.000E+01
1.00E+00     3.064E+06     1.000E+01
1.25E+00     3.637E+06     1.000E+01
1.50E+00     4.316E+06     1.000E+01
1.75E+00     5.072E+06     1.000E+01
2.00E+00     5.961E+06     1.000E+01
2.50E+00     7.492E+06     1.000E+01
3.00E+00     8.332E+06     1.000E+01
3.50E+00     8.205E+06     1.000E+01
4.00E+00     7.453E+06     1.000E+01
5.00E+00     5.868E+06     1.000E+01
6.00E+00     5.054E+06     1.000E+01
7.00E+00     4.879E+06     1.000E+01
8.00E+00     5.127E+06     1.000E+01
9.00E+00     5.667E+06     1.000E+01
1.00E+01     6.401E+06     1.000E+01
