4      he4 cu60 ga64                       taly      2.91300E+00      
1.00E-03     0.000E+00     1.000E+00
2.00E-03     0.000E+00     1.000E+00
3.00E-03     0.000E+00     1.000E+00
4.00E-03     0.000E+00     1.000E+00
5.00E-03     0.000E+00     1.000E+00
6.00E-03     0.000E+00     1.000E+00
7.00E-03     0.000E+00     1.000E+00
8.00E-03     0.000E+00     1.000E+00
9.00E-03     0.000E+00     1.000E+00
1.00E-02     0.000E+00     1.000E+00
1.10E-02     0.000E+00     1.000E+00
1.20E-02     0.000E+00     1.000E+00
1.30E-02     0.000E+00     1.000E+00
1.40E-02     0.000E+00     1.000E+00
1.50E-02     0.000E+00     1.000E+00
1.60E-02     0.000E+00     1.000E+00
1.80E-02     0.000E+00     1.000E+00
2.00E-02     0.000E+00     1.000E+00
2.50E-02     0.000E+00     1.000E+00
3.00E-02     0.000E+00     1.000E+00
4.00E-02     0.000E+00     1.000E+00
5.00E-02     0.000E+00     1.000E+00
6.00E-02     0.000E+00     1.000E+00
7.00E-02     0.000E+00     1.000E+00
8.00E-02     0.000E+00     1.000E+00
9.00E-02     0.000E+00     1.000E+00
1.00E-01     0.000E+00     1.000E+00
1.10E-01     0.000E+00     1.000E+00
1.20E-01     0.000E+00     1.000E+00
1.30E-01     0.000E+00     1.000E+00
1.40E-01     0.000E+00     1.000E+00
1.50E-01     0.000E+00     1.000E+00
1.60E-01     1.751E-89     1.000E+01
1.80E-01     5.372E-69     1.000E+01
2.00E-01     1.648E-48     1.000E+01
2.50E-01     7.744E-42     1.000E+01
3.00E-01     2.588E-37     1.000E+01
3.50E-01     2.749E-34     1.000E+01
4.00E-01     2.919E-31     1.000E+01
4.50E-01     3.393E-29     1.000E+01
5.00E-01     3.944E-27     1.000E+01
6.00E-01     5.063E-24     1.000E+01
7.00E-01     1.404E-21     1.000E+01
8.00E-01     1.305E-19     1.000E+01
9.00E-01     5.418E-18     1.000E+01
1.00E+00     1.233E-16     1.000E+01
1.25E+00     2.272E-14     1.000E+01
1.50E+00     4.188E-12     1.000E+01
1.75E+00     9.465E-11     1.000E+01
2.00E+00     2.139E-09     1.000E+01
2.50E+00     1.557E-07     1.000E+01
3.00E+00     3.501E-06     1.000E+01
3.50E+00     3.636E-05     1.000E+01
4.00E+00     2.255E-04     1.000E+01
5.00E+00     3.394E-03     1.000E+01
6.00E+00     2.424E-02     1.000E+01
7.00E+00     1.094E-01     1.000E+01
8.00E+00     3.606E-01     1.000E+01
9.00E+00     9.437E-01     1.000E+01
1.00E+01     2.069E+00     1.000E+01
