5        p cu59  he4 ni56                  taly      2.41300E+00      
1.00E-03     0.000E+00     1.000E+00
2.00E-03     0.000E+00     1.000E+00
3.00E-03     0.000E+00     1.000E+00
4.00E-03     0.000E+00     1.000E+00
5.00E-03     0.000E+00     1.000E+00
6.00E-03     0.000E+00     1.000E+00
7.00E-03     0.000E+00     1.000E+00
8.00E-03     0.000E+00     1.000E+00
9.00E-03     0.000E+00     1.000E+00
1.00E-02     0.000E+00     1.000E+00
1.10E-02     4.039E-98     1.000E+01
1.20E-02     1.632E-96     1.000E+01
1.30E-02     6.591E-95     1.000E+01
1.40E-02     2.663E-93     1.000E+01
1.50E-02     1.076E-91     1.000E+01
1.60E-02     4.345E-90     1.000E+01
1.80E-02     7.090E-87     1.000E+01
2.00E-02     1.157E-83     1.000E+01
2.50E-02     1.244E-75     1.000E+01
3.00E-02     1.338E-67     1.000E+01
4.00E-02     1.548E-51     1.000E+01
5.00E-02     1.791E-35     1.000E+01
6.00E-02     9.656E-34     1.000E+01
7.00E-02     5.206E-32     1.000E+01
8.00E-02     2.807E-30     1.000E+01
9.00E-02     1.513E-28     1.000E+01
1.00E-01     8.160E-27     1.000E+01
1.10E-01     7.534E-26     1.000E+01
1.20E-01     6.956E-25     1.000E+01
1.30E-01     6.422E-24     1.000E+01
1.40E-01     5.930E-23     1.000E+01
1.50E-01     5.475E-22     1.000E+01
1.60E-01     2.392E-21     1.000E+01
1.80E-01     4.565E-20     1.000E+01
2.00E-01     8.712E-19     1.000E+01
2.50E-01     1.845E-16     1.000E+01
3.00E-01     1.181E-14     1.000E+01
3.50E-01     2.564E-13     1.000E+01
4.00E-01     5.567E-12     1.000E+01
4.50E-01     4.889E-11     1.000E+01
5.00E-01     4.294E-10     1.000E+01
6.00E-01     1.088E-08     1.000E+01
7.00E-01     1.348E-07     1.000E+01
8.00E-01     1.033E-06     1.000E+01
9.00E-01     5.670E-06     1.000E+01
1.00E+00     2.439E-05     1.000E+01
1.25E+00     3.204E-04     1.000E+01
1.50E+00     4.210E-03     1.000E+01
1.75E+00     2.203E-02     1.000E+01
2.00E+00     1.153E-01     1.000E+01
2.50E+00     1.363E+00     1.000E+01
3.00E+00     9.918E+00     1.000E+01
3.50E+00     5.105E+01     1.000E+01
4.00E+00     1.995E+02     1.000E+01
5.00E+00     1.546E+03     1.000E+01
6.00E+00     5.577E+03     1.000E+01
7.00E+00     1.165E+04     1.000E+01
8.00E+00     1.811E+04     1.000E+01
9.00E+00     2.462E+04     1.000E+01
1.00E+01     3.150E+04     1.000E+01
