5        p cu62  he4 ni59                  taly      3.23300E+00      
1.00E-03     0.000E+00     1.000E+00
2.00E-03     0.000E+00     1.000E+00
3.00E-03     0.000E+00     1.000E+00
4.00E-03     0.000E+00     1.000E+00
5.00E-03     0.000E+00     1.000E+00
6.00E-03     0.000E+00     1.000E+00
7.00E-03     0.000E+00     1.000E+00
8.00E-03     0.000E+00     1.000E+00
9.00E-03     0.000E+00     1.000E+00
1.00E-02     0.000E+00     1.000E+00
1.10E-02     4.164E-98     1.000E+01
1.20E-02     1.734E-96     1.000E+01
1.30E-02     7.222E-95     1.000E+01
1.40E-02     3.008E-93     1.000E+01
1.50E-02     1.253E-91     1.000E+01
1.60E-02     5.216E-90     1.000E+01
1.80E-02     9.047E-87     1.000E+01
2.00E-02     1.569E-83     1.000E+01
2.50E-02     1.965E-75     1.000E+01
3.00E-02     2.462E-67     1.000E+01
4.00E-02     3.862E-51     1.000E+01
5.00E-02     6.059E-35     1.000E+01
6.00E-02     4.440E-33     1.000E+01
7.00E-02     3.253E-31     1.000E+01
8.00E-02     2.384E-29     1.000E+01
9.00E-02     1.746E-27     1.000E+01
1.00E-01     1.280E-25     1.000E+01
1.10E-01     1.180E-24     1.000E+01
1.20E-01     1.088E-23     1.000E+01
1.30E-01     1.003E-22     1.000E+01
1.40E-01     9.246E-22     1.000E+01
1.50E-01     8.525E-21     1.000E+01
1.60E-01     3.676E-20     1.000E+01
1.80E-01     6.834E-19     1.000E+01
2.00E-01     1.271E-17     1.000E+01
2.50E-01     2.451E-15     1.000E+01
3.00E-01     1.355E-13     1.000E+01
3.50E-01     2.706E-12     1.000E+01
4.00E-01     5.402E-11     1.000E+01
4.50E-01     4.895E-10     1.000E+01
5.00E-01     4.436E-09     1.000E+01
6.00E-01     1.350E-07     1.000E+01
7.00E-01     2.132E-06     1.000E+01
8.00E-01     2.117E-05     1.000E+01
9.00E-01     1.472E-04     1.000E+01
1.00E+00     7.714E-04     1.000E+01
1.25E+00     1.261E-02     1.000E+01
1.50E+00     2.061E-01     1.000E+01
1.75E+00     1.013E+00     1.000E+01
2.00E+00     4.978E+00     1.000E+01
2.50E+00     3.827E+01     1.000E+01
3.00E+00     1.548E+02     1.000E+01
3.50E+00     4.306E+02     1.000E+01
4.00E+00     9.653E+02     1.000E+01
5.00E+00     3.393E+03     1.000E+01
6.00E+00     8.926E+03     1.000E+01
7.00E+00     1.940E+04     1.000E+01
8.00E+00     3.687E+04     1.000E+01
9.00E+00     6.345E+04     1.000E+01
1.00E+01     1.009E+05     1.000E+01
