4        p cu59 zn60                       taly      5.10500E+00      
1.00E-03     0.000E+00     1.000E+00
2.00E-03     0.000E+00     1.000E+00
3.00E-03     0.000E+00     1.000E+00
4.00E-03     0.000E+00     1.000E+00
5.00E-03     0.000E+00     1.000E+00
6.00E-03     0.000E+00     1.000E+00
7.00E-03     0.000E+00     1.000E+00
8.00E-03     0.000E+00     1.000E+00
9.00E-03     0.000E+00     1.000E+00
1.00E-02     0.000E+00     1.000E+00
1.10E-02     5.296E-98     1.000E+01
1.20E-02     2.804E-96     1.000E+01
1.30E-02     1.485E-94     1.000E+01
1.40E-02     7.865E-93     1.000E+01
1.50E-02     4.165E-91     1.000E+01
1.60E-02     2.206E-89     1.000E+01
1.80E-02     6.185E-86     1.000E+01
2.00E-02     1.735E-82     1.000E+01
2.50E-02     7.224E-74     1.000E+01
3.00E-02     3.009E-65     1.000E+01
4.00E-02     5.218E-48     1.000E+01
5.00E-02     9.051E-31     1.000E+01
6.00E-02     8.300E-29     1.000E+01
7.00E-02     7.611E-27     1.000E+01
8.00E-02     6.979E-25     1.000E+01
9.00E-02     6.400E-23     1.000E+01
1.00E-01     5.869E-21     1.000E+01
1.10E-01     4.887E-20     1.000E+01
1.20E-01     4.070E-19     1.000E+01
1.30E-01     3.389E-18     1.000E+01
1.40E-01     2.822E-17     1.000E+01
1.50E-01     2.350E-16     1.000E+01
1.60E-01     8.921E-16     1.000E+01
1.80E-01     1.285E-14     1.000E+01
2.00E-01     1.852E-13     1.000E+01
2.50E-01     2.109E-11     1.000E+01
3.00E-01     7.754E-10     1.000E+01
3.50E-01     1.062E-08     1.000E+01
4.00E-01     1.454E-07     1.000E+01
4.50E-01     9.167E-07     1.000E+01
5.00E-01     5.781E-06     1.000E+01
6.00E-01     9.069E-05     1.000E+01
7.00E-01     7.684E-04     1.000E+01
8.00E-01     4.233E-03     1.000E+01
9.00E-01     1.707E-02     1.000E+01
1.00E+00     5.451E-02     1.000E+01
1.25E+00     3.578E-01     1.000E+01
1.50E+00     2.349E+00     1.000E+01
1.75E+00     6.575E+00     1.000E+01
2.00E+00     1.841E+01     1.000E+01
2.50E+00     6.720E+01     1.000E+01
3.00E+00     1.630E+02     1.000E+01
3.50E+00     3.093E+02     1.000E+01
4.00E+00     4.979E+02     1.000E+01
5.00E+00     8.959E+02     1.000E+01
6.00E+00     1.065E+03     1.000E+01
7.00E+00     9.511E+02     1.000E+01
8.00E+00     7.631E+02     1.000E+01
9.00E+00     6.103E+02     1.000E+01
1.00E+01     5.034E+02     1.000E+01
