4        n cu59 cu60                       taly      1.00580E+01      
1.00E-03     1.673E+06     1.000E+01
2.00E-03     1.677E+06     1.000E+01
3.00E-03     1.681E+06     1.000E+01
4.00E-03     1.684E+06     1.000E+01
5.00E-03     1.688E+06     1.000E+01
6.00E-03     1.674E+06     1.000E+01
7.00E-03     1.659E+06     1.000E+01
8.00E-03     1.644E+06     1.000E+01
9.00E-03     1.629E+06     1.000E+01
1.00E-02     1.615E+06     1.000E+01
1.10E-02     1.612E+06     1.000E+01
1.20E-02     1.609E+06     1.000E+01
1.30E-02     1.606E+06     1.000E+01
1.40E-02     1.603E+06     1.000E+01
1.50E-02     1.600E+06     1.000E+01
1.60E-02     1.597E+06     1.000E+01
1.80E-02     1.591E+06     1.000E+01
2.00E-02     1.585E+06     1.000E+01
2.50E-02     1.571E+06     1.000E+01
3.00E-02     1.556E+06     1.000E+01
4.00E-02     1.527E+06     1.000E+01
5.00E-02     1.498E+06     1.000E+01
6.00E-02     1.487E+06     1.000E+01
7.00E-02     1.477E+06     1.000E+01
8.00E-02     1.466E+06     1.000E+01
9.00E-02     1.455E+06     1.000E+01
1.00E-01     1.444E+06     1.000E+01
1.10E-01     1.439E+06     1.000E+01
1.20E-01     1.433E+06     1.000E+01
1.30E-01     1.427E+06     1.000E+01
1.40E-01     1.422E+06     1.000E+01
1.50E-01     1.416E+06     1.000E+01
1.60E-01     1.413E+06     1.000E+01
1.80E-01     1.408E+06     1.000E+01
2.00E-01     1.402E+06     1.000E+01
2.50E-01     1.396E+06     1.000E+01
3.00E-01     1.394E+06     1.000E+01
3.50E-01     1.393E+06     1.000E+01
4.00E-01     1.393E+06     1.000E+01
4.50E-01     1.395E+06     1.000E+01
5.00E-01     1.396E+06     1.000E+01
6.00E-01     1.402E+06     1.000E+01
7.00E-01     1.412E+06     1.000E+01
8.00E-01     1.424E+06     1.000E+01
9.00E-01     1.438E+06     1.000E+01
1.00E+00     1.454E+06     1.000E+01
1.25E+00     1.503E+06     1.000E+01
1.50E+00     1.552E+06     1.000E+01
1.75E+00     1.607E+06     1.000E+01
2.00E+00     1.661E+06     1.000E+01
2.50E+00     1.771E+06     1.000E+01
3.00E+00     1.875E+06     1.000E+01
3.50E+00     1.968E+06     1.000E+01
4.00E+00     2.036E+06     1.000E+01
5.00E+00     1.983E+06     1.000E+01
6.00E+00     1.573E+06     1.000E+01
7.00E+00     1.056E+06     1.000E+01
8.00E+00     6.840E+05     1.000E+01
9.00E+00     4.613E+05     1.000E+01
1.00E+01     3.290E+05     1.000E+01
