4        n cu60 cu61                       taly      1.17100E+01      
1.00E-03     2.494E+06     1.000E+01
2.00E-03     2.501E+06     1.000E+01
3.00E-03     2.508E+06     1.000E+01
4.00E-03     2.514E+06     1.000E+01
5.00E-03     2.521E+06     1.000E+01
6.00E-03     2.499E+06     1.000E+01
7.00E-03     2.477E+06     1.000E+01
8.00E-03     2.456E+06     1.000E+01
9.00E-03     2.434E+06     1.000E+01
1.00E-02     2.412E+06     1.000E+01
1.10E-02     2.408E+06     1.000E+01
1.20E-02     2.404E+06     1.000E+01
1.30E-02     2.400E+06     1.000E+01
1.40E-02     2.395E+06     1.000E+01
1.50E-02     2.391E+06     1.000E+01
1.60E-02     2.387E+06     1.000E+01
1.80E-02     2.378E+06     1.000E+01
2.00E-02     2.370E+06     1.000E+01
2.50E-02     2.348E+06     1.000E+01
3.00E-02     2.327E+06     1.000E+01
4.00E-02     2.284E+06     1.000E+01
5.00E-02     2.242E+06     1.000E+01
6.00E-02     2.225E+06     1.000E+01
7.00E-02     2.209E+06     1.000E+01
8.00E-02     2.193E+06     1.000E+01
9.00E-02     2.176E+06     1.000E+01
1.00E-01     2.160E+06     1.000E+01
1.10E-01     2.151E+06     1.000E+01
1.20E-01     2.141E+06     1.000E+01
1.30E-01     2.132E+06     1.000E+01
1.40E-01     2.123E+06     1.000E+01
1.50E-01     2.113E+06     1.000E+01
1.60E-01     2.108E+06     1.000E+01
1.80E-01     2.098E+06     1.000E+01
2.00E-01     2.087E+06     1.000E+01
2.50E-01     2.070E+06     1.000E+01
3.00E-01     2.057E+06     1.000E+01
3.50E-01     2.046E+06     1.000E+01
4.00E-01     2.035E+06     1.000E+01
4.50E-01     2.026E+06     1.000E+01
5.00E-01     2.017E+06     1.000E+01
6.00E-01     2.004E+06     1.000E+01
7.00E-01     1.997E+06     1.000E+01
8.00E-01     1.993E+06     1.000E+01
9.00E-01     1.993E+06     1.000E+01
1.00E+00     1.996E+06     1.000E+01
1.25E+00     2.015E+06     1.000E+01
1.50E+00     2.034E+06     1.000E+01
1.75E+00     2.054E+06     1.000E+01
2.00E+00     2.074E+06     1.000E+01
2.50E+00     2.039E+06     1.000E+01
3.00E+00     1.848E+06     1.000E+01
3.50E+00     1.516E+06     1.000E+01
4.00E+00     1.159E+06     1.000E+01
5.00E+00     6.527E+05     1.000E+01
6.00E+00     4.010E+05     1.000E+01
7.00E+00     2.750E+05     1.000E+01
8.00E+00     2.058E+05     1.000E+01
9.00E+00     1.637E+05     1.000E+01
1.00E+01     1.358E+05     1.000E+01
