5        n cu59    p ni59                  taly      5.58000E+00      
1.00E-03     1.201E+09     1.000E+01
2.00E-03     1.203E+09     1.000E+01
3.00E-03     1.206E+09     1.000E+01
4.00E-03     1.209E+09     1.000E+01
5.00E-03     1.212E+09     1.000E+01
6.00E-03     1.201E+09     1.000E+01
7.00E-03     1.190E+09     1.000E+01
8.00E-03     1.180E+09     1.000E+01
9.00E-03     1.169E+09     1.000E+01
1.00E-02     1.159E+09     1.000E+01
1.10E-02     1.156E+09     1.000E+01
1.20E-02     1.154E+09     1.000E+01
1.30E-02     1.152E+09     1.000E+01
1.40E-02     1.149E+09     1.000E+01
1.50E-02     1.147E+09     1.000E+01
1.60E-02     1.145E+09     1.000E+01
1.80E-02     1.140E+09     1.000E+01
2.00E-02     1.136E+09     1.000E+01
2.50E-02     1.124E+09     1.000E+01
3.00E-02     1.113E+09     1.000E+01
4.00E-02     1.091E+09     1.000E+01
5.00E-02     1.070E+09     1.000E+01
6.00E-02     1.060E+09     1.000E+01
7.00E-02     1.051E+09     1.000E+01
8.00E-02     1.042E+09     1.000E+01
9.00E-02     1.033E+09     1.000E+01
1.00E-01     1.024E+09     1.000E+01
1.10E-01     1.018E+09     1.000E+01
1.20E-01     1.012E+09     1.000E+01
1.30E-01     1.006E+09     1.000E+01
1.40E-01     1.001E+09     1.000E+01
1.50E-01     9.951E+08     1.000E+01
1.60E-01     9.915E+08     1.000E+01
1.80E-01     9.842E+08     1.000E+01
2.00E-01     9.771E+08     1.000E+01
2.50E-01     9.647E+08     1.000E+01
3.00E-01     9.552E+08     1.000E+01
3.50E-01     9.476E+08     1.000E+01
4.00E-01     9.400E+08     1.000E+01
4.50E-01     9.342E+08     1.000E+01
5.00E-01     9.283E+08     1.000E+01
6.00E-01     9.196E+08     1.000E+01
7.00E-01     9.137E+08     1.000E+01
8.00E-01     9.103E+08     1.000E+01
9.00E-01     9.089E+08     1.000E+01
1.00E+00     9.093E+08     1.000E+01
1.25E+00     9.193E+08     1.000E+01
1.50E+00     9.294E+08     1.000E+01
1.75E+00     9.475E+08     1.000E+01
2.00E+00     9.659E+08     1.000E+01
2.50E+00     1.009E+09     1.000E+01
3.00E+00     1.053E+09     1.000E+01
3.50E+00     1.094E+09     1.000E+01
4.00E+00     1.126E+09     1.000E+01
5.00E+00     1.098E+09     1.000E+01
6.00E+00     8.898E+08     1.000E+01
7.00E+00     6.221E+08     1.000E+01
8.00E+00     4.267E+08     1.000E+01
9.00E+00     3.081E+08     1.000E+01
1.00E+01     2.362E+08     1.000E+01
