5        n cu59  he4 co56                  taly      5.32800E+00      
1.00E-03     4.243E+04     1.000E+01
2.00E-03     4.255E+04     1.000E+01
3.00E-03     4.266E+04     1.000E+01
4.00E-03     4.278E+04     1.000E+01
5.00E-03     4.290E+04     1.000E+01
6.00E-03     4.254E+04     1.000E+01
7.00E-03     4.217E+04     1.000E+01
8.00E-03     4.182E+04     1.000E+01
9.00E-03     4.146E+04     1.000E+01
1.00E-02     4.111E+04     1.000E+01
1.10E-02     4.105E+04     1.000E+01
1.20E-02     4.099E+04     1.000E+01
1.30E-02     4.092E+04     1.000E+01
1.40E-02     4.086E+04     1.000E+01
1.50E-02     4.080E+04     1.000E+01
1.60E-02     4.074E+04     1.000E+01
1.80E-02     4.062E+04     1.000E+01
2.00E-02     4.050E+04     1.000E+01
2.50E-02     4.020E+04     1.000E+01
3.00E-02     3.990E+04     1.000E+01
4.00E-02     3.930E+04     1.000E+01
5.00E-02     3.872E+04     1.000E+01
6.00E-02     3.858E+04     1.000E+01
7.00E-02     3.843E+04     1.000E+01
8.00E-02     3.829E+04     1.000E+01
9.00E-02     3.815E+04     1.000E+01
1.00E-01     3.801E+04     1.000E+01
1.10E-01     3.800E+04     1.000E+01
1.20E-01     3.798E+04     1.000E+01
1.30E-01     3.797E+04     1.000E+01
1.40E-01     3.796E+04     1.000E+01
1.50E-01     3.795E+04     1.000E+01
1.60E-01     3.802E+04     1.000E+01
1.80E-01     3.816E+04     1.000E+01
2.00E-01     3.830E+04     1.000E+01
2.50E-01     3.887E+04     1.000E+01
3.00E-01     3.957E+04     1.000E+01
3.50E-01     4.036E+04     1.000E+01
4.00E-01     4.118E+04     1.000E+01
4.50E-01     4.213E+04     1.000E+01
5.00E-01     4.311E+04     1.000E+01
6.00E-01     4.545E+04     1.000E+01
7.00E-01     4.828E+04     1.000E+01
8.00E-01     5.163E+04     1.000E+01
9.00E-01     5.556E+04     1.000E+01
1.00E+00     6.011E+04     1.000E+01
1.25E+00     7.550E+04     1.000E+01
1.50E+00     9.482E+04     1.000E+01
1.75E+00     1.234E+05     1.000E+01
2.00E+00     1.605E+05     1.000E+01
2.50E+00     2.835E+05     1.000E+01
3.00E+00     5.068E+05     1.000E+01
3.50E+00     8.919E+05     1.000E+01
4.00E+00     1.508E+06     1.000E+01
5.00E+00     3.499E+06     1.000E+01
6.00E+00     5.585E+06     1.000E+01
7.00E+00     6.501E+06     1.000E+01
8.00E+00     6.510E+06     1.000E+01
9.00E+00     6.255E+06     1.000E+01
1.00E+01     6.007E+06     1.000E+01
