5        n cu62    p ni62                  taly      4.74100E+00      
1.00E-03     8.867E+08     1.000E+01
2.00E-03     8.681E+08     1.000E+01
3.00E-03     8.499E+08     1.000E+01
4.00E-03     8.322E+08     1.000E+01
5.00E-03     8.147E+08     1.000E+01
6.00E-03     7.997E+08     1.000E+01
7.00E-03     7.850E+08     1.000E+01
8.00E-03     7.706E+08     1.000E+01
9.00E-03     7.564E+08     1.000E+01
1.00E-02     7.424E+08     1.000E+01
1.10E-02     7.383E+08     1.000E+01
1.20E-02     7.342E+08     1.000E+01
1.30E-02     7.301E+08     1.000E+01
1.40E-02     7.260E+08     1.000E+01
1.50E-02     7.219E+08     1.000E+01
1.60E-02     7.179E+08     1.000E+01
1.80E-02     7.099E+08     1.000E+01
2.00E-02     7.020E+08     1.000E+01
2.50E-02     6.826E+08     1.000E+01
3.00E-02     6.637E+08     1.000E+01
4.00E-02     6.276E+08     1.000E+01
5.00E-02     5.934E+08     1.000E+01
6.00E-02     5.809E+08     1.000E+01
7.00E-02     5.686E+08     1.000E+01
8.00E-02     5.566E+08     1.000E+01
9.00E-02     5.449E+08     1.000E+01
1.00E-01     5.334E+08     1.000E+01
1.10E-01     5.270E+08     1.000E+01
1.20E-01     5.206E+08     1.000E+01
1.30E-01     5.143E+08     1.000E+01
1.40E-01     5.081E+08     1.000E+01
1.50E-01     5.020E+08     1.000E+01
1.60E-01     4.982E+08     1.000E+01
1.80E-01     4.908E+08     1.000E+01
2.00E-01     4.835E+08     1.000E+01
2.50E-01     4.710E+08     1.000E+01
3.00E-01     4.613E+08     1.000E+01
3.50E-01     4.534E+08     1.000E+01
4.00E-01     4.457E+08     1.000E+01
4.50E-01     4.393E+08     1.000E+01
5.00E-01     4.330E+08     1.000E+01
6.00E-01     4.223E+08     1.000E+01
7.00E-01     4.128E+08     1.000E+01
8.00E-01     4.041E+08     1.000E+01
9.00E-01     3.957E+08     1.000E+01
1.00E+00     3.876E+08     1.000E+01
1.25E+00     3.673E+08     1.000E+01
1.50E+00     3.482E+08     1.000E+01
1.75E+00     3.268E+08     1.000E+01
2.00E+00     3.068E+08     1.000E+01
2.50E+00     2.534E+08     1.000E+01
3.00E+00     1.907E+08     1.000E+01
3.50E+00     1.353E+08     1.000E+01
4.00E+00     9.539E+07     1.000E+01
5.00E+00     5.252E+07     1.000E+01
6.00E+00     3.439E+07     1.000E+01
7.00E+00     2.603E+07     1.000E+01
8.00E+00     2.188E+07     1.000E+01
9.00E+00     1.970E+07     1.000E+01
1.00E+01     1.844E+07     1.000E+01
