5        p cu63  he4 ni60                  taly      3.75800E+00      
1.00E-03     0.000E+00     1.000E+00
2.00E-03     0.000E+00     1.000E+00
3.00E-03     0.000E+00     1.000E+00
4.00E-03     0.000E+00     1.000E+00
5.00E-03     0.000E+00     1.000E+00
6.00E-03     0.000E+00     1.000E+00
7.00E-03     0.000E+00     1.000E+00
8.00E-03     0.000E+00     1.000E+00
9.00E-03     0.000E+00     1.000E+00
1.00E-02     0.000E+00     1.000E+00
1.10E-02     4.336E-98     1.000E+01
1.20E-02     1.880E-96     1.000E+01
1.30E-02     8.152E-95     1.000E+01
1.40E-02     3.535E-93     1.000E+01
1.50E-02     1.533E-91     1.000E+01
1.60E-02     6.646E-90     1.000E+01
1.80E-02     1.249E-86     1.000E+01
2.00E-02     2.349E-83     1.000E+01
2.50E-02     3.600E-75     1.000E+01
3.00E-02     5.518E-67     1.000E+01
4.00E-02     1.296E-50     1.000E+01
5.00E-02     3.045E-34     1.000E+01
6.00E-02     2.917E-32     1.000E+01
7.00E-02     2.794E-30     1.000E+01
8.00E-02     2.676E-28     1.000E+01
9.00E-02     2.563E-26     1.000E+01
1.00E-01     2.455E-24     1.000E+01
1.10E-01     2.308E-23     1.000E+01
1.20E-01     2.171E-22     1.000E+01
1.30E-01     2.042E-21     1.000E+01
1.40E-01     1.920E-20     1.000E+01
1.50E-01     1.806E-19     1.000E+01
1.60E-01     7.458E-19     1.000E+01
1.80E-01     1.272E-17     1.000E+01
2.00E-01     2.170E-16     1.000E+01
2.50E-01     3.351E-14     1.000E+01
3.00E-01     1.574E-12     1.000E+01
3.50E-01     2.728E-11     1.000E+01
4.00E-01     4.727E-10     1.000E+01
4.50E-01     3.825E-09     1.000E+01
5.00E-01     3.095E-08     1.000E+01
6.00E-01     7.818E-07     1.000E+01
7.00E-01     1.048E-05     1.000E+01
8.00E-01     9.074E-05     1.000E+01
9.00E-01     5.676E-04     1.000E+01
1.00E+00     2.751E-03     1.000E+01
1.25E+00     4.184E-02     1.000E+01
1.50E+00     6.361E-01     1.000E+01
1.75E+00     3.230E+00     1.000E+01
2.00E+00     1.640E+01     1.000E+01
2.50E+00     1.502E+02     1.000E+01
3.00E+00     7.591E+02     1.000E+01
3.50E+00     2.474E+03     1.000E+01
4.00E+00     5.449E+03     1.000E+01
5.00E+00     1.158E+04     1.000E+01
6.00E+00     1.690E+04     1.000E+01
7.00E+00     2.458E+04     1.000E+01
8.00E+00     3.712E+04     1.000E+01
9.00E+00     5.645E+04     1.000E+01
1.00E+01     8.375E+04     1.000E+01
