4        n  f17  f18                       taly      9.15000E+00      
1.00E-03     3.232E+03     1.000E+01
2.00E-03     3.236E+03     1.000E+01
3.00E-03     3.241E+03     1.000E+01
4.00E-03     3.246E+03     1.000E+01
5.00E-03     3.250E+03     1.000E+01
6.00E-03     3.221E+03     1.000E+01
7.00E-03     3.192E+03     1.000E+01
8.00E-03     3.163E+03     1.000E+01
9.00E-03     3.133E+03     1.000E+01
1.00E-02     3.104E+03     1.000E+01
1.10E-02     3.099E+03     1.000E+01
1.20E-02     3.093E+03     1.000E+01
1.30E-02     3.088E+03     1.000E+01
1.40E-02     3.082E+03     1.000E+01
1.50E-02     3.077E+03     1.000E+01
1.60E-02     3.072E+03     1.000E+01
1.80E-02     3.061E+03     1.000E+01
2.00E-02     3.050E+03     1.000E+01
2.50E-02     3.023E+03     1.000E+01
3.00E-02     2.995E+03     1.000E+01
4.00E-02     2.941E+03     1.000E+01
5.00E-02     2.887E+03     1.000E+01
6.00E-02     2.871E+03     1.000E+01
7.00E-02     2.855E+03     1.000E+01
8.00E-02     2.839E+03     1.000E+01
9.00E-02     2.823E+03     1.000E+01
1.00E-01     2.807E+03     1.000E+01
1.10E-01     2.801E+03     1.000E+01
1.20E-01     2.795E+03     1.000E+01
1.30E-01     2.790E+03     1.000E+01
1.40E-01     2.784E+03     1.000E+01
1.50E-01     2.778E+03     1.000E+01
1.60E-01     2.778E+03     1.000E+01
1.80E-01     2.778E+03     1.000E+01
2.00E-01     2.778E+03     1.000E+01
2.50E-01     2.793E+03     1.000E+01
3.00E-01     2.813E+03     1.000E+01
3.50E-01     2.836E+03     1.000E+01
4.00E-01     2.859E+03     1.000E+01
4.50E-01     2.884E+03     1.000E+01
5.00E-01     2.909E+03     1.000E+01
6.00E-01     2.962E+03     1.000E+01
7.00E-01     3.019E+03     1.000E+01
8.00E-01     3.079E+03     1.000E+01
9.00E-01     3.143E+03     1.000E+01
1.00E+00     3.210E+03     1.000E+01
1.25E+00     3.391E+03     1.000E+01
1.50E+00     3.571E+03     1.000E+01
1.75E+00     3.764E+03     1.000E+01
2.00E+00     3.957E+03     1.000E+01
2.50E+00     4.350E+03     1.000E+01
3.00E+00     4.745E+03     1.000E+01
3.50E+00     5.139E+03     1.000E+01
4.00E+00     5.533E+03     1.000E+01
5.00E+00     6.327E+03     1.000E+01
6.00E+00     7.134E+03     1.000E+01
7.00E+00     7.960E+03     1.000E+01
8.00E+00     8.807E+03     1.000E+01
9.00E+00     9.669E+03     1.000E+01
1.00E+01     1.053E+04     1.000E+01
