4        p  f19 ne20                       nacr      1.28435e+01      
1.00E-03     0.000E+00     1.000E+00
2.00E-03     0.000E+00     1.000E+00
3.00E-03     0.000E+00     1.000E+00
4.00E-03     0.000E+00     1.000E+00
5.00E-03     0.000E+00     1.000E+00
6.00E-03     0.000E+00     1.000E+00
7.00E-03     0.000E+00     1.000E+00
8.00E-03     0.000E+00     1.000E+00
9.00E-03     0.000E+00     1.000E+00
1.00E-02     0.000E+00     1.000E+00
1.10E-02     0.000E+00     1.000E+00
1.20E-02     0.000E+00     1.000E+00
1.30E-02     3.582E-25     1.731E+00
1.40E-02     2.237E-24     1.734E+00
1.50E-02     1.184E-23     1.731E+00
1.60E-02     5.436E-23     1.731E+00
1.80E-02     8.031E-22     1.731E+00
2.00E-02     8.187E-21     1.734E+00
2.50E-02     8.542E-19     1.733E+00
3.00E-02     2.947E-17     1.734E+00
4.00E-02     5.147E-15     1.733E+00
5.00E-02     2.024E-13     1.730E+00
6.00E-02     3.326E-12     1.732E+00
7.00E-02     3.115E-11     1.730E+00
8.00E-02     1.975E-10     1.732E+00
9.00E-02     9.480E-10     1.730E+00
1.00E-01     3.727E-09     1.733E+00
1.10E-01     1.271E-08     1.731E+00
1.20E-01     3.917E-08     1.733E+00
1.30E-01     1.121E-07     1.730E+00
1.40E-01     3.082E-07     1.732E+00
1.50E-01     8.257E-07     1.731E+00
1.60E-01     2.181E-06     1.732E+00
1.80E-01     1.402E-05     1.731E+00
2.00E-01     7.499E-05     1.731E+00
2.50E-01     1.636E-03     2.055E+00
3.00E-01     1.491E-02     2.021E+00
3.50E-01     7.040E-02     1.997E+00
4.00E-01     2.262E-01     1.954E+00
4.50E-01     5.748E-01     1.873E+00
5.00E-01     1.280E+00     1.754E+00
6.00E-01     4.963E+00     1.508E+00
7.00E-01     1.498E+01     1.343E+00
8.00E-01     3.621E+01     1.256E+00
9.00E-01     7.303E+01     1.210E+00
1.00E+00     1.277E+02     1.182E+00
1.25E+00     3.479E+02     1.155E+00
1.50E+00     6.359E+02     1.145E+00
1.75E+00     8.683E+02     1.189E+00
2.00E+00     1.094E+03     1.226E+00
2.50E+00     1.589E+03     1.305E+00
3.00E+00     2.102E+03     1.379E+00
3.50E+00     2.629E+03     1.446E+00
4.00E+00     3.162E+03     1.514E+00
5.00E+00     4.243E+03     1.638E+00
6.00E+00     5.332E+03     1.754E+00
7.00E+00     6.421E+03     1.860E+00
8.00E+00     7.507E+03     1.963E+00
9.00E+00     8.526E+03     2.061E+00
1.00E+01     9.420E+03     2.153E+00
