5        n  f18    p  o18                  taly      2.43800E+00      
1.00E-03     1.457E+08     1.000E+01
2.00E-03     1.447E+08     1.000E+01
3.00E-03     1.437E+08     1.000E+01
4.00E-03     1.428E+08     1.000E+01
5.00E-03     1.418E+08     1.000E+01
6.00E-03     1.400E+08     1.000E+01
7.00E-03     1.383E+08     1.000E+01
8.00E-03     1.365E+08     1.000E+01
9.00E-03     1.348E+08     1.000E+01
1.00E-02     1.331E+08     1.000E+01
1.10E-02     1.327E+08     1.000E+01
1.20E-02     1.323E+08     1.000E+01
1.30E-02     1.319E+08     1.000E+01
1.40E-02     1.314E+08     1.000E+01
1.50E-02     1.310E+08     1.000E+01
1.60E-02     1.306E+08     1.000E+01
1.80E-02     1.297E+08     1.000E+01
2.00E-02     1.289E+08     1.000E+01
2.50E-02     1.268E+08     1.000E+01
3.00E-02     1.248E+08     1.000E+01
4.00E-02     1.208E+08     1.000E+01
5.00E-02     1.170E+08     1.000E+01
6.00E-02     1.156E+08     1.000E+01
7.00E-02     1.142E+08     1.000E+01
8.00E-02     1.129E+08     1.000E+01
9.00E-02     1.115E+08     1.000E+01
1.00E-01     1.102E+08     1.000E+01
1.10E-01     1.095E+08     1.000E+01
1.20E-01     1.088E+08     1.000E+01
1.30E-01     1.081E+08     1.000E+01
1.40E-01     1.074E+08     1.000E+01
1.50E-01     1.067E+08     1.000E+01
1.60E-01     1.063E+08     1.000E+01
1.80E-01     1.056E+08     1.000E+01
2.00E-01     1.048E+08     1.000E+01
2.50E-01     1.038E+08     1.000E+01
3.00E-01     1.032E+08     1.000E+01
3.50E-01     1.029E+08     1.000E+01
4.00E-01     1.026E+08     1.000E+01
4.50E-01     1.025E+08     1.000E+01
5.00E-01     1.025E+08     1.000E+01
6.00E-01     1.027E+08     1.000E+01
7.00E-01     1.032E+08     1.000E+01
8.00E-01     1.040E+08     1.000E+01
9.00E-01     1.049E+08     1.000E+01
1.00E+00     1.061E+08     1.000E+01
1.25E+00     1.096E+08     1.000E+01
1.50E+00     1.133E+08     1.000E+01
1.75E+00     1.172E+08     1.000E+01
2.00E+00     1.213E+08     1.000E+01
2.50E+00     1.282E+08     1.000E+01
3.00E+00     1.333E+08     1.000E+01
3.50E+00     1.367E+08     1.000E+01
4.00E+00     1.391E+08     1.000E+01
5.00E+00     1.430E+08     1.000E+01
6.00E+00     1.474E+08     1.000E+01
7.00E+00     1.525E+08     1.000E+01
8.00E+00     1.578E+08     1.000E+01
9.00E+00     1.622E+08     1.000E+01
1.00E+01     1.650E+08     1.000E+01
