5        n fe52  he4 cr49                  taly      2.64700E+00      
1.00E-03     8.363E-01     1.000E+01
2.00E-03     7.453E-01     1.000E+01
3.00E-03     6.642E-01     1.000E+01
4.00E-03     5.920E-01     1.000E+01
5.00E-03     5.275E-01     1.000E+01
6.00E-03     5.036E-01     1.000E+01
7.00E-03     4.807E-01     1.000E+01
8.00E-03     4.588E-01     1.000E+01
9.00E-03     4.379E-01     1.000E+01
1.00E-02     4.180E-01     1.000E+01
1.10E-02     4.133E-01     1.000E+01
1.20E-02     4.087E-01     1.000E+01
1.30E-02     4.041E-01     1.000E+01
1.40E-02     3.995E-01     1.000E+01
1.50E-02     3.950E-01     1.000E+01
1.60E-02     3.906E-01     1.000E+01
1.80E-02     3.818E-01     1.000E+01
2.00E-02     3.733E-01     1.000E+01
2.50E-02     3.527E-01     1.000E+01
3.00E-02     3.333E-01     1.000E+01
4.00E-02     2.977E-01     1.000E+01
5.00E-02     2.658E-01     1.000E+01
6.00E-02     2.628E-01     1.000E+01
7.00E-02     2.598E-01     1.000E+01
8.00E-02     2.568E-01     1.000E+01
9.00E-02     2.539E-01     1.000E+01
1.00E-01     2.509E-01     1.000E+01
1.10E-01     2.535E-01     1.000E+01
1.20E-01     2.561E-01     1.000E+01
1.30E-01     2.588E-01     1.000E+01
1.40E-01     2.614E-01     1.000E+01
1.50E-01     2.641E-01     1.000E+01
1.60E-01     2.689E-01     1.000E+01
1.80E-01     2.788E-01     1.000E+01
2.00E-01     2.891E-01     1.000E+01
2.50E-01     3.209E-01     1.000E+01
3.00E-01     3.581E-01     1.000E+01
3.50E-01     4.022E-01     1.000E+01
4.00E-01     4.516E-01     1.000E+01
4.50E-01     5.123E-01     1.000E+01
5.00E-01     5.812E-01     1.000E+01
6.00E-01     7.633E-01     1.000E+01
7.00E-01     1.020E+00     1.000E+01
8.00E-01     1.390E+00     1.000E+01
9.00E-01     1.942E+00     1.000E+01
1.00E+00     2.798E+00     1.000E+01
1.25E+00     8.394E+00     1.000E+01
1.50E+00     2.518E+01     1.000E+01
1.75E+00     7.150E+01     1.000E+01
2.00E+00     2.030E+02     1.000E+01
2.50E+00     1.084E+03     1.000E+01
3.00E+00     4.231E+03     1.000E+01
3.50E+00     1.318E+04     1.000E+01
4.00E+00     3.458E+04     1.000E+01
5.00E+00     1.621E+05     1.000E+01
6.00E+00     5.288E+05     1.000E+01
7.00E+00     1.346E+06     1.000E+01
8.00E+00     2.819E+06     1.000E+01
9.00E+00     4.901E+06     1.000E+01
1.00E+01     7.101E+06     1.000E+01
