4      he4 fe49 ni53                       taly      7.30500E+00      
1.00E-03     0.000E+00     1.000E+00
2.00E-03     0.000E+00     1.000E+00
3.00E-03     0.000E+00     1.000E+00
4.00E-03     0.000E+00     1.000E+00
5.00E-03     0.000E+00     1.000E+00
6.00E-03     0.000E+00     1.000E+00
7.00E-03     0.000E+00     1.000E+00
8.00E-03     0.000E+00     1.000E+00
9.00E-03     0.000E+00     1.000E+00
1.00E-02     0.000E+00     1.000E+00
1.10E-02     0.000E+00     1.000E+00
1.20E-02     0.000E+00     1.000E+00
1.30E-02     0.000E+00     1.000E+00
1.40E-02     0.000E+00     1.000E+00
1.50E-02     0.000E+00     1.000E+00
1.60E-02     0.000E+00     1.000E+00
1.80E-02     0.000E+00     1.000E+00
2.00E-02     0.000E+00     1.000E+00
2.50E-02     0.000E+00     1.000E+00
3.00E-02     0.000E+00     1.000E+00
4.00E-02     0.000E+00     1.000E+00
5.00E-02     0.000E+00     1.000E+00
6.00E-02     0.000E+00     1.000E+00
7.00E-02     0.000E+00     1.000E+00
8.00E-02     0.000E+00     1.000E+00
9.00E-02     0.000E+00     1.000E+00
1.00E-01     0.000E+00     1.000E+00
1.10E-01     0.000E+00     1.000E+00
1.20E-01     0.000E+00     1.000E+00
1.30E-01     0.000E+00     1.000E+00
1.40E-01     0.000E+00     1.000E+00
1.50E-01     0.000E+00     1.000E+00
1.60E-01     2.899E-89     1.000E+01
1.80E-01     2.437E-68     1.000E+01
2.00E-01     2.048E-47     1.000E+01
2.50E-01     1.920E-41     1.000E+01
3.00E-01     2.201E-37     1.000E+01
3.50E-01     1.085E-34     1.000E+01
4.00E-01     5.351E-32     1.000E+01
4.50E-01     3.615E-30     1.000E+01
5.00E-01     2.442E-28     1.000E+01
6.00E-01     1.455E-25     1.000E+01
7.00E-01     2.383E-23     1.000E+01
8.00E-01     1.578E-21     1.000E+01
9.00E-01     5.376E-20     1.000E+01
1.00E+00     1.112E-18     1.000E+01
1.25E+00     2.307E-16     1.000E+01
1.50E+00     4.787E-14     1.000E+01
1.75E+00     1.384E-12     1.000E+01
2.00E+00     4.004E-11     1.000E+01
2.50E+00     4.616E-09     1.000E+01
3.00E+00     1.611E-07     1.000E+01
3.50E+00     2.579E-06     1.000E+01
4.00E+00     2.404E-05     1.000E+01
5.00E+00     6.893E-04     1.000E+01
6.00E+00     6.951E-03     1.000E+01
7.00E+00     3.276E-02     1.000E+01
8.00E+00     9.089E-02     1.000E+01
9.00E+00     1.814E-01     1.000E+01
1.00E+01     2.969E-01     1.000E+01
