5        n fe51    p mn51                  taly      8.82300E+00      
1.00E-03     2.306E+09     1.000E+01
2.00E-03     2.308E+09     1.000E+01
3.00E-03     2.311E+09     1.000E+01
4.00E-03     2.313E+09     1.000E+01
5.00E-03     2.316E+09     1.000E+01
6.00E-03     2.293E+09     1.000E+01
7.00E-03     2.271E+09     1.000E+01
8.00E-03     2.249E+09     1.000E+01
9.00E-03     2.227E+09     1.000E+01
1.00E-02     2.206E+09     1.000E+01
1.10E-02     2.200E+09     1.000E+01
1.20E-02     2.195E+09     1.000E+01
1.30E-02     2.190E+09     1.000E+01
1.40E-02     2.184E+09     1.000E+01
1.50E-02     2.179E+09     1.000E+01
1.60E-02     2.173E+09     1.000E+01
1.80E-02     2.163E+09     1.000E+01
2.00E-02     2.152E+09     1.000E+01
2.50E-02     2.126E+09     1.000E+01
3.00E-02     2.100E+09     1.000E+01
4.00E-02     2.049E+09     1.000E+01
5.00E-02     1.999E+09     1.000E+01
6.00E-02     1.976E+09     1.000E+01
7.00E-02     1.952E+09     1.000E+01
8.00E-02     1.929E+09     1.000E+01
9.00E-02     1.907E+09     1.000E+01
1.00E-01     1.884E+09     1.000E+01
1.10E-01     1.869E+09     1.000E+01
1.20E-01     1.853E+09     1.000E+01
1.30E-01     1.838E+09     1.000E+01
1.40E-01     1.823E+09     1.000E+01
1.50E-01     1.808E+09     1.000E+01
1.60E-01     1.797E+09     1.000E+01
1.80E-01     1.776E+09     1.000E+01
2.00E-01     1.754E+09     1.000E+01
2.50E-01     1.713E+09     1.000E+01
3.00E-01     1.679E+09     1.000E+01
3.50E-01     1.650E+09     1.000E+01
4.00E-01     1.621E+09     1.000E+01
4.50E-01     1.596E+09     1.000E+01
5.00E-01     1.572E+09     1.000E+01
6.00E-01     1.530E+09     1.000E+01
7.00E-01     1.494E+09     1.000E+01
8.00E-01     1.463E+09     1.000E+01
9.00E-01     1.438E+09     1.000E+01
1.00E+00     1.416E+09     1.000E+01
1.25E+00     1.386E+09     1.000E+01
1.50E+00     1.356E+09     1.000E+01
1.75E+00     1.348E+09     1.000E+01
2.00E+00     1.341E+09     1.000E+01
2.50E+00     1.349E+09     1.000E+01
3.00E+00     1.368E+09     1.000E+01
3.50E+00     1.390E+09     1.000E+01
4.00E+00     1.412E+09     1.000E+01
5.00E+00     1.452E+09     1.000E+01
6.00E+00     1.481E+09     1.000E+01
7.00E+00     1.496E+09     1.000E+01
8.00E+00     1.499E+09     1.000E+01
9.00E+00     1.483E+09     1.000E+01
1.00E+01     1.426E+09     1.000E+01
