5        n fe51  he4 cr48                  taly      8.26600E+00      
1.00E-03     1.758E+07     1.000E+01
2.00E-03     1.760E+07     1.000E+01
3.00E-03     1.762E+07     1.000E+01
4.00E-03     1.764E+07     1.000E+01
5.00E-03     1.767E+07     1.000E+01
6.00E-03     1.750E+07     1.000E+01
7.00E-03     1.733E+07     1.000E+01
8.00E-03     1.716E+07     1.000E+01
9.00E-03     1.700E+07     1.000E+01
1.00E-02     1.684E+07     1.000E+01
1.10E-02     1.680E+07     1.000E+01
1.20E-02     1.676E+07     1.000E+01
1.30E-02     1.672E+07     1.000E+01
1.40E-02     1.668E+07     1.000E+01
1.50E-02     1.664E+07     1.000E+01
1.60E-02     1.661E+07     1.000E+01
1.80E-02     1.653E+07     1.000E+01
2.00E-02     1.645E+07     1.000E+01
2.50E-02     1.626E+07     1.000E+01
3.00E-02     1.607E+07     1.000E+01
4.00E-02     1.571E+07     1.000E+01
5.00E-02     1.535E+07     1.000E+01
6.00E-02     1.518E+07     1.000E+01
7.00E-02     1.502E+07     1.000E+01
8.00E-02     1.487E+07     1.000E+01
9.00E-02     1.471E+07     1.000E+01
1.00E-01     1.456E+07     1.000E+01
1.10E-01     1.446E+07     1.000E+01
1.20E-01     1.436E+07     1.000E+01
1.30E-01     1.426E+07     1.000E+01
1.40E-01     1.416E+07     1.000E+01
1.50E-01     1.406E+07     1.000E+01
1.60E-01     1.400E+07     1.000E+01
1.80E-01     1.387E+07     1.000E+01
2.00E-01     1.374E+07     1.000E+01
2.50E-01     1.350E+07     1.000E+01
3.00E-01     1.332E+07     1.000E+01
3.50E-01     1.317E+07     1.000E+01
4.00E-01     1.302E+07     1.000E+01
4.50E-01     1.289E+07     1.000E+01
5.00E-01     1.277E+07     1.000E+01
6.00E-01     1.256E+07     1.000E+01
7.00E-01     1.238E+07     1.000E+01
8.00E-01     1.223E+07     1.000E+01
9.00E-01     1.210E+07     1.000E+01
1.00E+00     1.200E+07     1.000E+01
1.25E+00     1.189E+07     1.000E+01
1.50E+00     1.177E+07     1.000E+01
1.75E+00     1.182E+07     1.000E+01
2.00E+00     1.186E+07     1.000E+01
2.50E+00     1.211E+07     1.000E+01
3.00E+00     1.241E+07     1.000E+01
3.50E+00     1.273E+07     1.000E+01
4.00E+00     1.304E+07     1.000E+01
5.00E+00     1.361E+07     1.000E+01
6.00E+00     1.411E+07     1.000E+01
7.00E+00     1.461E+07     1.000E+01
8.00E+00     1.512E+07     1.000E+01
9.00E+00     1.563E+07     1.000E+01
1.00E+01     1.587E+07     1.000E+01
