4        n fe51 fe52                       taly      1.62010E+01      
1.00E-03     2.097E+05     1.000E+01
2.00E-03     2.099E+05     1.000E+01
3.00E-03     2.101E+05     1.000E+01
4.00E-03     2.103E+05     1.000E+01
5.00E-03     2.105E+05     1.000E+01
6.00E-03     2.085E+05     1.000E+01
7.00E-03     2.065E+05     1.000E+01
8.00E-03     2.045E+05     1.000E+01
9.00E-03     2.025E+05     1.000E+01
1.00E-02     2.005E+05     1.000E+01
1.10E-02     2.000E+05     1.000E+01
1.20E-02     1.995E+05     1.000E+01
1.30E-02     1.990E+05     1.000E+01
1.40E-02     1.986E+05     1.000E+01
1.50E-02     1.981E+05     1.000E+01
1.60E-02     1.976E+05     1.000E+01
1.80E-02     1.966E+05     1.000E+01
2.00E-02     1.957E+05     1.000E+01
2.50E-02     1.933E+05     1.000E+01
3.00E-02     1.909E+05     1.000E+01
4.00E-02     1.861E+05     1.000E+01
5.00E-02     1.813E+05     1.000E+01
6.00E-02     1.791E+05     1.000E+01
7.00E-02     1.769E+05     1.000E+01
8.00E-02     1.747E+05     1.000E+01
9.00E-02     1.725E+05     1.000E+01
1.00E-01     1.703E+05     1.000E+01
1.10E-01     1.688E+05     1.000E+01
1.20E-01     1.673E+05     1.000E+01
1.30E-01     1.658E+05     1.000E+01
1.40E-01     1.643E+05     1.000E+01
1.50E-01     1.628E+05     1.000E+01
1.60E-01     1.618E+05     1.000E+01
1.80E-01     1.596E+05     1.000E+01
2.00E-01     1.575E+05     1.000E+01
2.50E-01     1.532E+05     1.000E+01
3.00E-01     1.497E+05     1.000E+01
3.50E-01     1.466E+05     1.000E+01
4.00E-01     1.435E+05     1.000E+01
4.50E-01     1.409E+05     1.000E+01
5.00E-01     1.382E+05     1.000E+01
6.00E-01     1.335E+05     1.000E+01
7.00E-01     1.293E+05     1.000E+01
8.00E-01     1.255E+05     1.000E+01
9.00E-01     1.222E+05     1.000E+01
1.00E+00     1.192E+05     1.000E+01
1.25E+00     1.139E+05     1.000E+01
1.50E+00     1.086E+05     1.000E+01
1.75E+00     1.057E+05     1.000E+01
2.00E+00     1.029E+05     1.000E+01
2.50E+00     9.967E+04     1.000E+01
3.00E+00     9.781E+04     1.000E+01
3.50E+00     9.662E+04     1.000E+01
4.00E+00     9.573E+04     1.000E+01
5.00E+00     9.423E+04     1.000E+01
6.00E+00     9.261E+04     1.000E+01
7.00E+00     9.066E+04     1.000E+01
8.00E+00     8.834E+04     1.000E+01
9.00E+00     8.534E+04     1.000E+01
1.00E+01     8.033E+04     1.000E+01
