5        n fe50  he4 cr47                  taly      5.71800E+00      
1.00E-03     2.372E+05     1.000E+01
2.00E-03     2.376E+05     1.000E+01
3.00E-03     2.379E+05     1.000E+01
4.00E-03     2.382E+05     1.000E+01
5.00E-03     2.385E+05     1.000E+01
6.00E-03     2.363E+05     1.000E+01
7.00E-03     2.341E+05     1.000E+01
8.00E-03     2.319E+05     1.000E+01
9.00E-03     2.297E+05     1.000E+01
1.00E-02     2.276E+05     1.000E+01
1.10E-02     2.271E+05     1.000E+01
1.20E-02     2.267E+05     1.000E+01
1.30E-02     2.262E+05     1.000E+01
1.40E-02     2.257E+05     1.000E+01
1.50E-02     2.253E+05     1.000E+01
1.60E-02     2.248E+05     1.000E+01
1.80E-02     2.239E+05     1.000E+01
2.00E-02     2.229E+05     1.000E+01
2.50E-02     2.206E+05     1.000E+01
3.00E-02     2.183E+05     1.000E+01
4.00E-02     2.139E+05     1.000E+01
5.00E-02     2.095E+05     1.000E+01
6.00E-02     2.078E+05     1.000E+01
7.00E-02     2.062E+05     1.000E+01
8.00E-02     2.045E+05     1.000E+01
9.00E-02     2.029E+05     1.000E+01
1.00E-01     2.013E+05     1.000E+01
1.10E-01     2.005E+05     1.000E+01
1.20E-01     1.996E+05     1.000E+01
1.30E-01     1.988E+05     1.000E+01
1.40E-01     1.980E+05     1.000E+01
1.50E-01     1.971E+05     1.000E+01
1.60E-01     1.968E+05     1.000E+01
1.80E-01     1.960E+05     1.000E+01
2.00E-01     1.953E+05     1.000E+01
2.50E-01     1.946E+05     1.000E+01
3.00E-01     1.946E+05     1.000E+01
3.50E-01     1.951E+05     1.000E+01
4.00E-01     1.956E+05     1.000E+01
4.50E-01     1.965E+05     1.000E+01
5.00E-01     1.974E+05     1.000E+01
6.00E-01     2.001E+05     1.000E+01
7.00E-01     2.038E+05     1.000E+01
8.00E-01     2.085E+05     1.000E+01
9.00E-01     2.142E+05     1.000E+01
1.00E+00     2.209E+05     1.000E+01
1.25E+00     2.469E+05     1.000E+01
1.50E+00     2.759E+05     1.000E+01
1.75E+00     3.224E+05     1.000E+01
2.00E+00     3.767E+05     1.000E+01
2.50E+00     5.262E+05     1.000E+01
3.00E+00     7.161E+05     1.000E+01
3.50E+00     9.353E+05     1.000E+01
4.00E+00     1.174E+06     1.000E+01
5.00E+00     1.680E+06     1.000E+01
6.00E+00     2.185E+06     1.000E+01
7.00E+00     2.651E+06     1.000E+01
8.00E+00     2.982E+06     1.000E+01
9.00E+00     2.946E+06     1.000E+01
1.00E+01     2.388E+06     1.000E+01
