5        n fe48  he4 cr45                  taly      6.74500E+00      
1.00E-03     1.308E+05     1.000E+01
2.00E-03     1.310E+05     1.000E+01
3.00E-03     1.312E+05     1.000E+01
4.00E-03     1.314E+05     1.000E+01
5.00E-03     1.316E+05     1.000E+01
6.00E-03     1.304E+05     1.000E+01
7.00E-03     1.291E+05     1.000E+01
8.00E-03     1.279E+05     1.000E+01
9.00E-03     1.267E+05     1.000E+01
1.00E-02     1.256E+05     1.000E+01
1.10E-02     1.253E+05     1.000E+01
1.20E-02     1.250E+05     1.000E+01
1.30E-02     1.247E+05     1.000E+01
1.40E-02     1.245E+05     1.000E+01
1.50E-02     1.242E+05     1.000E+01
1.60E-02     1.239E+05     1.000E+01
1.80E-02     1.234E+05     1.000E+01
2.00E-02     1.229E+05     1.000E+01
2.50E-02     1.215E+05     1.000E+01
3.00E-02     1.202E+05     1.000E+01
4.00E-02     1.176E+05     1.000E+01
5.00E-02     1.151E+05     1.000E+01
6.00E-02     1.140E+05     1.000E+01
7.00E-02     1.129E+05     1.000E+01
8.00E-02     1.119E+05     1.000E+01
9.00E-02     1.108E+05     1.000E+01
1.00E-01     1.098E+05     1.000E+01
1.10E-01     1.091E+05     1.000E+01
1.20E-01     1.085E+05     1.000E+01
1.30E-01     1.078E+05     1.000E+01
1.40E-01     1.072E+05     1.000E+01
1.50E-01     1.065E+05     1.000E+01
1.60E-01     1.061E+05     1.000E+01
1.80E-01     1.053E+05     1.000E+01
2.00E-01     1.046E+05     1.000E+01
2.50E-01     1.032E+05     1.000E+01
3.00E-01     1.023E+05     1.000E+01
3.50E-01     1.016E+05     1.000E+01
4.00E-01     1.009E+05     1.000E+01
4.50E-01     1.004E+05     1.000E+01
5.00E-01     1.000E+05     1.000E+01
6.00E-01     9.955E+04     1.000E+01
7.00E-01     9.952E+04     1.000E+01
8.00E-01     9.986E+04     1.000E+01
9.00E-01     1.005E+05     1.000E+01
1.00E+00     1.013E+05     1.000E+01
1.25E+00     1.020E+05     1.000E+01
1.50E+00     1.027E+05     1.000E+01
1.75E+00     9.950E+04     1.000E+01
2.00E+00     9.642E+04     1.000E+01
2.50E+00     8.846E+04     1.000E+01
3.00E+00     8.271E+04     1.000E+01
3.50E+00     7.982E+04     1.000E+01
4.00E+00     7.947E+04     1.000E+01
5.00E+00     8.436E+04     1.000E+01
6.00E+00     9.348E+04     1.000E+01
7.00E+00     1.039E+05     1.000E+01
8.00E+00     1.133E+05     1.000E+01
9.00E+00     1.204E+05     1.000E+01
1.00E+01     1.243E+05     1.000E+01
