4        n fe50 fe51                       taly      1.37840E+01      
1.00E-03     1.290E+05     1.000E+01
2.00E-03     1.291E+05     1.000E+01
3.00E-03     1.292E+05     1.000E+01
4.00E-03     1.294E+05     1.000E+01
5.00E-03     1.295E+05     1.000E+01
6.00E-03     1.283E+05     1.000E+01
7.00E-03     1.270E+05     1.000E+01
8.00E-03     1.258E+05     1.000E+01
9.00E-03     1.245E+05     1.000E+01
1.00E-02     1.233E+05     1.000E+01
1.10E-02     1.230E+05     1.000E+01
1.20E-02     1.227E+05     1.000E+01
1.30E-02     1.224E+05     1.000E+01
1.40E-02     1.221E+05     1.000E+01
1.50E-02     1.218E+05     1.000E+01
1.60E-02     1.215E+05     1.000E+01
1.80E-02     1.209E+05     1.000E+01
2.00E-02     1.204E+05     1.000E+01
2.50E-02     1.189E+05     1.000E+01
3.00E-02     1.174E+05     1.000E+01
4.00E-02     1.145E+05     1.000E+01
5.00E-02     1.115E+05     1.000E+01
6.00E-02     1.102E+05     1.000E+01
7.00E-02     1.089E+05     1.000E+01
8.00E-02     1.076E+05     1.000E+01
9.00E-02     1.062E+05     1.000E+01
1.00E-01     1.049E+05     1.000E+01
1.10E-01     1.040E+05     1.000E+01
1.20E-01     1.031E+05     1.000E+01
1.30E-01     1.023E+05     1.000E+01
1.40E-01     1.014E+05     1.000E+01
1.50E-01     1.005E+05     1.000E+01
1.60E-01     9.987E+04     1.000E+01
1.80E-01     9.861E+04     1.000E+01
2.00E-01     9.735E+04     1.000E+01
2.50E-01     9.491E+04     1.000E+01
3.00E-01     9.287E+04     1.000E+01
3.50E-01     9.114E+04     1.000E+01
4.00E-01     8.942E+04     1.000E+01
4.50E-01     8.797E+04     1.000E+01
5.00E-01     8.653E+04     1.000E+01
6.00E-01     8.408E+04     1.000E+01
7.00E-01     8.200E+04     1.000E+01
8.00E-01     8.023E+04     1.000E+01
9.00E-01     7.873E+04     1.000E+01
1.00E+00     7.745E+04     1.000E+01
1.25E+00     7.541E+04     1.000E+01
1.50E+00     7.338E+04     1.000E+01
1.75E+00     7.248E+04     1.000E+01
2.00E+00     7.158E+04     1.000E+01
2.50E+00     7.078E+04     1.000E+01
3.00E+00     7.040E+04     1.000E+01
3.50E+00     7.019E+04     1.000E+01
4.00E+00     7.007E+04     1.000E+01
5.00E+00     6.984E+04     1.000E+01
6.00E+00     6.938E+04     1.000E+01
7.00E+00     6.816E+04     1.000E+01
8.00E+00     6.428E+04     1.000E+01
9.00E+00     5.398E+04     1.000E+01
1.00E+01     3.698E+04     1.000E+01
