4        p fe52 co53                       taly      1.61600E+00      
1.00E-03     0.000E+00     1.000E+00
2.00E-03     0.000E+00     1.000E+00
3.00E-03     0.000E+00     1.000E+00
4.00E-03     0.000E+00     1.000E+00
5.00E-03     0.000E+00     1.000E+00
6.00E-03     0.000E+00     1.000E+00
7.00E-03     0.000E+00     1.000E+00
8.00E-03     0.000E+00     1.000E+00
9.00E-03     0.000E+00     1.000E+00
1.00E-02     0.000E+00     1.000E+00
1.10E-02     6.271E-98     1.000E+01
1.20E-02     3.932E-96     1.000E+01
1.30E-02     2.466E-94     1.000E+01
1.40E-02     1.546E-92     1.000E+01
1.50E-02     9.697E-91     1.000E+01
1.60E-02     6.081E-89     1.000E+01
1.80E-02     2.391E-85     1.000E+01
2.00E-02     9.404E-82     1.000E+01
2.50E-02     9.119E-73     1.000E+01
3.00E-02     8.843E-64     1.000E+01
4.00E-02     8.316E-46     1.000E+01
5.00E-02     7.820E-28     1.000E+01
6.00E-02     4.768E-26     1.000E+01
7.00E-02     2.907E-24     1.000E+01
8.00E-02     1.772E-22     1.000E+01
9.00E-02     1.080E-20     1.000E+01
1.00E-01     6.587E-19     1.000E+01
1.10E-01     4.678E-18     1.000E+01
1.20E-01     3.322E-17     1.000E+01
1.30E-01     2.359E-16     1.000E+01
1.40E-01     1.676E-15     1.000E+01
1.50E-01     1.190E-14     1.000E+01
1.60E-01     4.044E-14     1.000E+01
1.80E-01     4.670E-13     1.000E+01
2.00E-01     5.393E-12     1.000E+01
2.50E-01     3.678E-10     1.000E+01
3.00E-01     8.004E-09     1.000E+01
3.50E-01     6.577E-08     1.000E+01
4.00E-01     5.404E-07     1.000E+01
4.50E-01     2.232E-06     1.000E+01
5.00E-01     9.216E-06     1.000E+01
6.00E-01     7.781E-05     1.000E+01
7.00E-01     4.263E-04     1.000E+01
8.00E-01     1.714E-03     1.000E+01
9.00E-01     5.443E-03     1.000E+01
1.00E+00     1.439E-02     1.000E+01
1.25E+00     7.126E-02     1.000E+01
1.50E+00     3.528E-01     1.000E+01
1.75E+00     8.713E-01     1.000E+01
2.00E+00     2.152E+00     1.000E+01
2.50E+00     7.085E+00     1.000E+01
3.00E+00     1.668E+01     1.000E+01
3.50E+00     3.189E+01     1.000E+01
4.00E+00     5.313E+01     1.000E+01
5.00E+00     1.135E+02     1.000E+01
6.00E+00     1.960E+02     1.000E+01
7.00E+00     2.959E+02     1.000E+01
8.00E+00     3.970E+02     1.000E+01
9.00E+00     4.658E+02     1.000E+01
1.00E+01     4.742E+02     1.000E+01
