4        n fe53 fe54                       taly      1.33780E+01      
1.00E-03     1.140E+07     1.000E+01
2.00E-03     1.115E+07     1.000E+01
3.00E-03     1.089E+07     1.000E+01
4.00E-03     1.064E+07     1.000E+01
5.00E-03     1.039E+07     1.000E+01
6.00E-03     1.019E+07     1.000E+01
7.00E-03     9.998E+06     1.000E+01
8.00E-03     9.802E+06     1.000E+01
9.00E-03     9.607E+06     1.000E+01
1.00E-02     9.411E+06     1.000E+01
1.10E-02     9.358E+06     1.000E+01
1.20E-02     9.306E+06     1.000E+01
1.30E-02     9.254E+06     1.000E+01
1.40E-02     9.202E+06     1.000E+01
1.50E-02     9.149E+06     1.000E+01
1.60E-02     9.097E+06     1.000E+01
1.80E-02     8.992E+06     1.000E+01
2.00E-02     8.888E+06     1.000E+01
2.50E-02     8.626E+06     1.000E+01
3.00E-02     8.365E+06     1.000E+01
4.00E-02     7.842E+06     1.000E+01
5.00E-02     7.319E+06     1.000E+01
6.00E-02     7.145E+06     1.000E+01
7.00E-02     6.972E+06     1.000E+01
8.00E-02     6.798E+06     1.000E+01
9.00E-02     6.625E+06     1.000E+01
1.00E-01     6.451E+06     1.000E+01
1.10E-01     6.355E+06     1.000E+01
1.20E-01     6.260E+06     1.000E+01
1.30E-01     6.164E+06     1.000E+01
1.40E-01     6.069E+06     1.000E+01
1.50E-01     5.973E+06     1.000E+01
1.60E-01     5.912E+06     1.000E+01
1.80E-01     5.789E+06     1.000E+01
2.00E-01     5.667E+06     1.000E+01
2.50E-01     5.453E+06     1.000E+01
3.00E-01     5.290E+06     1.000E+01
3.50E-01     5.172E+06     1.000E+01
4.00E-01     5.053E+06     1.000E+01
4.50E-01     4.969E+06     1.000E+01
5.00E-01     4.885E+06     1.000E+01
6.00E-01     4.761E+06     1.000E+01
7.00E-01     4.669E+06     1.000E+01
8.00E-01     4.600E+06     1.000E+01
9.00E-01     4.551E+06     1.000E+01
1.00E+00     4.515E+06     1.000E+01
1.25E+00     4.493E+06     1.000E+01
1.50E+00     4.470E+06     1.000E+01
1.75E+00     4.499E+06     1.000E+01
2.00E+00     4.528E+06     1.000E+01
2.50E+00     4.613E+06     1.000E+01
3.00E+00     4.689E+06     1.000E+01
3.50E+00     4.738E+06     1.000E+01
4.00E+00     4.746E+06     1.000E+01
5.00E+00     4.552E+06     1.000E+01
6.00E+00     3.900E+06     1.000E+01
7.00E+00     2.861E+06     1.000E+01
8.00E+00     1.877E+06     1.000E+01
9.00E+00     1.195E+06     1.000E+01
1.00E+01     7.801E+05     1.000E+01
