4      he4 fe50 ni54                       taly      7.15900E+00      
1.00E-03     0.000E+00     1.000E+00
2.00E-03     0.000E+00     1.000E+00
3.00E-03     0.000E+00     1.000E+00
4.00E-03     0.000E+00     1.000E+00
5.00E-03     0.000E+00     1.000E+00
6.00E-03     0.000E+00     1.000E+00
7.00E-03     0.000E+00     1.000E+00
8.00E-03     0.000E+00     1.000E+00
9.00E-03     0.000E+00     1.000E+00
1.00E-02     0.000E+00     1.000E+00
1.10E-02     0.000E+00     1.000E+00
1.20E-02     0.000E+00     1.000E+00
1.30E-02     0.000E+00     1.000E+00
1.40E-02     0.000E+00     1.000E+00
1.50E-02     0.000E+00     1.000E+00
1.60E-02     0.000E+00     1.000E+00
1.80E-02     0.000E+00     1.000E+00
2.00E-02     0.000E+00     1.000E+00
2.50E-02     0.000E+00     1.000E+00
3.00E-02     0.000E+00     1.000E+00
4.00E-02     0.000E+00     1.000E+00
5.00E-02     0.000E+00     1.000E+00
6.00E-02     0.000E+00     1.000E+00
7.00E-02     0.000E+00     1.000E+00
8.00E-02     0.000E+00     1.000E+00
9.00E-02     0.000E+00     1.000E+00
1.00E-01     0.000E+00     1.000E+00
1.10E-01     0.000E+00     1.000E+00
1.20E-01     0.000E+00     1.000E+00
1.30E-01     0.000E+00     1.000E+00
1.40E-01     0.000E+00     1.000E+00
1.50E-01     0.000E+00     1.000E+00
1.60E-01     5.264E-89     1.000E+01
1.80E-01     1.459E-67     1.000E+01
2.00E-01     4.043E-46     1.000E+01
2.50E-01     3.895E-40     1.000E+01
3.00E-01     4.705E-36     1.000E+01
3.50E-01     2.558E-33     1.000E+01
4.00E-01     1.390E-30     1.000E+01
4.50E-01     1.043E-28     1.000E+01
5.00E-01     7.819E-27     1.000E+01
6.00E-01     5.436E-24     1.000E+01
7.00E-01     9.885E-22     1.000E+01
8.00E-01     6.981E-20     1.000E+01
9.00E-01     2.437E-18     1.000E+01
1.00E+00     4.944E-17     1.000E+01
1.25E+00     7.782E-15     1.000E+01
1.50E+00     1.225E-12     1.000E+01
1.75E+00     2.597E-11     1.000E+01
2.00E+00     5.508E-10     1.000E+01
2.50E+00     4.065E-08     1.000E+01
3.00E+00     9.894E-07     1.000E+01
3.50E+00     1.170E-05     1.000E+01
4.00E+00     8.493E-05     1.000E+01
5.00E+00     1.721E-03     1.000E+01
6.00E+00     1.523E-02     1.000E+01
7.00E+00     7.835E-02     1.000E+01
8.00E+00     2.688E-01     1.000E+01
9.00E+00     6.328E-01     1.000E+01
1.00E+01     1.004E+00     1.000E+01
