4        n fe54 fe55                       taex      9.29800E+00      
1.00E-03     1.977E+07     1.065E+00
2.00E-03     1.732E+07     1.065E+00
3.00E-03     1.487E+07     1.065E+00
4.00E-03     1.242E+07     1.065E+00
5.00E-03     9.970E+06     1.065E+00
6.00E-03     9.485E+06     1.065E+00
7.00E-03     9.001E+06     1.065E+00
8.00E-03     8.516E+06     1.065E+00
9.00E-03     8.031E+06     1.065E+00
1.00E-02     7.546E+06     1.065E+00
1.10E-02     7.475E+06     1.065E+00
1.20E-02     7.405E+06     1.065E+00
1.30E-02     7.335E+06     1.065E+00
1.40E-02     7.264E+06     1.065E+00
1.50E-02     7.194E+06     1.065E+00
1.60E-02     7.123E+06     1.065E+00
1.80E-02     6.982E+06     1.065E+00
2.00E-02     6.841E+06     1.065E+00
2.50E-02     6.489E+06     1.065E+00
3.00E-02     6.137E+06     1.065E+00
4.00E-02     5.432E+06     1.065E+00
5.00E-02     4.728E+06     1.065E+00
6.00E-02     4.618E+06     1.065E+00
7.00E-02     4.509E+06     1.065E+00
8.00E-02     4.399E+06     1.065E+00
9.00E-02     4.290E+06     1.065E+00
1.00E-01     4.180E+06     1.065E+00
1.10E-01     4.144E+06     1.065E+00
1.20E-01     4.109E+06     1.065E+00
1.30E-01     4.073E+06     1.065E+00
1.40E-01     4.038E+06     1.065E+00
1.50E-01     4.002E+06     1.065E+00
1.60E-01     3.992E+06     1.065E+00
1.80E-01     3.972E+06     1.065E+00
2.00E-01     3.952E+06     1.065E+00
2.50E-01     3.953E+06     1.065E+00
3.00E-01     3.973E+06     1.065E+00
3.50E-01     3.998E+06     1.065E+00
4.00E-01     4.024E+06     1.065E+00
4.50E-01     4.046E+06     1.065E+00
5.00E-01     4.068E+06     1.065E+00
6.00E-01     4.105E+06     1.065E+00
7.00E-01     4.136E+06     1.065E+00
8.00E-01     4.165E+06     1.065E+00
9.00E-01     4.192E+06     1.065E+00
1.00E+00     4.218E+06     1.065E+00
1.25E+00     4.288E+06     1.065E+00
1.50E+00     4.358E+06     1.065E+00
1.75E+00     4.441E+06     1.065E+00
2.00E+00     4.525E+06     1.065E+00
2.50E+00     4.719E+06     1.065E+00
3.00E+00     4.924E+06     1.065E+00
3.50E+00     5.125E+06     1.065E+00
4.00E+00     5.301E+06     1.065E+00
5.00E+00     5.467E+06     1.065E+00
6.00E+00     5.069E+06     1.065E+00
7.00E+00     3.861E+06     1.065E+00
8.00E+00     2.414E+06     1.065E+00
9.00E+00     1.385E+06     1.065E+00
1.00E+01     8.044E+05     1.065E+00
