5        n fe54  he4 cr51                  taly      8.43000E-01      
1.00E-03     8.865E-22     1.000E+01
2.00E-03     1.097E-21     1.000E+01
3.00E-03     1.358E-21     1.000E+01
4.00E-03     1.681E-21     1.000E+01
5.00E-03     2.081E-21     1.000E+01
6.00E-03     2.209E-21     1.000E+01
7.00E-03     2.345E-21     1.000E+01
8.00E-03     2.488E-21     1.000E+01
9.00E-03     2.641E-21     1.000E+01
1.00E-02     2.803E-21     1.000E+01
1.10E-02     2.860E-21     1.000E+01
1.20E-02     2.918E-21     1.000E+01
1.30E-02     2.978E-21     1.000E+01
1.40E-02     3.038E-21     1.000E+01
1.50E-02     3.100E-21     1.000E+01
1.60E-02     3.163E-21     1.000E+01
1.80E-02     3.293E-21     1.000E+01
2.00E-02     3.428E-21     1.000E+01
2.50E-02     3.790E-21     1.000E+01
3.00E-02     4.191E-21     1.000E+01
4.00E-02     5.125E-21     1.000E+01
5.00E-02     6.267E-21     1.000E+01
6.00E-02     6.715E-21     1.000E+01
7.00E-02     7.195E-21     1.000E+01
8.00E-02     7.710E-21     1.000E+01
9.00E-02     8.261E-21     1.000E+01
1.00E-01     8.851E-21     1.000E+01
1.10E-01     1.338E-20     1.000E+01
1.20E-01     2.021E-20     1.000E+01
1.30E-01     3.054E-20     1.000E+01
1.40E-01     4.615E-20     1.000E+01
1.50E-01     6.974E-20     1.000E+01
1.60E-01     1.431E-19     1.000E+01
1.80E-01     6.025E-19     1.000E+01
2.00E-01     2.537E-18     1.000E+01
2.50E-01     3.363E-17     1.000E+01
3.00E-01     3.004E-16     1.000E+01
3.50E-01     2.214E-15     1.000E+01
4.00E-01     1.632E-14     1.000E+01
4.50E-01     1.002E-13     1.000E+01
5.00E-01     6.155E-13     1.000E+01
6.00E-01     1.584E-11     1.000E+01
7.00E-01     2.838E-10     1.000E+01
8.00E-01     3.569E-09     1.000E+01
9.00E-01     3.279E-08     1.000E+01
1.00E+00     2.328E-07     1.000E+01
1.25E+00     8.955E-06     1.000E+01
1.50E+00     3.444E-04     1.000E+01
1.75E+00     4.027E-03     1.000E+01
2.00E+00     4.709E-02     1.000E+01
2.50E+00     1.693E+00     1.000E+01
3.00E+00     2.605E+01     1.000E+01
3.50E+00     2.277E+02     1.000E+01
4.00E+00     1.338E+03     1.000E+01
5.00E+00     2.015E+04     1.000E+01
6.00E+00     1.350E+05     1.000E+01
7.00E+00     4.691E+05     1.000E+01
8.00E+00     9.767E+05     1.000E+01
9.00E+00     1.496E+06     1.000E+01
1.00E+01     1.974E+06     1.000E+01
