5        n fe49  he4 cr46                  taly      1.03690E+01      
1.00E-03     2.905E+06     1.000E+01
2.00E-03     2.909E+06     1.000E+01
3.00E-03     2.913E+06     1.000E+01
4.00E-03     2.917E+06     1.000E+01
5.00E-03     2.921E+06     1.000E+01
6.00E-03     2.894E+06     1.000E+01
7.00E-03     2.866E+06     1.000E+01
8.00E-03     2.839E+06     1.000E+01
9.00E-03     2.812E+06     1.000E+01
1.00E-02     2.785E+06     1.000E+01
1.10E-02     2.779E+06     1.000E+01
1.20E-02     2.772E+06     1.000E+01
1.30E-02     2.766E+06     1.000E+01
1.40E-02     2.760E+06     1.000E+01
1.50E-02     2.753E+06     1.000E+01
1.60E-02     2.747E+06     1.000E+01
1.80E-02     2.734E+06     1.000E+01
2.00E-02     2.721E+06     1.000E+01
2.50E-02     2.690E+06     1.000E+01
3.00E-02     2.659E+06     1.000E+01
4.00E-02     2.597E+06     1.000E+01
5.00E-02     2.538E+06     1.000E+01
6.00E-02     2.510E+06     1.000E+01
7.00E-02     2.483E+06     1.000E+01
8.00E-02     2.456E+06     1.000E+01
9.00E-02     2.429E+06     1.000E+01
1.00E-01     2.402E+06     1.000E+01
1.10E-01     2.385E+06     1.000E+01
1.20E-01     2.367E+06     1.000E+01
1.30E-01     2.350E+06     1.000E+01
1.40E-01     2.332E+06     1.000E+01
1.50E-01     2.315E+06     1.000E+01
1.60E-01     2.303E+06     1.000E+01
1.80E-01     2.279E+06     1.000E+01
2.00E-01     2.256E+06     1.000E+01
2.50E-01     2.212E+06     1.000E+01
3.00E-01     2.176E+06     1.000E+01
3.50E-01     2.146E+06     1.000E+01
4.00E-01     2.116E+06     1.000E+01
4.50E-01     2.092E+06     1.000E+01
5.00E-01     2.068E+06     1.000E+01
6.00E-01     2.030E+06     1.000E+01
7.00E-01     2.001E+06     1.000E+01
8.00E-01     1.979E+06     1.000E+01
9.00E-01     1.964E+06     1.000E+01
1.00E+00     1.954E+06     1.000E+01
1.25E+00     1.955E+06     1.000E+01
1.50E+00     1.957E+06     1.000E+01
1.75E+00     1.990E+06     1.000E+01
2.00E+00     2.022E+06     1.000E+01
2.50E+00     2.129E+06     1.000E+01
3.00E+00     2.267E+06     1.000E+01
3.50E+00     2.437E+06     1.000E+01
4.00E+00     2.647E+06     1.000E+01
5.00E+00     3.205E+06     1.000E+01
6.00E+00     3.771E+06     1.000E+01
7.00E+00     3.903E+06     1.000E+01
8.00E+00     3.500E+06     1.000E+01
9.00E+00     2.870E+06     1.000E+01
1.00E+01     2.260E+06     1.000E+01
