5        n fe49    p mn49                  taly      1.36680E+01      
1.00E-03     1.770E+07     1.000E+01
2.00E-03     1.772E+07     1.000E+01
3.00E-03     1.775E+07     1.000E+01
4.00E-03     1.777E+07     1.000E+01
5.00E-03     1.779E+07     1.000E+01
6.00E-03     1.762E+07     1.000E+01
7.00E-03     1.745E+07     1.000E+01
8.00E-03     1.728E+07     1.000E+01
9.00E-03     1.711E+07     1.000E+01
1.00E-02     1.695E+07     1.000E+01
1.10E-02     1.691E+07     1.000E+01
1.20E-02     1.687E+07     1.000E+01
1.30E-02     1.682E+07     1.000E+01
1.40E-02     1.678E+07     1.000E+01
1.50E-02     1.674E+07     1.000E+01
1.60E-02     1.670E+07     1.000E+01
1.80E-02     1.662E+07     1.000E+01
2.00E-02     1.653E+07     1.000E+01
2.50E-02     1.633E+07     1.000E+01
3.00E-02     1.613E+07     1.000E+01
4.00E-02     1.573E+07     1.000E+01
5.00E-02     1.535E+07     1.000E+01
6.00E-02     1.516E+07     1.000E+01
7.00E-02     1.497E+07     1.000E+01
8.00E-02     1.479E+07     1.000E+01
9.00E-02     1.461E+07     1.000E+01
1.00E-01     1.443E+07     1.000E+01
1.10E-01     1.430E+07     1.000E+01
1.20E-01     1.417E+07     1.000E+01
1.30E-01     1.405E+07     1.000E+01
1.40E-01     1.392E+07     1.000E+01
1.50E-01     1.380E+07     1.000E+01
1.60E-01     1.371E+07     1.000E+01
1.80E-01     1.352E+07     1.000E+01
2.00E-01     1.334E+07     1.000E+01
2.50E-01     1.297E+07     1.000E+01
3.00E-01     1.264E+07     1.000E+01
3.50E-01     1.235E+07     1.000E+01
4.00E-01     1.206E+07     1.000E+01
4.50E-01     1.180E+07     1.000E+01
5.00E-01     1.154E+07     1.000E+01
6.00E-01     1.109E+07     1.000E+01
7.00E-01     1.069E+07     1.000E+01
8.00E-01     1.034E+07     1.000E+01
9.00E-01     1.004E+07     1.000E+01
1.00E+00     9.777E+06     1.000E+01
1.25E+00     9.309E+06     1.000E+01
1.50E+00     8.863E+06     1.000E+01
1.75E+00     8.596E+06     1.000E+01
2.00E+00     8.337E+06     1.000E+01
2.50E+00     7.999E+06     1.000E+01
3.00E+00     7.757E+06     1.000E+01
3.50E+00     7.559E+06     1.000E+01
4.00E+00     7.367E+06     1.000E+01
5.00E+00     6.816E+06     1.000E+01
6.00E+00     5.738E+06     1.000E+01
7.00E+00     4.194E+06     1.000E+01
8.00E+00     2.760E+06     1.000E+01
9.00E+00     1.762E+06     1.000E+01
1.00E+01     1.143E+06     1.000E+01
