4      he4 fe54 ni58                       taly      6.39900E+00      
1.00E-03     0.000E+00     1.000E+00
2.00E-03     0.000E+00     1.000E+00
3.00E-03     0.000E+00     1.000E+00
4.00E-03     0.000E+00     1.000E+00
5.00E-03     0.000E+00     1.000E+00
6.00E-03     0.000E+00     1.000E+00
7.00E-03     0.000E+00     1.000E+00
8.00E-03     0.000E+00     1.000E+00
9.00E-03     0.000E+00     1.000E+00
1.00E-02     0.000E+00     1.000E+00
1.10E-02     0.000E+00     1.000E+00
1.20E-02     0.000E+00     1.000E+00
1.30E-02     0.000E+00     1.000E+00
1.40E-02     0.000E+00     1.000E+00
1.50E-02     0.000E+00     1.000E+00
1.60E-02     0.000E+00     1.000E+00
1.80E-02     0.000E+00     1.000E+00
2.00E-02     0.000E+00     1.000E+00
2.50E-02     0.000E+00     1.000E+00
3.00E-02     0.000E+00     1.000E+00
4.00E-02     0.000E+00     1.000E+00
5.00E-02     0.000E+00     1.000E+00
6.00E-02     0.000E+00     1.000E+00
7.00E-02     0.000E+00     1.000E+00
8.00E-02     0.000E+00     1.000E+00
9.00E-02     0.000E+00     1.000E+00
1.00E-01     0.000E+00     1.000E+00
1.10E-01     0.000E+00     1.000E+00
1.20E-01     0.000E+00     1.000E+00
1.30E-01     0.000E+00     1.000E+00
1.40E-01     0.000E+00     1.000E+00
1.50E-01     0.000E+00     1.000E+00
1.60E-01     2.932E-88     1.000E+01
1.80E-01     2.521E-65     1.000E+01
2.00E-01     2.167E-42     1.000E+01
2.50E-01     6.525E-37     1.000E+01
3.00E-01     4.427E-33     1.000E+01
3.50E-01     2.051E-30     1.000E+01
4.00E-01     9.504E-28     1.000E+01
4.50E-01     7.099E-26     1.000E+01
5.00E-01     5.302E-24     1.000E+01
6.00E-01     3.683E-21     1.000E+01
7.00E-01     6.623E-19     1.000E+01
8.00E-01     4.673E-17     1.000E+01
9.00E-01     1.678E-15     1.000E+01
1.00E+00     3.616E-14     1.000E+01
1.25E+00     7.086E-12     1.000E+01
1.50E+00     1.389E-09     1.000E+01
1.75E+00     3.060E-08     1.000E+01
2.00E+00     6.744E-07     1.000E+01
2.50E+00     4.027E-05     1.000E+01
3.00E+00     7.453E-04     1.000E+01
3.50E+00     6.664E-03     1.000E+01
4.00E+00     3.675E-02     1.000E+01
5.00E+00     4.485E-01     1.000E+01
6.00E+00     2.544E+00     1.000E+01
7.00E+00     8.266E+00     1.000E+01
8.00E+00     1.736E+01     1.000E+01
9.00E+00     2.783E+01     1.000E+01
1.00E+01     3.887E+01     1.000E+01
