4      he4 fe55 ni59                       taly      6.10000E+00      
1.00E-03     0.000E+00     1.000E+00
2.00E-03     0.000E+00     1.000E+00
3.00E-03     0.000E+00     1.000E+00
4.00E-03     0.000E+00     1.000E+00
5.00E-03     0.000E+00     1.000E+00
6.00E-03     0.000E+00     1.000E+00
7.00E-03     0.000E+00     1.000E+00
8.00E-03     0.000E+00     1.000E+00
9.00E-03     0.000E+00     1.000E+00
1.00E-02     0.000E+00     1.000E+00
1.10E-02     0.000E+00     1.000E+00
1.20E-02     0.000E+00     1.000E+00
1.30E-02     0.000E+00     1.000E+00
1.40E-02     0.000E+00     1.000E+00
1.50E-02     0.000E+00     1.000E+00
1.60E-02     0.000E+00     1.000E+00
1.80E-02     0.000E+00     1.000E+00
2.00E-02     0.000E+00     1.000E+00
2.50E-02     0.000E+00     1.000E+00
3.00E-02     0.000E+00     1.000E+00
4.00E-02     0.000E+00     1.000E+00
5.00E-02     0.000E+00     1.000E+00
6.00E-02     0.000E+00     1.000E+00
7.00E-02     0.000E+00     1.000E+00
8.00E-02     0.000E+00     1.000E+00
9.00E-02     0.000E+00     1.000E+00
1.00E-01     0.000E+00     1.000E+00
1.10E-01     0.000E+00     1.000E+00
1.20E-01     0.000E+00     1.000E+00
1.30E-01     0.000E+00     1.000E+00
1.40E-01     0.000E+00     1.000E+00
1.50E-01     0.000E+00     1.000E+00
1.60E-01     2.033E-88     1.000E+01
1.80E-01     8.397E-66     1.000E+01
2.00E-01     3.469E-43     1.000E+01
2.50E-01     1.297E-37     1.000E+01
3.00E-01     9.939E-34     1.000E+01
3.50E-01     4.906E-31     1.000E+01
4.00E-01     2.421E-28     1.000E+01
4.50E-01     1.869E-26     1.000E+01
5.00E-01     1.442E-24     1.000E+01
6.00E-01     1.069E-21     1.000E+01
7.00E-01     2.086E-19     1.000E+01
8.00E-01     1.590E-17     1.000E+01
9.00E-01     5.933E-16     1.000E+01
1.00E+00     1.260E-14     1.000E+01
1.25E+00     2.006E-12     1.000E+01
1.50E+00     3.192E-10     1.000E+01
1.75E+00     6.215E-09     1.000E+01
2.00E+00     1.210E-07     1.000E+01
2.50E+00     6.507E-06     1.000E+01
3.00E+00     1.141E-04     1.000E+01
3.50E+00     1.026E-03     1.000E+01
4.00E+00     6.048E-03     1.000E+01
5.00E+00     9.150E-02     1.000E+01
6.00E+00     6.050E-01     1.000E+01
7.00E+00     2.181E+00     1.000E+01
8.00E+00     5.302E+00     1.000E+01
9.00E+00     1.013E+01     1.000E+01
1.00E+01     1.662E+01     1.000E+01
