4        p fe55 co56                       taly      5.84800E+00      
1.00E-03     0.000E+00     1.000E+00
2.00E-03     0.000E+00     1.000E+00
3.00E-03     0.000E+00     1.000E+00
4.00E-03     0.000E+00     1.000E+00
5.00E-03     0.000E+00     1.000E+00
6.00E-03     0.000E+00     1.000E+00
7.00E-03     0.000E+00     1.000E+00
8.00E-03     0.000E+00     1.000E+00
9.00E-03     0.000E+00     1.000E+00
1.00E-02     0.000E+00     1.000E+00
1.10E-02     6.333E-98     1.000E+01
1.20E-02     4.011E-96     1.000E+01
1.30E-02     2.540E-94     1.000E+01
1.40E-02     1.609E-92     1.000E+01
1.50E-02     1.019E-90     1.000E+01
1.60E-02     6.451E-89     1.000E+01
1.80E-02     2.587E-85     1.000E+01
2.00E-02     1.038E-81     1.000E+01
2.50E-02     1.057E-72     1.000E+01
3.00E-02     1.077E-63     1.000E+01
4.00E-02     1.118E-45     1.000E+01
5.00E-02     1.160E-27     1.000E+01
6.00E-02     7.176E-26     1.000E+01
7.00E-02     4.440E-24     1.000E+01
8.00E-02     2.748E-22     1.000E+01
9.00E-02     1.700E-20     1.000E+01
1.00E-01     1.052E-18     1.000E+01
1.10E-01     7.511E-18     1.000E+01
1.20E-01     5.362E-17     1.000E+01
1.30E-01     3.828E-16     1.000E+01
1.40E-01     2.733E-15     1.000E+01
1.50E-01     1.951E-14     1.000E+01
1.60E-01     6.722E-14     1.000E+01
1.80E-01     7.975E-13     1.000E+01
2.00E-01     9.461E-12     1.000E+01
2.50E-01     7.620E-10     1.000E+01
3.00E-01     2.152E-08     1.000E+01
3.50E-01     2.436E-07     1.000E+01
4.00E-01     2.758E-06     1.000E+01
4.50E-01     1.532E-05     1.000E+01
5.00E-01     8.509E-05     1.000E+01
6.00E-01     1.129E-03     1.000E+01
7.00E-01     8.587E-03     1.000E+01
8.00E-01     4.425E-02     1.000E+01
9.00E-01     1.715E-01     1.000E+01
1.00E+00     5.363E-01     1.000E+01
1.25E+00     3.531E+00     1.000E+01
1.50E+00     2.324E+01     1.000E+01
1.75E+00     6.693E+01     1.000E+01
2.00E+00     1.927E+02     1.000E+01
2.50E+00     7.475E+02     1.000E+01
3.00E+00     1.917E+03     1.000E+01
3.50E+00     3.816E+03     1.000E+01
4.00E+00     6.394E+03     1.000E+01
5.00E+00     1.237E+04     1.000E+01
6.00E+00     1.618E+04     1.000E+01
7.00E+00     1.607E+04     1.000E+01
8.00E+00     1.390E+04     1.000E+01
9.00E+00     1.153E+04     1.000E+01
1.00E+01     9.594E+03     1.000E+01
