5        n fe53  he4 cr50                  taly      4.96100E+00      
1.00E-03     6.761E+04     1.000E+01
2.00E-03     6.632E+04     1.000E+01
3.00E-03     6.505E+04     1.000E+01
4.00E-03     6.381E+04     1.000E+01
5.00E-03     6.259E+04     1.000E+01
6.00E-03     6.148E+04     1.000E+01
7.00E-03     6.039E+04     1.000E+01
8.00E-03     5.931E+04     1.000E+01
9.00E-03     5.826E+04     1.000E+01
1.00E-02     5.722E+04     1.000E+01
1.10E-02     5.693E+04     1.000E+01
1.20E-02     5.664E+04     1.000E+01
1.30E-02     5.635E+04     1.000E+01
1.40E-02     5.607E+04     1.000E+01
1.50E-02     5.578E+04     1.000E+01
1.60E-02     5.550E+04     1.000E+01
1.80E-02     5.493E+04     1.000E+01
2.00E-02     5.438E+04     1.000E+01
2.50E-02     5.301E+04     1.000E+01
3.00E-02     5.167E+04     1.000E+01
4.00E-02     4.911E+04     1.000E+01
5.00E-02     4.667E+04     1.000E+01
6.00E-02     4.595E+04     1.000E+01
7.00E-02     4.525E+04     1.000E+01
8.00E-02     4.456E+04     1.000E+01
9.00E-02     4.388E+04     1.000E+01
1.00E-01     4.321E+04     1.000E+01
1.10E-01     4.298E+04     1.000E+01
1.20E-01     4.276E+04     1.000E+01
1.30E-01     4.253E+04     1.000E+01
1.40E-01     4.231E+04     1.000E+01
1.50E-01     4.209E+04     1.000E+01
1.60E-01     4.210E+04     1.000E+01
1.80E-01     4.212E+04     1.000E+01
2.00E-01     4.213E+04     1.000E+01
2.50E-01     4.281E+04     1.000E+01
3.00E-01     4.384E+04     1.000E+01
3.50E-01     4.516E+04     1.000E+01
4.00E-01     4.651E+04     1.000E+01
4.50E-01     4.809E+04     1.000E+01
5.00E-01     4.973E+04     1.000E+01
6.00E-01     5.341E+04     1.000E+01
7.00E-01     5.753E+04     1.000E+01
8.00E-01     6.209E+04     1.000E+01
9.00E-01     6.713E+04     1.000E+01
1.00E+00     7.273E+04     1.000E+01
1.25E+00     9.070E+04     1.000E+01
1.50E+00     1.131E+05     1.000E+01
1.75E+00     1.453E+05     1.000E+01
2.00E+00     1.866E+05     1.000E+01
2.50E+00     3.101E+05     1.000E+01
3.00E+00     5.009E+05     1.000E+01
3.50E+00     7.764E+05     1.000E+01
4.00E+00     1.151E+06     1.000E+01
5.00E+00     2.198E+06     1.000E+01
6.00E+00     3.431E+06     1.000E+01
7.00E+00     4.416E+06     1.000E+01
8.00E+00     5.075E+06     1.000E+01
9.00E+00     5.682E+06     1.000E+01
1.00E+01     6.425E+06     1.000E+01
