5        p ga61  he4 zn58                  taly      2.70000E-02      
1.00E-03     0.000E+00     1.000E+00
2.00E-03     0.000E+00     1.000E+00
3.00E-03     0.000E+00     1.000E+00
4.00E-03     0.000E+00     1.000E+00
5.00E-03     0.000E+00     1.000E+00
6.00E-03     0.000E+00     1.000E+00
7.00E-03     0.000E+00     1.000E+00
8.00E-03     0.000E+00     1.000E+00
9.00E-03     0.000E+00     1.000E+00
1.00E-02     0.000E+00     1.000E+00
1.10E-02     3.648E-98     1.000E+01
1.20E-02     1.331E-96     1.000E+01
1.30E-02     4.854E-95     1.000E+01
1.40E-02     1.770E-93     1.000E+01
1.50E-02     6.458E-92     1.000E+01
1.60E-02     2.356E-90     1.000E+01
1.80E-02     3.135E-87     1.000E+01
2.00E-02     4.171E-84     1.000E+01
2.50E-02     2.694E-76     1.000E+01
3.00E-02     1.740E-68     1.000E+01
4.00E-02     7.256E-53     1.000E+01
5.00E-02     3.027E-37     1.000E+01
6.00E-02     1.808E-35     1.000E+01
7.00E-02     1.081E-33     1.000E+01
8.00E-02     6.457E-32     1.000E+01
9.00E-02     3.858E-30     1.000E+01
1.00E-01     2.305E-28     1.000E+01
1.10E-01     8.790E-28     1.000E+01
1.20E-01     3.352E-27     1.000E+01
1.30E-01     1.278E-26     1.000E+01
1.40E-01     4.873E-26     1.000E+01
1.50E-01     1.858E-25     1.000E+01
1.60E-01     3.597E-25     1.000E+01
1.80E-01     1.348E-24     1.000E+01
2.00E-01     5.053E-24     1.000E+01
2.50E-01     3.592E-23     1.000E+01
3.00E-01     1.313E-22     1.000E+01
3.50E-01     2.925E-22     1.000E+01
4.00E-01     6.517E-22     1.000E+01
4.50E-01     1.046E-21     1.000E+01
5.00E-01     1.679E-21     1.000E+01
6.00E-01     3.121E-21     1.000E+01
7.00E-01     5.025E-21     1.000E+01
8.00E-01     3.085E-20     1.000E+01
9.00E-01     1.280E-18     1.000E+01
1.00E+00     3.858E-17     1.000E+01
1.25E+00     1.784E-14     1.000E+01
1.50E+00     8.246E-12     1.000E+01
1.75E+00     4.163E-10     1.000E+01
2.00E+00     2.102E-08     1.000E+01
2.50E+00     5.108E-06     1.000E+01
3.00E+00     3.152E-04     1.000E+01
3.50E+00     8.081E-03     1.000E+01
4.00E+00     1.115E-01     1.000E+01
5.00E+00     5.014E+00     1.000E+01
6.00E+00     4.729E+01     1.000E+01
7.00E+00     1.849E+02     1.000E+01
8.00E+00     4.836E+02     1.000E+01
9.00E+00     1.009E+03     1.000E+01
1.00E+01     1.797E+03     1.000E+01
