5        n ga65  he4 cu62                  taly      5.77600E+00      
1.00E-03     2.816E+05     1.000E+01
2.00E-03     2.820E+05     1.000E+01
3.00E-03     2.825E+05     1.000E+01
4.00E-03     2.830E+05     1.000E+01
5.00E-03     2.835E+05     1.000E+01
6.00E-03     2.812E+05     1.000E+01
7.00E-03     2.790E+05     1.000E+01
8.00E-03     2.768E+05     1.000E+01
9.00E-03     2.746E+05     1.000E+01
1.00E-02     2.724E+05     1.000E+01
1.10E-02     2.724E+05     1.000E+01
1.20E-02     2.724E+05     1.000E+01
1.30E-02     2.724E+05     1.000E+01
1.40E-02     2.724E+05     1.000E+01
1.50E-02     2.724E+05     1.000E+01
1.60E-02     2.724E+05     1.000E+01
1.80E-02     2.724E+05     1.000E+01
2.00E-02     2.724E+05     1.000E+01
2.50E-02     2.724E+05     1.000E+01
3.00E-02     2.724E+05     1.000E+01
4.00E-02     2.725E+05     1.000E+01
5.00E-02     2.725E+05     1.000E+01
6.00E-02     2.763E+05     1.000E+01
7.00E-02     2.801E+05     1.000E+01
8.00E-02     2.839E+05     1.000E+01
9.00E-02     2.878E+05     1.000E+01
1.00E-01     2.918E+05     1.000E+01
1.10E-01     2.966E+05     1.000E+01
1.20E-01     3.014E+05     1.000E+01
1.30E-01     3.063E+05     1.000E+01
1.40E-01     3.113E+05     1.000E+01
1.50E-01     3.164E+05     1.000E+01
1.60E-01     3.218E+05     1.000E+01
1.80E-01     3.327E+05     1.000E+01
2.00E-01     3.440E+05     1.000E+01
2.50E-01     3.725E+05     1.000E+01
3.00E-01     4.004E+05     1.000E+01
3.50E-01     4.266E+05     1.000E+01
4.00E-01     4.544E+05     1.000E+01
4.50E-01     4.801E+05     1.000E+01
5.00E-01     5.073E+05     1.000E+01
6.00E-01     5.612E+05     1.000E+01
7.00E-01     6.170E+05     1.000E+01
8.00E-01     6.753E+05     1.000E+01
9.00E-01     7.364E+05     1.000E+01
1.00E+00     8.007E+05     1.000E+01
1.25E+00     9.736E+05     1.000E+01
1.50E+00     1.184E+06     1.000E+01
1.75E+00     1.429E+06     1.000E+01
2.00E+00     1.724E+06     1.000E+01
2.50E+00     2.522E+06     1.000E+01
3.00E+00     3.650E+06     1.000E+01
3.50E+00     5.005E+06     1.000E+01
4.00E+00     6.219E+06     1.000E+01
5.00E+00     7.202E+06     1.000E+01
6.00E+00     7.245E+06     1.000E+01
7.00E+00     7.546E+06     1.000E+01
8.00E+00     8.324E+06     1.000E+01
9.00E+00     9.499E+06     1.000E+01
1.00E+01     1.089E+07     1.000E+01
