4        n ga59 ga60                       taly      1.38830E+01      
1.00E-03     9.512E+02     1.000E+01
2.00E-03     9.562E+02     1.000E+01
3.00E-03     9.612E+02     1.000E+01
4.00E-03     9.663E+02     1.000E+01
5.00E-03     9.713E+02     1.000E+01
6.00E-03     9.641E+02     1.000E+01
7.00E-03     9.569E+02     1.000E+01
8.00E-03     9.497E+02     1.000E+01
9.00E-03     9.426E+02     1.000E+01
1.00E-02     9.354E+02     1.000E+01
1.10E-02     9.342E+02     1.000E+01
1.20E-02     9.329E+02     1.000E+01
1.30E-02     9.317E+02     1.000E+01
1.40E-02     9.305E+02     1.000E+01
1.50E-02     9.293E+02     1.000E+01
1.60E-02     9.281E+02     1.000E+01
1.80E-02     9.256E+02     1.000E+01
2.00E-02     9.232E+02     1.000E+01
2.50E-02     9.171E+02     1.000E+01
3.00E-02     9.110E+02     1.000E+01
4.00E-02     8.989E+02     1.000E+01
5.00E-02     8.867E+02     1.000E+01
6.00E-02     8.812E+02     1.000E+01
7.00E-02     8.757E+02     1.000E+01
8.00E-02     8.701E+02     1.000E+01
9.00E-02     8.646E+02     1.000E+01
1.00E-01     8.591E+02     1.000E+01
1.10E-01     8.553E+02     1.000E+01
1.20E-01     8.515E+02     1.000E+01
1.30E-01     8.477E+02     1.000E+01
1.40E-01     8.439E+02     1.000E+01
1.50E-01     8.401E+02     1.000E+01
1.60E-01     8.374E+02     1.000E+01
1.80E-01     8.321E+02     1.000E+01
2.00E-01     8.267E+02     1.000E+01
2.50E-01     8.164E+02     1.000E+01
3.00E-01     8.073E+02     1.000E+01
3.50E-01     7.987E+02     1.000E+01
4.00E-01     7.900E+02     1.000E+01
4.50E-01     7.809E+02     1.000E+01
5.00E-01     7.718E+02     1.000E+01
6.00E-01     7.448E+02     1.000E+01
7.00E-01     6.934E+02     1.000E+01
8.00E-01     6.048E+02     1.000E+01
9.00E-01     4.875E+02     1.000E+01
1.00E+00     3.685E+02     1.000E+01
1.25E+00     2.282E+02     1.000E+01
1.50E+00     8.794E+01     1.000E+01
1.75E+00     6.470E+01     1.000E+01
2.00E+00     4.146E+01     1.000E+01
2.50E+00     3.191E+01     1.000E+01
3.00E+00     2.988E+01     1.000E+01
3.50E+00     2.972E+01     1.000E+01
4.00E+00     3.001E+01     1.000E+01
5.00E+00     3.057E+01     1.000E+01
6.00E+00     3.063E+01     1.000E+01
7.00E+00     3.012E+01     1.000E+01
8.00E+00     2.905E+01     1.000E+01
9.00E+00     2.746E+01     1.000E+01
1.00E+01     2.538E+01     1.000E+01
