5        p ga66  he4 zn63                  taly      3.35300E+00      
1.00E-03     0.000E+00     1.000E+00
2.00E-03     0.000E+00     1.000E+00
3.00E-03     0.000E+00     1.000E+00
4.00E-03     0.000E+00     1.000E+00
5.00E-03     0.000E+00     1.000E+00
6.00E-03     0.000E+00     1.000E+00
7.00E-03     0.000E+00     1.000E+00
8.00E-03     0.000E+00     1.000E+00
9.00E-03     0.000E+00     1.000E+00
1.00E-02     0.000E+00     1.000E+00
1.10E-02     3.553E-98     1.000E+01
1.20E-02     1.262E-96     1.000E+01
1.30E-02     4.484E-95     1.000E+01
1.40E-02     1.593E-93     1.000E+01
1.50E-02     5.658E-92     1.000E+01
1.60E-02     2.010E-90     1.000E+01
1.80E-02     2.537E-87     1.000E+01
2.00E-02     3.202E-84     1.000E+01
2.50E-02     1.812E-76     1.000E+01
3.00E-02     1.025E-68     1.000E+01
4.00E-02     3.282E-53     1.000E+01
5.00E-02     1.051E-37     1.000E+01
6.00E-02     1.074E-35     1.000E+01
7.00E-02     1.097E-33     1.000E+01
8.00E-02     1.121E-31     1.000E+01
9.00E-02     1.145E-29     1.000E+01
1.00E-01     1.170E-27     1.000E+01
1.10E-01     1.214E-26     1.000E+01
1.20E-01     1.260E-25     1.000E+01
1.30E-01     1.307E-24     1.000E+01
1.40E-01     1.356E-23     1.000E+01
1.50E-01     1.407E-22     1.000E+01
1.60E-01     6.726E-22     1.000E+01
1.80E-01     1.536E-20     1.000E+01
2.00E-01     3.509E-19     1.000E+01
2.50E-01     8.890E-17     1.000E+01
3.00E-01     6.091E-15     1.000E+01
3.50E-01     1.415E-13     1.000E+01
4.00E-01     3.288E-12     1.000E+01
4.50E-01     3.180E-11     1.000E+01
5.00E-01     3.076E-10     1.000E+01
6.00E-01     1.056E-08     1.000E+01
7.00E-01     1.911E-07     1.000E+01
8.00E-01     2.149E-06     1.000E+01
9.00E-01     1.664E-05     1.000E+01
1.00E+00     9.599E-05     1.000E+01
1.25E+00     1.858E-03     1.000E+01
1.50E+00     3.597E-02     1.000E+01
1.75E+00     1.780E-01     1.000E+01
2.00E+00     8.804E-01     1.000E+01
2.50E+00     5.666E+00     1.000E+01
3.00E+00     2.055E+01     1.000E+01
3.50E+00     5.779E+01     1.000E+01
4.00E+00     1.415E+02     1.000E+01
5.00E+00     6.513E+02     1.000E+01
6.00E+00     2.315E+03     1.000E+01
7.00E+00     6.744E+03     1.000E+01
8.00E+00     1.676E+04     1.000E+01
9.00E+00     3.649E+04     1.000E+01
1.00E+01     7.063E+04     1.000E+01
