5        p ga67  he4 zn64                  taly      3.98900E+00      
1.00E-03     0.000E+00     1.000E+00
2.00E-03     0.000E+00     1.000E+00
3.00E-03     0.000E+00     1.000E+00
4.00E-03     0.000E+00     1.000E+00
5.00E-03     0.000E+00     1.000E+00
6.00E-03     0.000E+00     1.000E+00
7.00E-03     0.000E+00     1.000E+00
8.00E-03     0.000E+00     1.000E+00
9.00E-03     0.000E+00     1.000E+00
1.00E-02     0.000E+00     1.000E+00
1.10E-02     3.834E-98     1.000E+01
1.20E-02     1.470E-96     1.000E+01
1.30E-02     5.634E-95     1.000E+01
1.40E-02     2.160E-93     1.000E+01
1.50E-02     8.280E-92     1.000E+01
1.60E-02     3.174E-90     1.000E+01
1.80E-02     4.665E-87     1.000E+01
2.00E-02     6.856E-84     1.000E+01
2.50E-02     5.676E-76     1.000E+01
3.00E-02     4.700E-68     1.000E+01
4.00E-02     3.222E-52     1.000E+01
5.00E-02     2.209E-36     1.000E+01
6.00E-02     3.018E-34     1.000E+01
7.00E-02     4.123E-32     1.000E+01
8.00E-02     5.633E-30     1.000E+01
9.00E-02     7.695E-28     1.000E+01
1.00E-01     1.051E-25     1.000E+01
1.10E-01     1.027E-24     1.000E+01
1.20E-01     1.004E-23     1.000E+01
1.30E-01     9.809E-23     1.000E+01
1.40E-01     9.585E-22     1.000E+01
1.50E-01     9.366E-21     1.000E+01
1.60E-01     3.994E-20     1.000E+01
1.80E-01     7.263E-19     1.000E+01
2.00E-01     1.321E-17     1.000E+01
2.50E-01     2.703E-15     1.000E+01
3.00E-01     1.737E-13     1.000E+01
3.50E-01     3.653E-12     1.000E+01
4.00E-01     7.685E-11     1.000E+01
4.50E-01     6.759E-10     1.000E+01
5.00E-01     5.944E-09     1.000E+01
6.00E-01     1.749E-07     1.000E+01
7.00E-01     2.731E-06     1.000E+01
8.00E-01     2.676E-05     1.000E+01
9.00E-01     1.834E-04     1.000E+01
1.00E+00     9.509E-04     1.000E+01
1.25E+00     1.577E-02     1.000E+01
1.50E+00     2.616E-01     1.000E+01
1.75E+00     1.373E+00     1.000E+01
2.00E+00     7.208E+00     1.000E+01
2.50E+00     6.838E+01     1.000E+01
3.00E+00     3.565E+02     1.000E+01
3.50E+00     1.223E+03     1.000E+01
4.00E+00     2.978E+03     1.000E+01
5.00E+00     8.793E+03     1.000E+01
6.00E+00     1.774E+04     1.000E+01
7.00E+00     3.347E+04     1.000E+01
8.00E+00     6.225E+04     1.000E+01
9.00E+00     1.118E+05     1.000E+01
1.00E+01     1.893E+05     1.000E+01
