4        n ga66 ga67                       taly      1.12260E+01      
1.00E-03     7.863E+06     1.000E+01
2.00E-03     7.847E+06     1.000E+01
3.00E-03     7.830E+06     1.000E+01
4.00E-03     7.814E+06     1.000E+01
5.00E-03     7.797E+06     1.000E+01
6.00E-03     7.715E+06     1.000E+01
7.00E-03     7.633E+06     1.000E+01
8.00E-03     7.552E+06     1.000E+01
9.00E-03     7.470E+06     1.000E+01
1.00E-02     7.388E+06     1.000E+01
1.10E-02     7.371E+06     1.000E+01
1.20E-02     7.354E+06     1.000E+01
1.30E-02     7.337E+06     1.000E+01
1.40E-02     7.319E+06     1.000E+01
1.50E-02     7.302E+06     1.000E+01
1.60E-02     7.285E+06     1.000E+01
1.80E-02     7.251E+06     1.000E+01
2.00E-02     7.217E+06     1.000E+01
2.50E-02     7.132E+06     1.000E+01
3.00E-02     7.047E+06     1.000E+01
4.00E-02     6.876E+06     1.000E+01
5.00E-02     6.706E+06     1.000E+01
6.00E-02     6.661E+06     1.000E+01
7.00E-02     6.617E+06     1.000E+01
8.00E-02     6.572E+06     1.000E+01
9.00E-02     6.528E+06     1.000E+01
1.00E-01     6.483E+06     1.000E+01
1.10E-01     6.489E+06     1.000E+01
1.20E-01     6.494E+06     1.000E+01
1.30E-01     6.499E+06     1.000E+01
1.40E-01     6.505E+06     1.000E+01
1.50E-01     6.510E+06     1.000E+01
1.60E-01     6.551E+06     1.000E+01
1.80E-01     6.633E+06     1.000E+01
2.00E-01     6.715E+06     1.000E+01
2.50E-01     6.943E+06     1.000E+01
3.00E-01     7.134E+06     1.000E+01
3.50E-01     7.286E+06     1.000E+01
4.00E-01     7.439E+06     1.000E+01
4.50E-01     7.583E+06     1.000E+01
5.00E-01     7.726E+06     1.000E+01
6.00E-01     8.017E+06     1.000E+01
7.00E-01     8.306E+06     1.000E+01
8.00E-01     8.581E+06     1.000E+01
9.00E-01     8.837E+06     1.000E+01
1.00E+00     9.066E+06     1.000E+01
1.25E+00     9.191E+06     1.000E+01
1.50E+00     9.317E+06     1.000E+01
1.75E+00     8.157E+06     1.000E+01
2.00E+00     6.997E+06     1.000E+01
2.50E+00     4.190E+06     1.000E+01
3.00E+00     2.533E+06     1.000E+01
3.50E+00     1.676E+06     1.000E+01
4.00E+00     1.209E+06     1.000E+01
5.00E+00     7.560E+05     1.000E+01
6.00E+00     5.498E+05     1.000E+01
7.00E+00     4.346E+05     1.000E+01
8.00E+00     3.600E+05     1.000E+01
9.00E+00     3.057E+05     1.000E+01
1.00E+01     2.625E+05     1.000E+01
