4      he4 ga63 as67                       taly      2.46500E+00      
1.00E-03     0.000E+00     1.000E+00
2.00E-03     0.000E+00     1.000E+00
3.00E-03     0.000E+00     1.000E+00
4.00E-03     0.000E+00     1.000E+00
5.00E-03     0.000E+00     1.000E+00
6.00E-03     0.000E+00     1.000E+00
7.00E-03     0.000E+00     1.000E+00
8.00E-03     0.000E+00     1.000E+00
9.00E-03     0.000E+00     1.000E+00
1.00E-02     0.000E+00     1.000E+00
1.10E-02     0.000E+00     1.000E+00
1.20E-02     0.000E+00     1.000E+00
1.30E-02     0.000E+00     1.000E+00
1.40E-02     0.000E+00     1.000E+00
1.50E-02     0.000E+00     1.000E+00
1.60E-02     0.000E+00     1.000E+00
1.80E-02     0.000E+00     1.000E+00
2.00E-02     0.000E+00     1.000E+00
2.50E-02     0.000E+00     1.000E+00
3.00E-02     0.000E+00     1.000E+00
4.00E-02     0.000E+00     1.000E+00
5.00E-02     0.000E+00     1.000E+00
6.00E-02     0.000E+00     1.000E+00
7.00E-02     0.000E+00     1.000E+00
8.00E-02     0.000E+00     1.000E+00
9.00E-02     0.000E+00     1.000E+00
1.00E-01     0.000E+00     1.000E+00
1.10E-01     0.000E+00     1.000E+00
1.20E-01     0.000E+00     1.000E+00
1.30E-01     0.000E+00     1.000E+00
1.40E-01     0.000E+00     1.000E+00
1.50E-01     0.000E+00     1.000E+00
1.60E-01     0.000E+00     1.000E+00
1.80E-01     0.000E+00     1.000E+00
2.00E-01     0.000E+00     1.000E+00
2.50E-01     1.294E-45     1.000E+01
3.00E-01     2.329E-40     1.000E+01
3.50E-01     4.968E-37     1.000E+01
4.00E-01     1.060E-33     1.000E+01
4.50E-01     1.436E-31     1.000E+01
5.00E-01     1.945E-29     1.000E+01
6.00E-01     2.634E-26     1.000E+01
7.00E-01     7.303E-24     1.000E+01
8.00E-01     6.775E-22     1.000E+01
9.00E-01     2.896E-20     1.000E+01
1.00E+00     7.054E-19     1.000E+01
1.25E+00     1.778E-16     1.000E+01
1.50E+00     4.481E-14     1.000E+01
1.75E+00     1.346E-12     1.000E+01
2.00E+00     4.041E-11     1.000E+01
2.50E+00     4.599E-09     1.000E+01
3.00E+00     1.594E-07     1.000E+01
3.50E+00     2.639E-06     1.000E+01
4.00E+00     2.648E-05     1.000E+01
5.00E+00     9.647E-04     1.000E+01
6.00E+00     1.396E-02     1.000E+01
7.00E+00     1.086E-01     1.000E+01
8.00E+00     5.406E-01     1.000E+01
9.00E+00     1.800E+00     1.000E+01
1.00E+01     3.453E+00     1.000E+01
