5        n ga66    p zn66                  taly      5.95700E+00      
1.00E-03     6.602E+08     1.000E+01
2.00E-03     6.599E+08     1.000E+01
3.00E-03     6.595E+08     1.000E+01
4.00E-03     6.592E+08     1.000E+01
5.00E-03     6.589E+08     1.000E+01
6.00E-03     6.522E+08     1.000E+01
7.00E-03     6.456E+08     1.000E+01
8.00E-03     6.391E+08     1.000E+01
9.00E-03     6.326E+08     1.000E+01
1.00E-02     6.261E+08     1.000E+01
1.10E-02     6.246E+08     1.000E+01
1.20E-02     6.231E+08     1.000E+01
1.30E-02     6.217E+08     1.000E+01
1.40E-02     6.202E+08     1.000E+01
1.50E-02     6.187E+08     1.000E+01
1.60E-02     6.172E+08     1.000E+01
1.80E-02     6.142E+08     1.000E+01
2.00E-02     6.113E+08     1.000E+01
2.50E-02     6.040E+08     1.000E+01
3.00E-02     5.968E+08     1.000E+01
4.00E-02     5.827E+08     1.000E+01
5.00E-02     5.689E+08     1.000E+01
6.00E-02     5.638E+08     1.000E+01
7.00E-02     5.587E+08     1.000E+01
8.00E-02     5.537E+08     1.000E+01
9.00E-02     5.488E+08     1.000E+01
1.00E-01     5.438E+08     1.000E+01
1.10E-01     5.421E+08     1.000E+01
1.20E-01     5.403E+08     1.000E+01
1.30E-01     5.385E+08     1.000E+01
1.40E-01     5.368E+08     1.000E+01
1.50E-01     5.351E+08     1.000E+01
1.60E-01     5.354E+08     1.000E+01
1.80E-01     5.360E+08     1.000E+01
2.00E-01     5.366E+08     1.000E+01
2.50E-01     5.392E+08     1.000E+01
3.00E-01     5.395E+08     1.000E+01
3.50E-01     5.378E+08     1.000E+01
4.00E-01     5.362E+08     1.000E+01
4.50E-01     5.346E+08     1.000E+01
5.00E-01     5.331E+08     1.000E+01
6.00E-01     5.319E+08     1.000E+01
7.00E-01     5.321E+08     1.000E+01
8.00E-01     5.328E+08     1.000E+01
9.00E-01     5.335E+08     1.000E+01
1.00E+00     5.336E+08     1.000E+01
1.25E+00     5.150E+08     1.000E+01
1.50E+00     4.970E+08     1.000E+01
1.75E+00     4.164E+08     1.000E+01
2.00E+00     3.488E+08     1.000E+01
2.50E+00     1.986E+08     1.000E+01
3.00E+00     1.155E+08     1.000E+01
3.50E+00     7.419E+07     1.000E+01
4.00E+00     5.250E+07     1.000E+01
5.00E+00     3.263E+07     1.000E+01
6.00E+00     2.469E+07     1.000E+01
7.00E+00     2.129E+07     1.000E+01
8.00E+00     2.007E+07     1.000E+01
9.00E+00     2.002E+07     1.000E+01
1.00E+01     2.043E+07     1.000E+01
