4        p ga65 ge66                       taly      6.23900E+00      
1.00E-03     0.000E+00     1.000E+00
2.00E-03     0.000E+00     1.000E+00
3.00E-03     0.000E+00     1.000E+00
4.00E-03     0.000E+00     1.000E+00
5.00E-03     0.000E+00     1.000E+00
6.00E-03     0.000E+00     1.000E+00
7.00E-03     0.000E+00     1.000E+00
8.00E-03     0.000E+00     1.000E+00
9.00E-03     0.000E+00     1.000E+00
1.00E-02     0.000E+00     1.000E+00
1.10E-02     4.696E-98     1.000E+01
1.20E-02     2.205E-96     1.000E+01
1.30E-02     1.036E-94     1.000E+01
1.40E-02     4.864E-93     1.000E+01
1.50E-02     2.284E-91     1.000E+01
1.60E-02     1.073E-89     1.000E+01
1.80E-02     2.366E-86     1.000E+01
2.00E-02     5.218E-83     1.000E+01
2.50E-02     1.192E-74     1.000E+01
3.00E-02     2.723E-66     1.000E+01
4.00E-02     1.421E-49     1.000E+01
5.00E-02     7.415E-33     1.000E+01
6.00E-02     9.179E-31     1.000E+01
7.00E-02     1.136E-28     1.000E+01
8.00E-02     1.407E-26     1.000E+01
9.00E-02     1.741E-24     1.000E+01
1.00E-01     2.156E-22     1.000E+01
1.10E-01     1.991E-21     1.000E+01
1.20E-01     1.839E-20     1.000E+01
1.30E-01     1.698E-19     1.000E+01
1.40E-01     1.568E-18     1.000E+01
1.50E-01     1.449E-17     1.000E+01
1.60E-01     5.891E-17     1.000E+01
1.80E-01     9.741E-16     1.000E+01
2.00E-01     1.611E-14     1.000E+01
2.50E-01     2.377E-12     1.000E+01
3.00E-01     1.061E-10     1.000E+01
3.50E-01     1.668E-09     1.000E+01
4.00E-01     2.623E-08     1.000E+01
4.50E-01     1.846E-07     1.000E+01
5.00E-01     1.299E-06     1.000E+01
6.00E-01     2.514E-05     1.000E+01
7.00E-01     2.632E-04     1.000E+01
8.00E-01     1.786E-03     1.000E+01
9.00E-01     8.781E-03     1.000E+01
1.00E+00     3.366E-02     1.000E+01
1.25E+00     3.076E-01     1.000E+01
1.50E+00     2.811E+00     1.000E+01
1.75E+00     9.532E+00     1.000E+01
2.00E+00     3.232E+01     1.000E+01
2.50E+00     1.495E+02     1.000E+01
3.00E+00     4.152E+02     1.000E+01
3.50E+00     8.127E+02     1.000E+01
4.00E+00     1.201E+03     1.000E+01
5.00E+00     1.447E+03     1.000E+01
6.00E+00     1.234E+03     1.000E+01
7.00E+00     9.996E+02     1.000E+01
8.00E+00     8.315E+02     1.000E+01
9.00E+00     7.165E+02     1.000E+01
1.00E+01     6.344E+02     1.000E+01
