4      he4 ga64 as68                       taly      2.48700E+00      
1.00E-03     0.000E+00     1.000E+00
2.00E-03     0.000E+00     1.000E+00
3.00E-03     0.000E+00     1.000E+00
4.00E-03     0.000E+00     1.000E+00
5.00E-03     0.000E+00     1.000E+00
6.00E-03     0.000E+00     1.000E+00
7.00E-03     0.000E+00     1.000E+00
8.00E-03     0.000E+00     1.000E+00
9.00E-03     0.000E+00     1.000E+00
1.00E-02     0.000E+00     1.000E+00
1.10E-02     0.000E+00     1.000E+00
1.20E-02     0.000E+00     1.000E+00
1.30E-02     0.000E+00     1.000E+00
1.40E-02     0.000E+00     1.000E+00
1.50E-02     0.000E+00     1.000E+00
1.60E-02     0.000E+00     1.000E+00
1.80E-02     0.000E+00     1.000E+00
2.00E-02     0.000E+00     1.000E+00
2.50E-02     0.000E+00     1.000E+00
3.00E-02     0.000E+00     1.000E+00
4.00E-02     0.000E+00     1.000E+00
5.00E-02     0.000E+00     1.000E+00
6.00E-02     0.000E+00     1.000E+00
7.00E-02     0.000E+00     1.000E+00
8.00E-02     0.000E+00     1.000E+00
9.00E-02     0.000E+00     1.000E+00
1.00E-01     0.000E+00     1.000E+00
1.10E-01     0.000E+00     1.000E+00
1.20E-01     0.000E+00     1.000E+00
1.30E-01     0.000E+00     1.000E+00
1.40E-01     0.000E+00     1.000E+00
1.50E-01     0.000E+00     1.000E+00
1.60E-01     0.000E+00     1.000E+00
1.80E-01     0.000E+00     1.000E+00
2.00E-01     0.000E+00     1.000E+00
2.50E-01     3.712E-45     1.000E+01
3.00E-01     5.311E-40     1.000E+01
3.50E-01     1.213E-36     1.000E+01
4.00E-01     2.772E-33     1.000E+01
4.50E-01     4.425E-31     1.000E+01
5.00E-01     7.065E-29     1.000E+01
6.00E-01     1.286E-25     1.000E+01
7.00E-01     4.245E-23     1.000E+01
8.00E-01     4.239E-21     1.000E+01
9.00E-01     1.813E-19     1.000E+01
1.00E+00     4.197E-18     1.000E+01
1.25E+00     8.500E-16     1.000E+01
1.50E+00     1.722E-13     1.000E+01
1.75E+00     4.561E-12     1.000E+01
2.00E+00     1.208E-10     1.000E+01
2.50E+00     1.189E-08     1.000E+01
3.00E+00     3.342E-07     1.000E+01
3.50E+00     4.015E-06     1.000E+01
4.00E+00     2.743E-05     1.000E+01
5.00E+00     4.638E-04     1.000E+01
6.00E+00     3.521E-03     1.000E+01
7.00E+00     1.654E-02     1.000E+01
8.00E+00     5.660E-02     1.000E+01
9.00E+00     1.547E-01     1.000E+01
1.00E+01     3.563E-01     1.000E+01
