5        n ga64  he4 cu61                  taly      8.79700E+00      
1.00E-03     1.984E+07     1.000E+01
2.00E-03     1.996E+07     1.000E+01
3.00E-03     2.008E+07     1.000E+01
4.00E-03     2.020E+07     1.000E+01
5.00E-03     2.032E+07     1.000E+01
6.00E-03     2.019E+07     1.000E+01
7.00E-03     2.005E+07     1.000E+01
8.00E-03     1.991E+07     1.000E+01
9.00E-03     1.978E+07     1.000E+01
1.00E-02     1.965E+07     1.000E+01
1.10E-02     1.964E+07     1.000E+01
1.20E-02     1.963E+07     1.000E+01
1.30E-02     1.962E+07     1.000E+01
1.40E-02     1.961E+07     1.000E+01
1.50E-02     1.960E+07     1.000E+01
1.60E-02     1.959E+07     1.000E+01
1.80E-02     1.957E+07     1.000E+01
2.00E-02     1.955E+07     1.000E+01
2.50E-02     1.950E+07     1.000E+01
3.00E-02     1.945E+07     1.000E+01
4.00E-02     1.935E+07     1.000E+01
5.00E-02     1.925E+07     1.000E+01
6.00E-02     1.924E+07     1.000E+01
7.00E-02     1.924E+07     1.000E+01
8.00E-02     1.923E+07     1.000E+01
9.00E-02     1.923E+07     1.000E+01
1.00E-01     1.922E+07     1.000E+01
1.10E-01     1.917E+07     1.000E+01
1.20E-01     1.911E+07     1.000E+01
1.30E-01     1.906E+07     1.000E+01
1.40E-01     1.900E+07     1.000E+01
1.50E-01     1.895E+07     1.000E+01
1.60E-01     1.890E+07     1.000E+01
1.80E-01     1.881E+07     1.000E+01
2.00E-01     1.871E+07     1.000E+01
2.50E-01     1.862E+07     1.000E+01
3.00E-01     1.861E+07     1.000E+01
3.50E-01     1.869E+07     1.000E+01
4.00E-01     1.877E+07     1.000E+01
4.50E-01     1.891E+07     1.000E+01
5.00E-01     1.906E+07     1.000E+01
6.00E-01     1.946E+07     1.000E+01
7.00E-01     1.993E+07     1.000E+01
8.00E-01     2.044E+07     1.000E+01
9.00E-01     2.100E+07     1.000E+01
1.00E+00     2.158E+07     1.000E+01
1.25E+00     2.305E+07     1.000E+01
1.50E+00     2.463E+07     1.000E+01
1.75E+00     2.592E+07     1.000E+01
2.00E+00     2.728E+07     1.000E+01
2.50E+00     2.774E+07     1.000E+01
3.00E+00     2.439E+07     1.000E+01
3.50E+00     1.891E+07     1.000E+01
4.00E+00     1.401E+07     1.000E+01
5.00E+00     8.336E+06     1.000E+01
6.00E+00     6.010E+06     1.000E+01
7.00E+00     5.096E+06     1.000E+01
8.00E+00     4.815E+06     1.000E+01
9.00E+00     4.832E+06     1.000E+01
1.00E+01     4.962E+06     1.000E+01
