4        p ga67 ge68                       taly      7.38900E+00      
1.00E-03     0.000E+00     1.000E+00
2.00E-03     0.000E+00     1.000E+00
3.00E-03     0.000E+00     1.000E+00
4.00E-03     0.000E+00     1.000E+00
5.00E-03     0.000E+00     1.000E+00
6.00E-03     0.000E+00     1.000E+00
7.00E-03     0.000E+00     1.000E+00
8.00E-03     0.000E+00     1.000E+00
9.00E-03     0.000E+00     1.000E+00
1.00E-02     0.000E+00     1.000E+00
1.10E-02     4.688E-98     1.000E+01
1.20E-02     2.197E-96     1.000E+01
1.30E-02     1.030E-94     1.000E+01
1.40E-02     4.828E-93     1.000E+01
1.50E-02     2.263E-91     1.000E+01
1.60E-02     1.061E-89     1.000E+01
1.80E-02     2.331E-86     1.000E+01
2.00E-02     5.123E-83     1.000E+01
2.50E-02     1.160E-74     1.000E+01
3.00E-02     2.625E-66     1.000E+01
4.00E-02     1.345E-49     1.000E+01
5.00E-02     6.888E-33     1.000E+01
6.00E-02     8.969E-31     1.000E+01
7.00E-02     1.168E-28     1.000E+01
8.00E-02     1.521E-26     1.000E+01
9.00E-02     1.980E-24     1.000E+01
1.00E-01     2.578E-22     1.000E+01
1.10E-01     2.386E-21     1.000E+01
1.20E-01     2.208E-20     1.000E+01
1.30E-01     2.043E-19     1.000E+01
1.40E-01     1.891E-18     1.000E+01
1.50E-01     1.750E-17     1.000E+01
1.60E-01     7.103E-17     1.000E+01
1.80E-01     1.170E-15     1.000E+01
2.00E-01     1.928E-14     1.000E+01
2.50E-01     2.796E-12     1.000E+01
3.00E-01     1.241E-10     1.000E+01
3.50E-01     1.960E-09     1.000E+01
4.00E-01     3.097E-08     1.000E+01
4.50E-01     2.195E-07     1.000E+01
5.00E-01     1.556E-06     1.000E+01
6.00E-01     3.061E-05     1.000E+01
7.00E-01     3.278E-04     1.000E+01
8.00E-01     2.300E-03     1.000E+01
9.00E-01     1.182E-02     1.000E+01
1.00E+00     4.777E-02     1.000E+01
1.25E+00     5.113E-01     1.000E+01
1.50E+00     5.472E+00     1.000E+01
1.75E+00     2.147E+01     1.000E+01
2.00E+00     8.423E+01     1.000E+01
2.50E+00     4.988E+02     1.000E+01
3.00E+00     1.710E+03     1.000E+01
3.50E+00     3.989E+03     1.000E+01
4.00E+00     6.780E+03     1.000E+01
5.00E+00     1.025E+04     1.000E+01
6.00E+00     1.075E+04     1.000E+01
7.00E+00     1.035E+04     1.000E+01
8.00E+00     9.777E+03     1.000E+01
9.00E+00     9.143E+03     1.000E+01
1.00E+01     8.469E+03     1.000E+01
