4        n ge62 ge63                       taly      1.30930E+01      
1.00E-03     9.546E+03     1.000E+01
2.00E-03     9.603E+03     1.000E+01
3.00E-03     9.660E+03     1.000E+01
4.00E-03     9.717E+03     1.000E+01
5.00E-03     9.773E+03     1.000E+01
6.00E-03     9.705E+03     1.000E+01
7.00E-03     9.636E+03     1.000E+01
8.00E-03     9.567E+03     1.000E+01
9.00E-03     9.499E+03     1.000E+01
1.00E-02     9.430E+03     1.000E+01
1.10E-02     9.420E+03     1.000E+01
1.20E-02     9.410E+03     1.000E+01
1.30E-02     9.400E+03     1.000E+01
1.40E-02     9.390E+03     1.000E+01
1.50E-02     9.380E+03     1.000E+01
1.60E-02     9.370E+03     1.000E+01
1.80E-02     9.350E+03     1.000E+01
2.00E-02     9.330E+03     1.000E+01
2.50E-02     9.280E+03     1.000E+01
3.00E-02     9.230E+03     1.000E+01
4.00E-02     9.131E+03     1.000E+01
5.00E-02     9.031E+03     1.000E+01
6.00E-02     8.991E+03     1.000E+01
7.00E-02     8.951E+03     1.000E+01
8.00E-02     8.911E+03     1.000E+01
9.00E-02     8.870E+03     1.000E+01
1.00E-01     8.830E+03     1.000E+01
1.10E-01     8.805E+03     1.000E+01
1.20E-01     8.780E+03     1.000E+01
1.30E-01     8.755E+03     1.000E+01
1.40E-01     8.730E+03     1.000E+01
1.50E-01     8.705E+03     1.000E+01
1.60E-01     8.691E+03     1.000E+01
1.80E-01     8.662E+03     1.000E+01
2.00E-01     8.634E+03     1.000E+01
2.50E-01     8.589E+03     1.000E+01
3.00E-01     8.553E+03     1.000E+01
3.50E-01     8.519E+03     1.000E+01
4.00E-01     8.485E+03     1.000E+01
4.50E-01     8.453E+03     1.000E+01
5.00E-01     8.420E+03     1.000E+01
6.00E-01     8.365E+03     1.000E+01
7.00E-01     8.323E+03     1.000E+01
8.00E-01     8.295E+03     1.000E+01
9.00E-01     8.280E+03     1.000E+01
1.00E+00     8.276E+03     1.000E+01
1.25E+00     8.327E+03     1.000E+01
1.50E+00     8.377E+03     1.000E+01
1.75E+00     8.481E+03     1.000E+01
2.00E+00     8.584E+03     1.000E+01
2.50E+00     8.787E+03     1.000E+01
3.00E+00     8.727E+03     1.000E+01
3.50E+00     7.740E+03     1.000E+01
4.00E+00     5.631E+03     1.000E+01
5.00E+00     2.234E+03     1.000E+01
6.00E+00     1.077E+03     1.000E+01
7.00E+00     6.587E+02     1.000E+01
8.00E+00     4.573E+02     1.000E+01
9.00E+00     3.373E+02     1.000E+01
1.00E+01     2.557E+02     1.000E+01
