4        n ge63 ge64                       taly      1.54650E+01      
1.00E-03     9.440E+04     1.000E+01
2.00E-03     9.497E+04     1.000E+01
3.00E-03     9.555E+04     1.000E+01
4.00E-03     9.612E+04     1.000E+01
5.00E-03     9.669E+04     1.000E+01
6.00E-03     9.602E+04     1.000E+01
7.00E-03     9.535E+04     1.000E+01
8.00E-03     9.468E+04     1.000E+01
9.00E-03     9.401E+04     1.000E+01
1.00E-02     9.334E+04     1.000E+01
1.10E-02     9.324E+04     1.000E+01
1.20E-02     9.315E+04     1.000E+01
1.30E-02     9.306E+04     1.000E+01
1.40E-02     9.297E+04     1.000E+01
1.50E-02     9.288E+04     1.000E+01
1.60E-02     9.278E+04     1.000E+01
1.80E-02     9.260E+04     1.000E+01
2.00E-02     9.242E+04     1.000E+01
2.50E-02     9.196E+04     1.000E+01
3.00E-02     9.150E+04     1.000E+01
4.00E-02     9.058E+04     1.000E+01
5.00E-02     8.966E+04     1.000E+01
6.00E-02     8.933E+04     1.000E+01
7.00E-02     8.899E+04     1.000E+01
8.00E-02     8.865E+04     1.000E+01
9.00E-02     8.831E+04     1.000E+01
1.00E-01     8.797E+04     1.000E+01
1.10E-01     8.778E+04     1.000E+01
1.20E-01     8.759E+04     1.000E+01
1.30E-01     8.740E+04     1.000E+01
1.40E-01     8.721E+04     1.000E+01
1.50E-01     8.702E+04     1.000E+01
1.60E-01     8.693E+04     1.000E+01
1.80E-01     8.676E+04     1.000E+01
2.00E-01     8.659E+04     1.000E+01
2.50E-01     8.642E+04     1.000E+01
3.00E-01     8.632E+04     1.000E+01
3.50E-01     8.621E+04     1.000E+01
4.00E-01     8.609E+04     1.000E+01
4.50E-01     8.574E+04     1.000E+01
5.00E-01     8.540E+04     1.000E+01
6.00E-01     8.285E+04     1.000E+01
7.00E-01     7.605E+04     1.000E+01
8.00E-01     6.413E+04     1.000E+01
9.00E-01     4.981E+04     1.000E+01
1.00E+00     3.683E+04     1.000E+01
1.25E+00     2.334E+04     1.000E+01
1.50E+00     9.842E+03     1.000E+01
1.75E+00     7.382E+03     1.000E+01
2.00E+00     4.923E+03     1.000E+01
2.50E+00     3.408E+03     1.000E+01
3.00E+00     2.731E+03     1.000E+01
3.50E+00     2.355E+03     1.000E+01
4.00E+00     2.119E+03     1.000E+01
5.00E+00     1.839E+03     1.000E+01
6.00E+00     1.678E+03     1.000E+01
7.00E+00     1.565E+03     1.000E+01
8.00E+00     1.468E+03     1.000E+01
9.00E+00     1.369E+03     1.000E+01
1.00E+01     1.258E+03     1.000E+01
