5        n ge66    p ga66                  taly      2.89900E+00      
1.00E-03     4.958E+08     1.000E+01
2.00E-03     4.781E+08     1.000E+01
3.00E-03     4.611E+08     1.000E+01
4.00E-03     4.446E+08     1.000E+01
5.00E-03     4.287E+08     1.000E+01
6.00E-03     4.185E+08     1.000E+01
7.00E-03     4.085E+08     1.000E+01
8.00E-03     3.988E+08     1.000E+01
9.00E-03     3.892E+08     1.000E+01
1.00E-02     3.800E+08     1.000E+01
1.10E-02     3.772E+08     1.000E+01
1.20E-02     3.745E+08     1.000E+01
1.30E-02     3.718E+08     1.000E+01
1.40E-02     3.691E+08     1.000E+01
1.50E-02     3.664E+08     1.000E+01
1.60E-02     3.638E+08     1.000E+01
1.80E-02     3.585E+08     1.000E+01
2.00E-02     3.534E+08     1.000E+01
2.50E-02     3.408E+08     1.000E+01
3.00E-02     3.287E+08     1.000E+01
4.00E-02     3.057E+08     1.000E+01
5.00E-02     2.843E+08     1.000E+01
6.00E-02     2.775E+08     1.000E+01
7.00E-02     2.709E+08     1.000E+01
8.00E-02     2.645E+08     1.000E+01
9.00E-02     2.582E+08     1.000E+01
1.00E-01     2.520E+08     1.000E+01
1.10E-01     2.490E+08     1.000E+01
1.20E-01     2.460E+08     1.000E+01
1.30E-01     2.430E+08     1.000E+01
1.40E-01     2.400E+08     1.000E+01
1.50E-01     2.371E+08     1.000E+01
1.60E-01     2.355E+08     1.000E+01
1.80E-01     2.323E+08     1.000E+01
2.00E-01     2.292E+08     1.000E+01
2.50E-01     2.248E+08     1.000E+01
3.00E-01     2.224E+08     1.000E+01
3.50E-01     2.214E+08     1.000E+01
4.00E-01     2.205E+08     1.000E+01
4.50E-01     2.207E+08     1.000E+01
5.00E-01     2.210E+08     1.000E+01
6.00E-01     2.231E+08     1.000E+01
7.00E-01     2.266E+08     1.000E+01
8.00E-01     2.310E+08     1.000E+01
9.00E-01     2.364E+08     1.000E+01
1.00E+00     2.424E+08     1.000E+01
1.25E+00     2.610E+08     1.000E+01
1.50E+00     2.810E+08     1.000E+01
1.75E+00     3.049E+08     1.000E+01
2.00E+00     3.309E+08     1.000E+01
2.50E+00     3.906E+08     1.000E+01
3.00E+00     4.580E+08     1.000E+01
3.50E+00     5.297E+08     1.000E+01
4.00E+00     6.029E+08     1.000E+01
5.00E+00     7.430E+08     1.000E+01
6.00E+00     8.513E+08     1.000E+01
7.00E+00     8.667E+08     1.000E+01
8.00E+00     7.366E+08     1.000E+01
9.00E+00     5.329E+08     1.000E+01
1.00E+01     3.611E+08     1.000E+01
