5        n ge65    p ga65                  taly      6.96100E+00      
1.00E-03     6.428E+08     1.000E+01
2.00E-03     6.468E+08     1.000E+01
3.00E-03     6.508E+08     1.000E+01
4.00E-03     6.548E+08     1.000E+01
5.00E-03     6.588E+08     1.000E+01
6.00E-03     6.543E+08     1.000E+01
7.00E-03     6.498E+08     1.000E+01
8.00E-03     6.453E+08     1.000E+01
9.00E-03     6.409E+08     1.000E+01
1.00E-02     6.365E+08     1.000E+01
1.10E-02     6.360E+08     1.000E+01
1.20E-02     6.355E+08     1.000E+01
1.30E-02     6.350E+08     1.000E+01
1.40E-02     6.344E+08     1.000E+01
1.50E-02     6.339E+08     1.000E+01
1.60E-02     6.334E+08     1.000E+01
1.80E-02     6.324E+08     1.000E+01
2.00E-02     6.314E+08     1.000E+01
2.50E-02     6.288E+08     1.000E+01
3.00E-02     6.263E+08     1.000E+01
4.00E-02     6.212E+08     1.000E+01
5.00E-02     6.162E+08     1.000E+01
6.00E-02     6.150E+08     1.000E+01
7.00E-02     6.139E+08     1.000E+01
8.00E-02     6.127E+08     1.000E+01
9.00E-02     6.116E+08     1.000E+01
1.00E-01     6.105E+08     1.000E+01
1.10E-01     6.103E+08     1.000E+01
1.20E-01     6.102E+08     1.000E+01
1.30E-01     6.100E+08     1.000E+01
1.40E-01     6.099E+08     1.000E+01
1.50E-01     6.097E+08     1.000E+01
1.60E-01     6.102E+08     1.000E+01
1.80E-01     6.112E+08     1.000E+01
2.00E-01     6.122E+08     1.000E+01
2.50E-01     6.158E+08     1.000E+01
3.00E-01     6.194E+08     1.000E+01
3.50E-01     6.228E+08     1.000E+01
4.00E-01     6.262E+08     1.000E+01
4.50E-01     6.299E+08     1.000E+01
5.00E-01     6.336E+08     1.000E+01
6.00E-01     6.425E+08     1.000E+01
7.00E-01     6.527E+08     1.000E+01
8.00E-01     6.639E+08     1.000E+01
9.00E-01     6.759E+08     1.000E+01
1.00E+00     6.885E+08     1.000E+01
1.25E+00     7.211E+08     1.000E+01
1.50E+00     7.553E+08     1.000E+01
1.75E+00     7.882E+08     1.000E+01
2.00E+00     8.226E+08     1.000E+01
2.50E+00     8.856E+08     1.000E+01
3.00E+00     9.427E+08     1.000E+01
3.50E+00     9.940E+08     1.000E+01
4.00E+00     1.040E+09     1.000E+01
5.00E+00     1.115E+09     1.000E+01
6.00E+00     1.125E+09     1.000E+01
7.00E+00     9.132E+08     1.000E+01
8.00E+00     5.119E+08     1.000E+01
9.00E+00     2.363E+08     1.000E+01
1.00E+01     1.137E+08     1.000E+01
