4        n ge65 ge66                       taly      1.32000E+01      
1.00E-03     2.040E+05     1.000E+01
2.00E-03     2.053E+05     1.000E+01
3.00E-03     2.065E+05     1.000E+01
4.00E-03     2.078E+05     1.000E+01
5.00E-03     2.090E+05     1.000E+01
6.00E-03     2.076E+05     1.000E+01
7.00E-03     2.061E+05     1.000E+01
8.00E-03     2.047E+05     1.000E+01
9.00E-03     2.033E+05     1.000E+01
1.00E-02     2.018E+05     1.000E+01
1.10E-02     2.016E+05     1.000E+01
1.20E-02     2.015E+05     1.000E+01
1.30E-02     2.013E+05     1.000E+01
1.40E-02     2.011E+05     1.000E+01
1.50E-02     2.009E+05     1.000E+01
1.60E-02     2.007E+05     1.000E+01
1.80E-02     2.004E+05     1.000E+01
2.00E-02     2.000E+05     1.000E+01
2.50E-02     1.991E+05     1.000E+01
3.00E-02     1.982E+05     1.000E+01
4.00E-02     1.963E+05     1.000E+01
5.00E-02     1.945E+05     1.000E+01
6.00E-02     1.939E+05     1.000E+01
7.00E-02     1.933E+05     1.000E+01
8.00E-02     1.927E+05     1.000E+01
9.00E-02     1.922E+05     1.000E+01
1.00E-01     1.916E+05     1.000E+01
1.10E-01     1.913E+05     1.000E+01
1.20E-01     1.910E+05     1.000E+01
1.30E-01     1.908E+05     1.000E+01
1.40E-01     1.905E+05     1.000E+01
1.50E-01     1.902E+05     1.000E+01
1.60E-01     1.902E+05     1.000E+01
1.80E-01     1.900E+05     1.000E+01
2.00E-01     1.899E+05     1.000E+01
2.50E-01     1.898E+05     1.000E+01
3.00E-01     1.897E+05     1.000E+01
3.50E-01     1.894E+05     1.000E+01
4.00E-01     1.891E+05     1.000E+01
4.50E-01     1.889E+05     1.000E+01
5.00E-01     1.886E+05     1.000E+01
6.00E-01     1.885E+05     1.000E+01
7.00E-01     1.889E+05     1.000E+01
8.00E-01     1.896E+05     1.000E+01
9.00E-01     1.905E+05     1.000E+01
1.00E+00     1.917E+05     1.000E+01
1.25E+00     1.951E+05     1.000E+01
1.50E+00     1.984E+05     1.000E+01
1.75E+00     2.013E+05     1.000E+01
2.00E+00     2.042E+05     1.000E+01
2.50E+00     2.076E+05     1.000E+01
3.00E+00     2.088E+05     1.000E+01
3.50E+00     2.082E+05     1.000E+01
4.00E+00     2.066E+05     1.000E+01
5.00E+00     2.008E+05     1.000E+01
6.00E+00     1.854E+05     1.000E+01
7.00E+00     1.386E+05     1.000E+01
8.00E+00     7.152E+04     1.000E+01
9.00E+00     3.020E+04     1.000E+01
1.00E+01     1.318E+04     1.000E+01
