4      he4 ge65 se69                       taly      2.38200E+00      
1.00E-03     0.000E+00     1.000E+00
2.00E-03     0.000E+00     1.000E+00
3.00E-03     0.000E+00     1.000E+00
4.00E-03     0.000E+00     1.000E+00
5.00E-03     0.000E+00     1.000E+00
6.00E-03     0.000E+00     1.000E+00
7.00E-03     0.000E+00     1.000E+00
8.00E-03     0.000E+00     1.000E+00
9.00E-03     0.000E+00     1.000E+00
1.00E-02     0.000E+00     1.000E+00
1.10E-02     0.000E+00     1.000E+00
1.20E-02     0.000E+00     1.000E+00
1.30E-02     0.000E+00     1.000E+00
1.40E-02     0.000E+00     1.000E+00
1.50E-02     0.000E+00     1.000E+00
1.60E-02     0.000E+00     1.000E+00
1.80E-02     0.000E+00     1.000E+00
2.00E-02     0.000E+00     1.000E+00
2.50E-02     0.000E+00     1.000E+00
3.00E-02     0.000E+00     1.000E+00
4.00E-02     0.000E+00     1.000E+00
5.00E-02     0.000E+00     1.000E+00
6.00E-02     0.000E+00     1.000E+00
7.00E-02     0.000E+00     1.000E+00
8.00E-02     0.000E+00     1.000E+00
9.00E-02     0.000E+00     1.000E+00
1.00E-01     0.000E+00     1.000E+00
1.10E-01     0.000E+00     1.000E+00
1.20E-01     0.000E+00     1.000E+00
1.30E-01     0.000E+00     1.000E+00
1.40E-01     0.000E+00     1.000E+00
1.50E-01     0.000E+00     1.000E+00
1.60E-01     0.000E+00     1.000E+00
1.80E-01     0.000E+00     1.000E+00
2.00E-01     0.000E+00     1.000E+00
2.50E-01     1.183E-46     1.000E+01
3.00E-01     2.936E-41     1.000E+01
3.50E-01     8.136E-38     1.000E+01
4.00E-01     2.254E-34     1.000E+01
4.50E-01     3.922E-32     1.000E+01
5.00E-01     6.822E-30     1.000E+01
6.00E-01     1.505E-26     1.000E+01
7.00E-01     6.670E-24     1.000E+01
8.00E-01     9.795E-22     1.000E+01
9.00E-01     6.484E-20     1.000E+01
1.00E+00     2.359E-18     1.000E+01
1.25E+00     1.099E-15     1.000E+01
1.50E+00     5.119E-13     1.000E+01
1.75E+00     1.632E-11     1.000E+01
2.00E+00     5.206E-10     1.000E+01
2.50E+00     4.126E-08     1.000E+01
3.00E+00     8.601E-07     1.000E+01
3.50E+00     8.471E-06     1.000E+01
4.00E+00     5.373E-05     1.000E+01
5.00E+00     1.027E-03     1.000E+01
6.00E+00     9.950E-03     1.000E+01
7.00E+00     4.863E-02     1.000E+01
8.00E+00     1.133E-01     1.000E+01
9.00E+00     1.623E-01     1.000E+01
1.00E+01     1.930E-01     1.000E+01
