1     ge63 ga63                            au03w     9.64000e+00      
1.00E-03     4.889E+00     1.058E+00
2.00E-03     4.889E+00     1.058E+00
3.00E-03     4.889E+00     1.058E+00
4.00E-03     4.889E+00     1.058E+00
5.00E-03     4.889E+00     1.058E+00
6.00E-03     4.889E+00     1.058E+00
7.00E-03     4.889E+00     1.058E+00
8.00E-03     4.889E+00     1.058E+00
9.00E-03     4.889E+00     1.058E+00
1.00E-02     4.889E+00     1.058E+00
1.10E-02     4.889E+00     1.058E+00
1.20E-02     4.889E+00     1.058E+00
1.30E-02     4.889E+00     1.058E+00
1.40E-02     4.889E+00     1.058E+00
1.50E-02     4.889E+00     1.058E+00
1.60E-02     4.889E+00     1.058E+00
1.80E-02     4.889E+00     1.058E+00
2.00E-02     4.889E+00     1.058E+00
2.50E-02     4.889E+00     1.058E+00
3.00E-02     4.889E+00     1.058E+00
4.00E-02     4.889E+00     1.058E+00
5.00E-02     4.889E+00     1.058E+00
6.00E-02     4.889E+00     1.058E+00
7.00E-02     4.889E+00     1.058E+00
8.00E-02     4.889E+00     1.058E+00
9.00E-02     4.889E+00     1.058E+00
1.00E-01     4.889E+00     1.058E+00
1.10E-01     4.889E+00     1.058E+00
1.20E-01     4.889E+00     1.058E+00
1.30E-01     4.889E+00     1.058E+00
1.40E-01     4.889E+00     1.058E+00
1.50E-01     4.889E+00     1.058E+00
1.60E-01     4.889E+00     1.058E+00
1.80E-01     4.889E+00     1.058E+00
2.00E-01     4.889E+00     1.058E+00
2.50E-01     4.889E+00     1.058E+00
3.00E-01     4.889E+00     1.058E+00
3.50E-01     4.889E+00     1.058E+00
4.00E-01     4.889E+00     1.058E+00
4.50E-01     4.889E+00     1.058E+00
5.00E-01     4.889E+00     1.058E+00
6.00E-01     4.889E+00     1.058E+00
7.00E-01     4.889E+00     1.058E+00
8.00E-01     4.889E+00     1.058E+00
9.00E-01     4.889E+00     1.058E+00
1.00E+00     4.889E+00     1.058E+00
1.25E+00     4.889E+00     1.058E+00
1.50E+00     4.889E+00     1.058E+00
1.75E+00     4.889E+00     1.058E+00
2.00E+00     4.889E+00     1.058E+00
2.50E+00     4.889E+00     1.058E+00
3.00E+00     4.889E+00     1.058E+00
3.50E+00     4.889E+00     1.058E+00
4.00E+00     4.889E+00     1.058E+00
5.00E+00     4.889E+00     1.058E+00
6.00E+00     4.889E+00     1.058E+00
7.00E+00     4.889E+00     1.058E+00
8.00E+00     4.889E+00     1.058E+00
9.00E+00     4.889E+00     1.058E+00
1.00E+01     4.889E+00     1.058E+00
