4        n ge61 ge62                       taly      1.62410E+01      
1.00E-03     2.853E+03     1.000E+01
2.00E-03     2.869E+03     1.000E+01
3.00E-03     2.886E+03     1.000E+01
4.00E-03     2.902E+03     1.000E+01
5.00E-03     2.919E+03     1.000E+01
6.00E-03     2.898E+03     1.000E+01
7.00E-03     2.877E+03     1.000E+01
8.00E-03     2.856E+03     1.000E+01
9.00E-03     2.835E+03     1.000E+01
1.00E-02     2.815E+03     1.000E+01
1.10E-02     2.811E+03     1.000E+01
1.20E-02     2.808E+03     1.000E+01
1.30E-02     2.805E+03     1.000E+01
1.40E-02     2.802E+03     1.000E+01
1.50E-02     2.798E+03     1.000E+01
1.60E-02     2.795E+03     1.000E+01
1.80E-02     2.788E+03     1.000E+01
2.00E-02     2.782E+03     1.000E+01
2.50E-02     2.766E+03     1.000E+01
3.00E-02     2.749E+03     1.000E+01
4.00E-02     2.717E+03     1.000E+01
5.00E-02     2.684E+03     1.000E+01
6.00E-02     2.669E+03     1.000E+01
7.00E-02     2.655E+03     1.000E+01
8.00E-02     2.640E+03     1.000E+01
9.00E-02     2.626E+03     1.000E+01
1.00E-01     2.611E+03     1.000E+01
1.10E-01     2.601E+03     1.000E+01
1.20E-01     2.592E+03     1.000E+01
1.30E-01     2.582E+03     1.000E+01
1.40E-01     2.572E+03     1.000E+01
1.50E-01     2.562E+03     1.000E+01
1.60E-01     2.555E+03     1.000E+01
1.80E-01     2.542E+03     1.000E+01
2.00E-01     2.529E+03     1.000E+01
2.50E-01     2.503E+03     1.000E+01
3.00E-01     2.481E+03     1.000E+01
3.50E-01     2.460E+03     1.000E+01
4.00E-01     2.439E+03     1.000E+01
4.50E-01     2.415E+03     1.000E+01
5.00E-01     2.392E+03     1.000E+01
6.00E-01     2.317E+03     1.000E+01
7.00E-01     2.169E+03     1.000E+01
8.00E-01     1.914E+03     1.000E+01
9.00E-01     1.579E+03     1.000E+01
1.00E+00     1.237E+03     1.000E+01
1.25E+00     8.490E+02     1.000E+01
1.50E+00     4.609E+02     1.000E+01
1.75E+00     4.399E+02     1.000E+01
2.00E+00     4.190E+02     1.000E+01
2.50E+00     4.739E+02     1.000E+01
3.00E+00     5.224E+02     1.000E+01
3.50E+00     5.505E+02     1.000E+01
4.00E+00     5.603E+02     1.000E+01
5.00E+00     5.438E+02     1.000E+01
6.00E+00     5.028E+02     1.000E+01
7.00E+00     4.528E+02     1.000E+01
8.00E+00     4.004E+02     1.000E+01
9.00E+00     3.482E+02     1.000E+01
1.00E+01     2.974E+02     1.000E+01
