4        n ge66 ge67                       taly      9.12200E+00      
1.00E-03     1.643E+07     1.000E+01
2.00E-03     1.579E+07     1.000E+01
3.00E-03     1.516E+07     1.000E+01
4.00E-03     1.453E+07     1.000E+01
5.00E-03     1.390E+07     1.000E+01
6.00E-03     1.357E+07     1.000E+01
7.00E-03     1.324E+07     1.000E+01
8.00E-03     1.291E+07     1.000E+01
9.00E-03     1.259E+07     1.000E+01
1.00E-02     1.226E+07     1.000E+01
1.10E-02     1.219E+07     1.000E+01
1.20E-02     1.212E+07     1.000E+01
1.30E-02     1.205E+07     1.000E+01
1.40E-02     1.199E+07     1.000E+01
1.50E-02     1.192E+07     1.000E+01
1.60E-02     1.185E+07     1.000E+01
1.80E-02     1.171E+07     1.000E+01
2.00E-02     1.158E+07     1.000E+01
2.50E-02     1.124E+07     1.000E+01
3.00E-02     1.090E+07     1.000E+01
4.00E-02     1.022E+07     1.000E+01
5.00E-02     9.540E+06     1.000E+01
6.00E-02     9.437E+06     1.000E+01
7.00E-02     9.335E+06     1.000E+01
8.00E-02     9.233E+06     1.000E+01
9.00E-02     9.130E+06     1.000E+01
1.00E-01     9.028E+06     1.000E+01
1.10E-01     9.017E+06     1.000E+01
1.20E-01     9.006E+06     1.000E+01
1.30E-01     8.996E+06     1.000E+01
1.40E-01     8.985E+06     1.000E+01
1.50E-01     8.974E+06     1.000E+01
1.60E-01     8.993E+06     1.000E+01
1.80E-01     9.030E+06     1.000E+01
2.00E-01     9.068E+06     1.000E+01
2.50E-01     9.210E+06     1.000E+01
3.00E-01     9.358E+06     1.000E+01
3.50E-01     9.490E+06     1.000E+01
4.00E-01     9.621E+06     1.000E+01
4.50E-01     9.729E+06     1.000E+01
5.00E-01     9.837E+06     1.000E+01
6.00E-01     1.002E+07     1.000E+01
7.00E-01     1.018E+07     1.000E+01
8.00E-01     1.033E+07     1.000E+01
9.00E-01     1.047E+07     1.000E+01
1.00E+00     1.060E+07     1.000E+01
1.25E+00     1.087E+07     1.000E+01
1.50E+00     1.113E+07     1.000E+01
1.75E+00     1.131E+07     1.000E+01
2.00E+00     1.148E+07     1.000E+01
2.50E+00     1.162E+07     1.000E+01
3.00E+00     1.157E+07     1.000E+01
3.50E+00     1.135E+07     1.000E+01
4.00E+00     1.101E+07     1.000E+01
5.00E+00     1.007E+07     1.000E+01
6.00E+00     8.814E+06     1.000E+01
7.00E+00     6.976E+06     1.000E+01
8.00E+00     4.629E+06     1.000E+01
9.00E+00     2.597E+06     1.000E+01
1.00E+01     1.356E+06     1.000E+01
