5        n ge62    p ga62                  taly      1.08690E+01      
1.00E-03     1.187E+08     1.000E+01
2.00E-03     1.194E+08     1.000E+01
3.00E-03     1.202E+08     1.000E+01
4.00E-03     1.209E+08     1.000E+01
5.00E-03     1.216E+08     1.000E+01
6.00E-03     1.207E+08     1.000E+01
7.00E-03     1.199E+08     1.000E+01
8.00E-03     1.191E+08     1.000E+01
9.00E-03     1.182E+08     1.000E+01
1.00E-02     1.174E+08     1.000E+01
1.10E-02     1.173E+08     1.000E+01
1.20E-02     1.172E+08     1.000E+01
1.30E-02     1.170E+08     1.000E+01
1.40E-02     1.169E+08     1.000E+01
1.50E-02     1.168E+08     1.000E+01
1.60E-02     1.167E+08     1.000E+01
1.80E-02     1.165E+08     1.000E+01
2.00E-02     1.162E+08     1.000E+01
2.50E-02     1.157E+08     1.000E+01
3.00E-02     1.151E+08     1.000E+01
4.00E-02     1.140E+08     1.000E+01
5.00E-02     1.129E+08     1.000E+01
6.00E-02     1.125E+08     1.000E+01
7.00E-02     1.121E+08     1.000E+01
8.00E-02     1.117E+08     1.000E+01
9.00E-02     1.113E+08     1.000E+01
1.00E-01     1.110E+08     1.000E+01
1.10E-01     1.108E+08     1.000E+01
1.20E-01     1.106E+08     1.000E+01
1.30E-01     1.104E+08     1.000E+01
1.40E-01     1.102E+08     1.000E+01
1.50E-01     1.100E+08     1.000E+01
1.60E-01     1.099E+08     1.000E+01
1.80E-01     1.098E+08     1.000E+01
2.00E-01     1.097E+08     1.000E+01
2.50E-01     1.097E+08     1.000E+01
3.00E-01     1.098E+08     1.000E+01
3.50E-01     1.099E+08     1.000E+01
4.00E-01     1.099E+08     1.000E+01
4.50E-01     1.100E+08     1.000E+01
5.00E-01     1.100E+08     1.000E+01
6.00E-01     1.102E+08     1.000E+01
7.00E-01     1.105E+08     1.000E+01
8.00E-01     1.108E+08     1.000E+01
9.00E-01     1.112E+08     1.000E+01
1.00E+00     1.118E+08     1.000E+01
1.25E+00     1.133E+08     1.000E+01
1.50E+00     1.149E+08     1.000E+01
1.75E+00     1.163E+08     1.000E+01
2.00E+00     1.177E+08     1.000E+01
2.50E+00     1.190E+08     1.000E+01
3.00E+00     1.152E+08     1.000E+01
3.50E+00     9.787E+07     1.000E+01
4.00E+00     6.655E+07     1.000E+01
5.00E+00     2.147E+07     1.000E+01
6.00E+00     8.225E+06     1.000E+01
7.00E+00     4.210E+06     1.000E+01
8.00E+00     2.602E+06     1.000E+01
9.00E+00     1.785E+06     1.000E+01
1.00E+01     1.292E+06     1.000E+01
