4        n ge60 ge61                       taly      1.41910E+01      
1.00E-03     5.233E+03     1.000E+01
2.00E-03     5.263E+03     1.000E+01
3.00E-03     5.293E+03     1.000E+01
4.00E-03     5.322E+03     1.000E+01
5.00E-03     5.352E+03     1.000E+01
6.00E-03     5.314E+03     1.000E+01
7.00E-03     5.275E+03     1.000E+01
8.00E-03     5.237E+03     1.000E+01
9.00E-03     5.199E+03     1.000E+01
1.00E-02     5.160E+03     1.000E+01
1.10E-02     5.154E+03     1.000E+01
1.20E-02     5.148E+03     1.000E+01
1.30E-02     5.142E+03     1.000E+01
1.40E-02     5.136E+03     1.000E+01
1.50E-02     5.130E+03     1.000E+01
1.60E-02     5.124E+03     1.000E+01
1.80E-02     5.112E+03     1.000E+01
2.00E-02     5.100E+03     1.000E+01
2.50E-02     5.069E+03     1.000E+01
3.00E-02     5.039E+03     1.000E+01
4.00E-02     4.978E+03     1.000E+01
5.00E-02     4.918E+03     1.000E+01
6.00E-02     4.891E+03     1.000E+01
7.00E-02     4.865E+03     1.000E+01
8.00E-02     4.838E+03     1.000E+01
9.00E-02     4.812E+03     1.000E+01
1.00E-01     4.785E+03     1.000E+01
1.10E-01     4.767E+03     1.000E+01
1.20E-01     4.749E+03     1.000E+01
1.30E-01     4.732E+03     1.000E+01
1.40E-01     4.714E+03     1.000E+01
1.50E-01     4.696E+03     1.000E+01
1.60E-01     4.684E+03     1.000E+01
1.80E-01     4.660E+03     1.000E+01
2.00E-01     4.636E+03     1.000E+01
2.50E-01     4.592E+03     1.000E+01
3.00E-01     4.554E+03     1.000E+01
3.50E-01     4.518E+03     1.000E+01
4.00E-01     4.481E+03     1.000E+01
4.50E-01     4.445E+03     1.000E+01
5.00E-01     4.409E+03     1.000E+01
6.00E-01     4.325E+03     1.000E+01
7.00E-01     4.205E+03     1.000E+01
8.00E-01     4.013E+03     1.000E+01
9.00E-01     3.731E+03     1.000E+01
1.00E+00     3.372E+03     1.000E+01
1.25E+00     2.573E+03     1.000E+01
1.50E+00     1.774E+03     1.000E+01
1.75E+00     1.552E+03     1.000E+01
2.00E+00     1.330E+03     1.000E+01
2.50E+00     1.288E+03     1.000E+01
3.00E+00     1.303E+03     1.000E+01
3.50E+00     1.302E+03     1.000E+01
4.00E+00     1.279E+03     1.000E+01
5.00E+00     1.193E+03     1.000E+01
6.00E+00     1.088E+03     1.000E+01
7.00E+00     9.807E+02     1.000E+01
8.00E+00     8.746E+02     1.000E+01
9.00E+00     7.692E+02     1.000E+01
1.00E+01     6.645E+02     1.000E+01
