5        n ge61    p ga61                  taly      1.41880E+01      
1.00E-03     5.161E+05     1.000E+01
2.00E-03     5.191E+05     1.000E+01
3.00E-03     5.222E+05     1.000E+01
4.00E-03     5.253E+05     1.000E+01
5.00E-03     5.284E+05     1.000E+01
6.00E-03     5.247E+05     1.000E+01
7.00E-03     5.210E+05     1.000E+01
8.00E-03     5.173E+05     1.000E+01
9.00E-03     5.137E+05     1.000E+01
1.00E-02     5.101E+05     1.000E+01
1.10E-02     5.096E+05     1.000E+01
1.20E-02     5.091E+05     1.000E+01
1.30E-02     5.086E+05     1.000E+01
1.40E-02     5.081E+05     1.000E+01
1.50E-02     5.076E+05     1.000E+01
1.60E-02     5.071E+05     1.000E+01
1.80E-02     5.061E+05     1.000E+01
2.00E-02     5.051E+05     1.000E+01
2.50E-02     5.027E+05     1.000E+01
3.00E-02     5.003E+05     1.000E+01
4.00E-02     4.954E+05     1.000E+01
5.00E-02     4.906E+05     1.000E+01
6.00E-02     4.890E+05     1.000E+01
7.00E-02     4.874E+05     1.000E+01
8.00E-02     4.858E+05     1.000E+01
9.00E-02     4.842E+05     1.000E+01
1.00E-01     4.826E+05     1.000E+01
1.10E-01     4.818E+05     1.000E+01
1.20E-01     4.811E+05     1.000E+01
1.30E-01     4.803E+05     1.000E+01
1.40E-01     4.795E+05     1.000E+01
1.50E-01     4.787E+05     1.000E+01
1.60E-01     4.785E+05     1.000E+01
1.80E-01     4.781E+05     1.000E+01
2.00E-01     4.777E+05     1.000E+01
2.50E-01     4.781E+05     1.000E+01
3.00E-01     4.789E+05     1.000E+01
3.50E-01     4.795E+05     1.000E+01
4.00E-01     4.800E+05     1.000E+01
4.50E-01     4.797E+05     1.000E+01
5.00E-01     4.794E+05     1.000E+01
6.00E-01     4.725E+05     1.000E+01
7.00E-01     4.496E+05     1.000E+01
8.00E-01     4.028E+05     1.000E+01
9.00E-01     3.364E+05     1.000E+01
1.00E+00     2.657E+05     1.000E+01
1.25E+00     1.510E+05     1.000E+01
1.50E+00     8.582E+04     1.000E+01
1.75E+00     6.966E+04     1.000E+01
2.00E+00     5.655E+04     1.000E+01
2.50E+00     5.241E+04     1.000E+01
3.00E+00     5.194E+04     1.000E+01
3.50E+00     5.129E+04     1.000E+01
4.00E+00     4.987E+04     1.000E+01
5.00E+00     4.533E+04     1.000E+01
6.00E+00     3.986E+04     1.000E+01
7.00E+00     3.439E+04     1.000E+01
8.00E+00     2.927E+04     1.000E+01
9.00E+00     2.459E+04     1.000E+01
1.00E+01     2.034E+04     1.000E+01
