5        n ge60  he4 zn57                  taly      1.05830E+01      
1.00E-03     3.880E+05     1.000E+01
2.00E-03     3.903E+05     1.000E+01
3.00E-03     3.927E+05     1.000E+01
4.00E-03     3.951E+05     1.000E+01
5.00E-03     3.975E+05     1.000E+01
6.00E-03     3.948E+05     1.000E+01
7.00E-03     3.920E+05     1.000E+01
8.00E-03     3.893E+05     1.000E+01
9.00E-03     3.867E+05     1.000E+01
1.00E-02     3.840E+05     1.000E+01
1.10E-02     3.837E+05     1.000E+01
1.20E-02     3.834E+05     1.000E+01
1.30E-02     3.831E+05     1.000E+01
1.40E-02     3.828E+05     1.000E+01
1.50E-02     3.825E+05     1.000E+01
1.60E-02     3.822E+05     1.000E+01
1.80E-02     3.817E+05     1.000E+01
2.00E-02     3.811E+05     1.000E+01
2.50E-02     3.796E+05     1.000E+01
3.00E-02     3.782E+05     1.000E+01
4.00E-02     3.753E+05     1.000E+01
5.00E-02     3.725E+05     1.000E+01
6.00E-02     3.721E+05     1.000E+01
7.00E-02     3.716E+05     1.000E+01
8.00E-02     3.712E+05     1.000E+01
9.00E-02     3.708E+05     1.000E+01
1.00E-01     3.704E+05     1.000E+01
1.10E-01     3.707E+05     1.000E+01
1.20E-01     3.709E+05     1.000E+01
1.30E-01     3.711E+05     1.000E+01
1.40E-01     3.714E+05     1.000E+01
1.50E-01     3.716E+05     1.000E+01
1.60E-01     3.724E+05     1.000E+01
1.80E-01     3.738E+05     1.000E+01
2.00E-01     3.752E+05     1.000E+01
2.50E-01     3.800E+05     1.000E+01
3.00E-01     3.849E+05     1.000E+01
3.50E-01     3.898E+05     1.000E+01
4.00E-01     3.947E+05     1.000E+01
4.50E-01     3.993E+05     1.000E+01
5.00E-01     4.040E+05     1.000E+01
6.00E-01     4.120E+05     1.000E+01
7.00E-01     4.162E+05     1.000E+01
8.00E-01     4.132E+05     1.000E+01
9.00E-01     4.010E+05     1.000E+01
1.00E+00     3.812E+05     1.000E+01
1.25E+00     3.510E+05     1.000E+01
1.50E+00     3.232E+05     1.000E+01
1.75E+00     3.588E+05     1.000E+01
2.00E+00     3.984E+05     1.000E+01
2.50E+00     4.846E+05     1.000E+01
3.00E+00     5.378E+05     1.000E+01
3.50E+00     5.588E+05     1.000E+01
4.00E+00     5.573E+05     1.000E+01
5.00E+00     5.192E+05     1.000E+01
6.00E+00     4.638E+05     1.000E+01
7.00E+00     4.053E+05     1.000E+01
8.00E+00     3.483E+05     1.000E+01
9.00E+00     2.941E+05     1.000E+01
1.00E+01     2.434E+05     1.000E+01
