4      he4 ag99in103                       taly      3.43000E-01      
1.00E-03     0.000E+00     1.000E+00
2.00E-03     0.000E+00     1.000E+00
3.00E-03     0.000E+00     1.000E+00
4.00E-03     0.000E+00     1.000E+00
5.00E-03     0.000E+00     1.000E+00
6.00E-03     0.000E+00     1.000E+00
7.00E-03     0.000E+00     1.000E+00
8.00E-03     0.000E+00     1.000E+00
9.00E-03     0.000E+00     1.000E+00
1.00E-02     0.000E+00     1.000E+00
1.10E-02     0.000E+00     1.000E+00
1.20E-02     0.000E+00     1.000E+00
1.30E-02     0.000E+00     1.000E+00
1.40E-02     0.000E+00     1.000E+00
1.50E-02     0.000E+00     1.000E+00
1.60E-02     0.000E+00     1.000E+00
1.80E-02     0.000E+00     1.000E+00
2.00E-02     0.000E+00     1.000E+00
2.50E-02     0.000E+00     1.000E+00
3.00E-02     0.000E+00     1.000E+00
4.00E-02     0.000E+00     1.000E+00
5.00E-02     0.000E+00     1.000E+00
6.00E-02     0.000E+00     1.000E+00
7.00E-02     0.000E+00     1.000E+00
8.00E-02     0.000E+00     1.000E+00
9.00E-02     0.000E+00     1.000E+00
1.00E-01     0.000E+00     1.000E+00
1.10E-01     0.000E+00     1.000E+00
1.20E-01     0.000E+00     1.000E+00
1.30E-01     0.000E+00     1.000E+00
1.40E-01     0.000E+00     1.000E+00
1.50E-01     0.000E+00     1.000E+00
1.60E-01     0.000E+00     1.000E+00
1.80E-01     0.000E+00     1.000E+00
2.00E-01     0.000E+00     1.000E+00
2.50E-01     0.000E+00     1.000E+00
3.00E-01     0.000E+00     1.000E+00
3.50E-01     0.000E+00     1.000E+00
4.00E-01     0.000E+00     1.000E+00
4.50E-01     3.707E-71     1.000E+01
5.00E-01     1.374E-42     1.000E+01
6.00E-01     8.258E-38     1.000E+01
7.00E-01     3.306E-34     1.000E+01
8.00E-01     2.599E-31     1.000E+01
9.00E-01     6.784E-29     1.000E+01
1.00E+00     7.869E-27     1.000E+01
1.25E+00     2.840E-23     1.000E+01
1.50E+00     1.025E-19     1.000E+01
1.75E+00     1.399E-17     1.000E+01
2.00E+00     1.909E-15     1.000E+01
2.50E+00     1.538E-12     1.000E+01
3.00E+00     2.054E-10     1.000E+01
3.50E+00     8.879E-09     1.000E+01
4.00E+00     1.809E-07     1.000E+01
5.00E+00     1.760E-05     1.000E+01
6.00E+00     4.940E-04     1.000E+01
7.00E+00     5.582E-03     1.000E+01
8.00E+00     2.479E-02     1.000E+01
9.00E+00     5.145E-02     1.000E+01
1.00E+01     7.675E-02     1.000E+01
