4      he4 ag98in102                       taly      5.30000E-02      
1.00E-03     0.000E+00     1.000E+00
2.00E-03     0.000E+00     1.000E+00
3.00E-03     0.000E+00     1.000E+00
4.00E-03     0.000E+00     1.000E+00
5.00E-03     0.000E+00     1.000E+00
6.00E-03     0.000E+00     1.000E+00
7.00E-03     0.000E+00     1.000E+00
8.00E-03     0.000E+00     1.000E+00
9.00E-03     0.000E+00     1.000E+00
1.00E-02     0.000E+00     1.000E+00
1.10E-02     0.000E+00     1.000E+00
1.20E-02     0.000E+00     1.000E+00
1.30E-02     0.000E+00     1.000E+00
1.40E-02     0.000E+00     1.000E+00
1.50E-02     0.000E+00     1.000E+00
1.60E-02     0.000E+00     1.000E+00
1.80E-02     0.000E+00     1.000E+00
2.00E-02     0.000E+00     1.000E+00
2.50E-02     0.000E+00     1.000E+00
3.00E-02     0.000E+00     1.000E+00
4.00E-02     0.000E+00     1.000E+00
5.00E-02     0.000E+00     1.000E+00
6.00E-02     0.000E+00     1.000E+00
7.00E-02     0.000E+00     1.000E+00
8.00E-02     0.000E+00     1.000E+00
9.00E-02     0.000E+00     1.000E+00
1.00E-01     0.000E+00     1.000E+00
1.10E-01     0.000E+00     1.000E+00
1.20E-01     0.000E+00     1.000E+00
1.30E-01     0.000E+00     1.000E+00
1.40E-01     0.000E+00     1.000E+00
1.50E-01     0.000E+00     1.000E+00
1.60E-01     0.000E+00     1.000E+00
1.80E-01     0.000E+00     1.000E+00
2.00E-01     0.000E+00     1.000E+00
2.50E-01     0.000E+00     1.000E+00
3.00E-01     0.000E+00     1.000E+00
3.50E-01     0.000E+00     1.000E+00
4.00E-01     0.000E+00     1.000E+00
4.50E-01     2.463E-71     1.000E+01
5.00E-01     6.068E-43     1.000E+01
6.00E-01     4.194E-38     1.000E+01
7.00E-01     1.918E-34     1.000E+01
8.00E-01     1.706E-31     1.000E+01
9.00E-01     5.178E-29     1.000E+01
1.00E+00     7.031E-27     1.000E+01
1.25E+00     2.740E-23     1.000E+01
1.50E+00     1.068E-19     1.000E+01
1.75E+00     1.293E-17     1.000E+01
2.00E+00     1.564E-15     1.000E+01
2.50E+00     9.963E-13     1.000E+01
3.00E+00     1.106E-10     1.000E+01
3.50E+00     4.207E-09     1.000E+01
4.00E+00     7.894E-08     1.000E+01
5.00E+00     6.639E-06     1.000E+01
6.00E+00     1.225E-04     1.000E+01
7.00E+00     7.072E-04     1.000E+01
8.00E+00     2.269E-03     1.000E+01
9.00E+00     5.750E-03     1.000E+01
1.00E+01     1.309E-02     1.000E+01
