4        pcd101in102                       taly      2.14700E+00      
1.00E-03     0.000E+00     1.000E+00
2.00E-03     0.000E+00     1.000E+00
3.00E-03     0.000E+00     1.000E+00
4.00E-03     0.000E+00     1.000E+00
5.00E-03     0.000E+00     1.000E+00
6.00E-03     0.000E+00     1.000E+00
7.00E-03     0.000E+00     1.000E+00
8.00E-03     0.000E+00     1.000E+00
9.00E-03     0.000E+00     1.000E+00
1.00E-02     0.000E+00     1.000E+00
1.10E-02     0.000E+00     1.000E+00
1.20E-02     0.000E+00     1.000E+00
1.30E-02     0.000E+00     1.000E+00
1.40E-02     0.000E+00     1.000E+00
1.50E-02     0.000E+00     1.000E+00
1.60E-02     0.000E+00     1.000E+00
1.80E-02     0.000E+00     1.000E+00
2.00E-02     0.000E+00     1.000E+00
2.50E-02     0.000E+00     1.000E+00
3.00E-02     0.000E+00     1.000E+00
4.00E-02     0.000E+00     1.000E+00
5.00E-02     0.000E+00     1.000E+00
6.00E-02     1.698E-86     1.000E+01
7.00E-02     2.884E-73     1.000E+01
8.00E-02     4.897E-60     1.000E+01
9.00E-02     8.316E-47     1.000E+01
1.00E-01     1.412E-33     1.000E+01
1.10E-01     3.446E-32     1.000E+01
1.20E-01     8.407E-31     1.000E+01
1.30E-01     2.051E-29     1.000E+01
1.40E-01     5.005E-28     1.000E+01
1.50E-01     1.221E-26     1.000E+01
1.60E-01     8.124E-26     1.000E+01
1.80E-01     3.595E-24     1.000E+01
2.00E-01     1.590E-22     1.000E+01
2.50E-01     1.282E-19     1.000E+01
3.00E-01     2.088E-17     1.000E+01
3.50E-01     8.453E-16     1.000E+01
4.00E-01     3.422E-14     1.000E+01
4.50E-01     4.708E-13     1.000E+01
5.00E-01     6.476E-12     1.000E+01
6.00E-01     3.468E-10     1.000E+01
7.00E-01     8.183E-09     1.000E+01
8.00E-01     1.091E-07     1.000E+01
9.00E-01     9.583E-07     1.000E+01
1.00E+00     6.112E-06     1.000E+01
1.25E+00     1.423E-04     1.000E+01
1.50E+00     3.314E-03     1.000E+01
1.75E+00     2.076E-02     1.000E+01
2.00E+00     1.300E-01     1.000E+01
2.50E+00     1.492E+00     1.000E+01
3.00E+00     8.722E+00     1.000E+01
3.50E+00     3.387E+01     1.000E+01
4.00E+00     1.006E+02     1.000E+01
5.00E+00     5.186E+02     1.000E+01
6.00E+00     1.369E+03     1.000E+01
7.00E+00     1.705E+03     1.000E+01
8.00E+00     1.449E+03     1.000E+01
9.00E+00     1.169E+03     1.000E+01
1.00E+01     9.796E+02     1.000E+01
