4      he4 ag97in101                       taly      2.13000E-01      
1.00E-03     0.000E+00     1.000E+00
2.00E-03     0.000E+00     1.000E+00
3.00E-03     0.000E+00     1.000E+00
4.00E-03     0.000E+00     1.000E+00
5.00E-03     0.000E+00     1.000E+00
6.00E-03     0.000E+00     1.000E+00
7.00E-03     0.000E+00     1.000E+00
8.00E-03     0.000E+00     1.000E+00
9.00E-03     0.000E+00     1.000E+00
1.00E-02     0.000E+00     1.000E+00
1.10E-02     0.000E+00     1.000E+00
1.20E-02     0.000E+00     1.000E+00
1.30E-02     0.000E+00     1.000E+00
1.40E-02     0.000E+00     1.000E+00
1.50E-02     0.000E+00     1.000E+00
1.60E-02     0.000E+00     1.000E+00
1.80E-02     0.000E+00     1.000E+00
2.00E-02     0.000E+00     1.000E+00
2.50E-02     0.000E+00     1.000E+00
3.00E-02     0.000E+00     1.000E+00
4.00E-02     0.000E+00     1.000E+00
5.00E-02     0.000E+00     1.000E+00
6.00E-02     0.000E+00     1.000E+00
7.00E-02     0.000E+00     1.000E+00
8.00E-02     0.000E+00     1.000E+00
9.00E-02     0.000E+00     1.000E+00
1.00E-01     0.000E+00     1.000E+00
1.10E-01     0.000E+00     1.000E+00
1.20E-01     0.000E+00     1.000E+00
1.30E-01     0.000E+00     1.000E+00
1.40E-01     0.000E+00     1.000E+00
1.50E-01     0.000E+00     1.000E+00
1.60E-01     0.000E+00     1.000E+00
1.80E-01     0.000E+00     1.000E+00
2.00E-01     0.000E+00     1.000E+00
2.50E-01     0.000E+00     1.000E+00
3.00E-01     0.000E+00     1.000E+00
3.50E-01     0.000E+00     1.000E+00
4.00E-01     0.000E+00     1.000E+00
4.50E-01     5.153E-72     1.000E+01
5.00E-01     2.655E-44     1.000E+01
6.00E-01     3.614E-39     1.000E+01
7.00E-01     2.229E-35     1.000E+01
8.00E-01     2.223E-32     1.000E+01
9.00E-01     6.884E-30     1.000E+01
1.00E+00     9.324E-28     1.000E+01
1.25E+00     4.233E-24     1.000E+01
1.50E+00     1.922E-20     1.000E+01
1.75E+00     2.450E-18     1.000E+01
2.00E+00     3.124E-16     1.000E+01
2.50E+00     1.644E-13     1.000E+01
3.00E+00     1.378E-11     1.000E+01
3.50E+00     3.980E-10     1.000E+01
4.00E+00     5.944E-09     1.000E+01
5.00E+00     4.012E-07     1.000E+01
6.00E+00     9.647E-06     1.000E+01
7.00E+00     1.078E-04     1.000E+01
8.00E+00     5.823E-04     1.000E+01
9.00E+00     1.591E-03     1.000E+01
1.00E+01     2.827E-03     1.000E+01
