5        pin100  he4 cd97                  taly      1.00500E+00      
1.00E-03     0.000E+00     1.000E+00
2.00E-03     0.000E+00     1.000E+00
3.00E-03     0.000E+00     1.000E+00
4.00E-03     0.000E+00     1.000E+00
5.00E-03     0.000E+00     1.000E+00
6.00E-03     0.000E+00     1.000E+00
7.00E-03     0.000E+00     1.000E+00
8.00E-03     0.000E+00     1.000E+00
9.00E-03     0.000E+00     1.000E+00
1.00E-02     0.000E+00     1.000E+00
1.10E-02     0.000E+00     1.000E+00
1.20E-02     0.000E+00     1.000E+00
1.30E-02     0.000E+00     1.000E+00
1.40E-02     0.000E+00     1.000E+00
1.50E-02     0.000E+00     1.000E+00
1.60E-02     0.000E+00     1.000E+00
1.80E-02     0.000E+00     1.000E+00
2.00E-02     0.000E+00     1.000E+00
2.50E-02     0.000E+00     1.000E+00
3.00E-02     0.000E+00     1.000E+00
4.00E-02     0.000E+00     1.000E+00
5.00E-02     0.000E+00     1.000E+00
6.00E-02     1.839E-87     1.000E+01
7.00E-02     3.380E-75     1.000E+01
8.00E-02     6.215E-63     1.000E+01
9.00E-02     1.143E-50     1.000E+01
1.00E-01     2.101E-38     1.000E+01
1.10E-01     3.989E-37     1.000E+01
1.20E-01     7.575E-36     1.000E+01
1.30E-01     1.438E-34     1.000E+01
1.40E-01     2.732E-33     1.000E+01
1.50E-01     5.187E-32     1.000E+01
1.60E-01     2.226E-31     1.000E+01
1.80E-01     4.099E-30     1.000E+01
2.00E-01     7.548E-29     1.000E+01
2.50E-01     5.754E-27     1.000E+01
3.00E-01     1.014E-25     1.000E+01
3.50E-01     6.005E-25     1.000E+01
4.00E-01     3.556E-24     1.000E+01
4.50E-01     1.023E-23     1.000E+01
5.00E-01     2.941E-23     1.000E+01
6.00E-01     1.188E-22     1.000E+01
7.00E-01     3.198E-22     1.000E+01
8.00E-01     6.689E-22     1.000E+01
9.00E-01     1.196E-21     1.000E+01
1.00E+00     2.483E-21     1.000E+01
1.25E+00     1.091E-18     1.000E+01
1.50E+00     4.792E-16     1.000E+01
1.75E+00     3.662E-14     1.000E+01
2.00E+00     2.799E-12     1.000E+01
2.50E+00     1.449E-09     1.000E+01
3.00E+00     1.768E-07     1.000E+01
3.50E+00     8.366E-06     1.000E+01
4.00E+00     1.849E-04     1.000E+01
5.00E+00     1.304E-02     1.000E+01
6.00E+00     1.993E-01     1.000E+01
7.00E+00     1.495E+00     1.000E+01
8.00E+00     7.322E+00     1.000E+01
9.00E+00     2.654E+01     1.000E+01
1.00E+01     7.620E+01     1.000E+01
