4        p in99sn100                       taly      3.19600E+00      
1.00E-03     0.000E+00     1.000E+00
2.00E-03     0.000E+00     1.000E+00
3.00E-03     0.000E+00     1.000E+00
4.00E-03     0.000E+00     1.000E+00
5.00E-03     0.000E+00     1.000E+00
6.00E-03     0.000E+00     1.000E+00
7.00E-03     0.000E+00     1.000E+00
8.00E-03     0.000E+00     1.000E+00
9.00E-03     0.000E+00     1.000E+00
1.00E-02     0.000E+00     1.000E+00
1.10E-02     0.000E+00     1.000E+00
1.20E-02     0.000E+00     1.000E+00
1.30E-02     0.000E+00     1.000E+00
1.40E-02     0.000E+00     1.000E+00
1.50E-02     0.000E+00     1.000E+00
1.60E-02     0.000E+00     1.000E+00
1.80E-02     0.000E+00     1.000E+00
2.00E-02     0.000E+00     1.000E+00
2.50E-02     0.000E+00     1.000E+00
3.00E-02     0.000E+00     1.000E+00
4.00E-02     0.000E+00     1.000E+00
5.00E-02     0.000E+00     1.000E+00
6.00E-02     1.008E-86     1.000E+01
7.00E-02     1.015E-73     1.000E+01
8.00E-02     1.023E-60     1.000E+01
9.00E-02     1.031E-47     1.000E+01
1.00E-01     1.038E-34     1.000E+01
1.10E-01     2.676E-33     1.000E+01
1.20E-01     6.899E-32     1.000E+01
1.30E-01     1.778E-30     1.000E+01
1.40E-01     4.583E-29     1.000E+01
1.50E-01     1.181E-27     1.000E+01
1.60E-01     8.102E-27     1.000E+01
1.80E-01     3.811E-25     1.000E+01
2.00E-01     1.792E-23     1.000E+01
2.50E-01     1.614E-20     1.000E+01
3.00E-01     2.889E-18     1.000E+01
3.50E-01     1.264E-16     1.000E+01
4.00E-01     5.535E-15     1.000E+01
4.50E-01     7.897E-14     1.000E+01
5.00E-01     1.127E-12     1.000E+01
6.00E-01     5.808E-11     1.000E+01
7.00E-01     1.175E-09     1.000E+01
8.00E-01     1.221E-08     1.000E+01
9.00E-01     7.868E-08     1.000E+01
1.00E+00     3.600E-07     1.000E+01
1.25E+00     4.196E-06     1.000E+01
1.50E+00     4.889E-05     1.000E+01
1.75E+00     2.067E-04     1.000E+01
2.00E+00     8.736E-04     1.000E+01
2.50E+00     6.142E-03     1.000E+01
3.00E+00     2.509E-02     1.000E+01
3.50E+00     7.275E-02     1.000E+01
4.00E+00     1.677E-01     1.000E+01
5.00E+00     5.762E-01     1.000E+01
6.00E+00     1.391E+00     1.000E+01
7.00E+00     2.731E+00     1.000E+01
8.00E+00     4.710E+00     1.000E+01
9.00E+00     7.461E+00     1.000E+01
1.00E+01     1.113E+01     1.000E+01
