5        n in99  he4 ag96                  taly      8.78200E+00      
1.00E-03     3.567E+02     1.000E+01
2.00E-03     3.604E+02     1.000E+01
3.00E-03     3.642E+02     1.000E+01
4.00E-03     3.680E+02     1.000E+01
5.00E-03     3.719E+02     1.000E+01
6.00E-03     3.706E+02     1.000E+01
7.00E-03     3.694E+02     1.000E+01
8.00E-03     3.681E+02     1.000E+01
9.00E-03     3.669E+02     1.000E+01
1.00E-02     3.657E+02     1.000E+01
1.10E-02     3.665E+02     1.000E+01
1.20E-02     3.673E+02     1.000E+01
1.30E-02     3.682E+02     1.000E+01
1.40E-02     3.690E+02     1.000E+01
1.50E-02     3.699E+02     1.000E+01
1.60E-02     3.707E+02     1.000E+01
1.80E-02     3.725E+02     1.000E+01
2.00E-02     3.742E+02     1.000E+01
2.50E-02     3.785E+02     1.000E+01
3.00E-02     3.829E+02     1.000E+01
4.00E-02     3.918E+02     1.000E+01
5.00E-02     4.010E+02     1.000E+01
6.00E-02     4.103E+02     1.000E+01
7.00E-02     4.199E+02     1.000E+01
8.00E-02     4.297E+02     1.000E+01
9.00E-02     4.397E+02     1.000E+01
1.00E-01     4.499E+02     1.000E+01
1.10E-01     4.594E+02     1.000E+01
1.20E-01     4.690E+02     1.000E+01
1.30E-01     4.789E+02     1.000E+01
1.40E-01     4.890E+02     1.000E+01
1.50E-01     4.993E+02     1.000E+01
1.60E-01     5.089E+02     1.000E+01
1.80E-01     5.286E+02     1.000E+01
2.00E-01     5.492E+02     1.000E+01
2.50E-01     5.980E+02     1.000E+01
3.00E-01     6.444E+02     1.000E+01
3.50E-01     6.846E+02     1.000E+01
4.00E-01     7.273E+02     1.000E+01
4.50E-01     7.582E+02     1.000E+01
5.00E-01     7.905E+02     1.000E+01
6.00E-01     8.218E+02     1.000E+01
7.00E-01     8.145E+02     1.000E+01
8.00E-01     7.758E+02     1.000E+01
9.00E-01     7.216E+02     1.000E+01
1.00E+00     6.653E+02     1.000E+01
1.25E+00     5.718E+02     1.000E+01
1.50E+00     4.914E+02     1.000E+01
1.75E+00     4.715E+02     1.000E+01
2.00E+00     4.524E+02     1.000E+01
2.50E+00     4.741E+02     1.000E+01
3.00E+00     5.349E+02     1.000E+01
3.50E+00     6.330E+02     1.000E+01
4.00E+00     7.758E+02     1.000E+01
5.00E+00     1.271E+03     1.000E+01
6.00E+00     2.294E+03     1.000E+01
7.00E+00     4.388E+03     1.000E+01
8.00E+00     8.414E+03     1.000E+01
9.00E+00     1.551E+04     1.000E+01
1.00E+01     2.691E+04     1.000E+01
