4        pcd104in105                       taly      2.96200E+00      
1.00E-03     0.000E+00     1.000E+00
2.00E-03     0.000E+00     1.000E+00
3.00E-03     0.000E+00     1.000E+00
4.00E-03     0.000E+00     1.000E+00
5.00E-03     0.000E+00     1.000E+00
6.00E-03     0.000E+00     1.000E+00
7.00E-03     0.000E+00     1.000E+00
8.00E-03     0.000E+00     1.000E+00
9.00E-03     0.000E+00     1.000E+00
1.00E-02     0.000E+00     1.000E+00
1.10E-02     0.000E+00     1.000E+00
1.20E-02     0.000E+00     1.000E+00
1.30E-02     0.000E+00     1.000E+00
1.40E-02     0.000E+00     1.000E+00
1.50E-02     0.000E+00     1.000E+00
1.60E-02     0.000E+00     1.000E+00
1.80E-02     0.000E+00     1.000E+00
2.00E-02     0.000E+00     1.000E+00
2.50E-02     0.000E+00     1.000E+00
3.00E-02     0.000E+00     1.000E+00
4.00E-02     0.000E+00     1.000E+00
5.00E-02     0.000E+00     1.000E+00
6.00E-02     1.673E-86     1.000E+01
7.00E-02     2.799E-73     1.000E+01
8.00E-02     4.682E-60     1.000E+01
9.00E-02     7.833E-47     1.000E+01
1.00E-01     1.310E-33     1.000E+01
1.10E-01     3.188E-32     1.000E+01
1.20E-01     7.756E-31     1.000E+01
1.30E-01     1.887E-29     1.000E+01
1.40E-01     4.591E-28     1.000E+01
1.50E-01     1.117E-26     1.000E+01
1.60E-01     7.401E-26     1.000E+01
1.80E-01     3.250E-24     1.000E+01
2.00E-01     1.427E-22     1.000E+01
2.50E-01     1.131E-19     1.000E+01
3.00E-01     1.818E-17     1.000E+01
3.50E-01     7.287E-16     1.000E+01
4.00E-01     2.921E-14     1.000E+01
4.50E-01     3.991E-13     1.000E+01
5.00E-01     5.453E-12     1.000E+01
6.00E-01     2.896E-10     1.000E+01
7.00E-01     6.807E-09     1.000E+01
8.00E-01     9.076E-08     1.000E+01
9.00E-01     8.003E-07     1.000E+01
1.00E+00     5.154E-06     1.000E+01
1.25E+00     1.272E-04     1.000E+01
1.50E+00     3.140E-03     1.000E+01
1.75E+00     2.106E-02     1.000E+01
2.00E+00     1.412E-01     1.000E+01
2.50E+00     1.801E+00     1.000E+01
3.00E+00     1.142E+01     1.000E+01
3.50E+00     4.707E+01     1.000E+01
4.00E+00     1.424E+02     1.000E+01
5.00E+00     6.005E+02     1.000E+01
6.00E+00     1.165E+03     1.000E+01
7.00E+00     1.617E+03     1.000E+01
8.00E+00     1.987E+03     1.000E+01
9.00E+00     2.272E+03     1.000E+01
1.00E+01     2.440E+03     1.000E+01
