4        p  k39 ca40                       lo18      8.32817E+00      
1.00E-03     0.000E+00     1.000E+00
2.00E-03     0.000E+00     1.000E+00
3.00E-03     0.000E+00     1.000E+00
4.00E-03     0.000E+00     1.000E+00
5.00E-03     0.000E+00     1.000E+00
6.00E-03     0.000E+00     1.000E+00
7.00E-03     0.000E+00     1.000E+00
8.00E-03     0.000E+00     1.000E+00
9.00E-03     0.000E+00     1.000E+00
1.00E-02     4.232E-46     5.306E+01
1.10E-02     1.792E-44     5.381E+01
1.20E-02     4.465E-43     5.597E+01
1.30E-02     6.719E-42     5.634E+01
1.40E-02     7.244E-41     5.151E+01
1.50E-02     5.723E-40     4.007E+01
1.60E-02     3.674E-39     2.583E+01
1.80E-02     2.724E-37     7.926E+00
2.00E-02     5.300E-35     3.277E+00
2.50E-02     1.918E-30     2.511E+00
3.00E-02     2.519E-27     2.514E+00
4.00E-02     1.947E-23     2.470E+00
5.00E-02     4.791E-21     3.006E+00
6.00E-02     2.316E-19     4.883E+00
7.00E-02     6.017E-18     7.311E+00
8.00E-02     2.027E-16     7.966E+00
9.00E-02     4.784E-15     7.092E+00
1.00E-01     6.723E-14     6.218E+00
1.10E-01     6.344E-13     5.511E+00
1.20E-01     4.433E-12     4.846E+00
1.30E-01     2.523E-11     4.226E+00
1.40E-01     1.260E-10     3.695E+00
1.50E-01     5.586E-10     3.271E+00
1.60E-01     2.176E-09     2.943E+00
1.80E-01     2.307E-08     2.508E+00
2.00E-01     1.588E-07     2.269E+00
2.50E-01     5.555E-06     2.102E+00
3.00E-01     6.294E-05     2.172E+00
3.50E-01     3.998E-04     2.237E+00
4.00E-01     1.850E-03     2.198E+00
4.50E-01     7.043E-03     2.080E+00
5.00E-01     2.284E-02     1.943E+00
6.00E-01     1.587E-01     1.726E+00
7.00E-01     6.847E-01     1.593E+00
8.00E-01     2.099E+00     1.512E+00
9.00E-01     5.067E+00     1.461E+00
1.00E+00     1.035E+01     1.424E+00
1.25E+00     3.864E+01     1.361E+00
1.50E+00     9.819E+01     1.312E+00
1.75E+00     1.994E+02     1.271E+00
2.00E+00     3.498E+02     1.237E+00
2.50E+00     8.131E+02     1.187E+00
3.00E+00     1.496E+03     1.153E+00
3.50E+00     2.396E+03     1.129E+00
4.00E+00     3.493E+03     1.113E+00
5.00E+00     6.166E+03     1.098E+00
6.00E+00     9.112E+03     1.096E+00
7.00E+00     1.189E+04     1.099E+00
8.00E+00     1.408E+04     1.103E+00
9.00E+00     1.540E+04     1.107E+00
1.00E+01     1.571E+04     1.111E+00
