5        n  k36  he4 cl33                  taly      9.23200E+00      
1.00E-03     4.744E+06     1.000E+01
2.00E-03     4.777E+06     1.000E+01
3.00E-03     4.810E+06     1.000E+01
4.00E-03     4.843E+06     1.000E+01
5.00E-03     4.876E+06     1.000E+01
6.00E-03     4.845E+06     1.000E+01
7.00E-03     4.814E+06     1.000E+01
8.00E-03     4.783E+06     1.000E+01
9.00E-03     4.753E+06     1.000E+01
1.00E-02     4.722E+06     1.000E+01
1.10E-02     4.720E+06     1.000E+01
1.20E-02     4.718E+06     1.000E+01
1.30E-02     4.717E+06     1.000E+01
1.40E-02     4.715E+06     1.000E+01
1.50E-02     4.713E+06     1.000E+01
1.60E-02     4.711E+06     1.000E+01
1.80E-02     4.707E+06     1.000E+01
2.00E-02     4.703E+06     1.000E+01
2.50E-02     4.694E+06     1.000E+01
3.00E-02     4.684E+06     1.000E+01
4.00E-02     4.666E+06     1.000E+01
5.00E-02     4.647E+06     1.000E+01
6.00E-02     4.654E+06     1.000E+01
7.00E-02     4.660E+06     1.000E+01
8.00E-02     4.667E+06     1.000E+01
9.00E-02     4.674E+06     1.000E+01
1.00E-01     4.680E+06     1.000E+01
1.10E-01     4.693E+06     1.000E+01
1.20E-01     4.705E+06     1.000E+01
1.30E-01     4.718E+06     1.000E+01
1.40E-01     4.731E+06     1.000E+01
1.50E-01     4.743E+06     1.000E+01
1.60E-01     4.760E+06     1.000E+01
1.80E-01     4.794E+06     1.000E+01
2.00E-01     4.827E+06     1.000E+01
2.50E-01     4.919E+06     1.000E+01
3.00E-01     5.007E+06     1.000E+01
3.50E-01     5.083E+06     1.000E+01
4.00E-01     5.161E+06     1.000E+01
4.50E-01     5.227E+06     1.000E+01
5.00E-01     5.293E+06     1.000E+01
6.00E-01     5.409E+06     1.000E+01
7.00E-01     5.517E+06     1.000E+01
8.00E-01     5.618E+06     1.000E+01
9.00E-01     5.714E+06     1.000E+01
1.00E+00     5.804E+06     1.000E+01
1.25E+00     5.997E+06     1.000E+01
1.50E+00     6.196E+06     1.000E+01
1.75E+00     6.347E+06     1.000E+01
2.00E+00     6.501E+06     1.000E+01
2.50E+00     6.732E+06     1.000E+01
3.00E+00     6.898E+06     1.000E+01
3.50E+00     7.002E+06     1.000E+01
4.00E+00     7.046E+06     1.000E+01
5.00E+00     6.976E+06     1.000E+01
6.00E+00     6.742E+06     1.000E+01
7.00E+00     6.376E+06     1.000E+01
8.00E+00     5.827E+06     1.000E+01
9.00E+00     4.986E+06     1.000E+01
1.00E+01     3.861E+06     1.000E+01
