5        n  k35    p ar35                  taly      1.26560E+01      
1.00E-03     1.431E+08     1.000E+01
2.00E-03     1.441E+08     1.000E+01
3.00E-03     1.451E+08     1.000E+01
4.00E-03     1.461E+08     1.000E+01
5.00E-03     1.471E+08     1.000E+01
6.00E-03     1.462E+08     1.000E+01
7.00E-03     1.453E+08     1.000E+01
8.00E-03     1.444E+08     1.000E+01
9.00E-03     1.435E+08     1.000E+01
1.00E-02     1.426E+08     1.000E+01
1.10E-02     1.426E+08     1.000E+01
1.20E-02     1.425E+08     1.000E+01
1.30E-02     1.425E+08     1.000E+01
1.40E-02     1.424E+08     1.000E+01
1.50E-02     1.424E+08     1.000E+01
1.60E-02     1.424E+08     1.000E+01
1.80E-02     1.423E+08     1.000E+01
2.00E-02     1.422E+08     1.000E+01
2.50E-02     1.420E+08     1.000E+01
3.00E-02     1.418E+08     1.000E+01
4.00E-02     1.414E+08     1.000E+01
5.00E-02     1.410E+08     1.000E+01
6.00E-02     1.413E+08     1.000E+01
7.00E-02     1.417E+08     1.000E+01
8.00E-02     1.420E+08     1.000E+01
9.00E-02     1.424E+08     1.000E+01
1.00E-01     1.427E+08     1.000E+01
1.10E-01     1.432E+08     1.000E+01
1.20E-01     1.437E+08     1.000E+01
1.30E-01     1.442E+08     1.000E+01
1.40E-01     1.447E+08     1.000E+01
1.50E-01     1.452E+08     1.000E+01
1.60E-01     1.459E+08     1.000E+01
1.80E-01     1.471E+08     1.000E+01
2.00E-01     1.484E+08     1.000E+01
2.50E-01     1.516E+08     1.000E+01
3.00E-01     1.548E+08     1.000E+01
3.50E-01     1.574E+08     1.000E+01
4.00E-01     1.602E+08     1.000E+01
4.50E-01     1.624E+08     1.000E+01
5.00E-01     1.647E+08     1.000E+01
6.00E-01     1.686E+08     1.000E+01
7.00E-01     1.721E+08     1.000E+01
8.00E-01     1.753E+08     1.000E+01
9.00E-01     1.783E+08     1.000E+01
1.00E+00     1.810E+08     1.000E+01
1.25E+00     1.865E+08     1.000E+01
1.50E+00     1.920E+08     1.000E+01
1.75E+00     1.958E+08     1.000E+01
2.00E+00     1.996E+08     1.000E+01
2.50E+00     2.046E+08     1.000E+01
3.00E+00     2.078E+08     1.000E+01
3.50E+00     2.097E+08     1.000E+01
4.00E+00     2.104E+08     1.000E+01
5.00E+00     2.093E+08     1.000E+01
6.00E+00     2.055E+08     1.000E+01
7.00E+00     1.995E+08     1.000E+01
8.00E+00     1.911E+08     1.000E+01
9.00E+00     1.796E+08     1.000E+01
1.00E+01     1.624E+08     1.000E+01
