5        n  k35  he4 cl32                  taly      7.80800E+00      
1.00E-03     1.512E+07     1.000E+01
2.00E-03     1.522E+07     1.000E+01
3.00E-03     1.532E+07     1.000E+01
4.00E-03     1.543E+07     1.000E+01
5.00E-03     1.553E+07     1.000E+01
6.00E-03     1.543E+07     1.000E+01
7.00E-03     1.533E+07     1.000E+01
8.00E-03     1.523E+07     1.000E+01
9.00E-03     1.514E+07     1.000E+01
1.00E-02     1.504E+07     1.000E+01
1.10E-02     1.503E+07     1.000E+01
1.20E-02     1.502E+07     1.000E+01
1.30E-02     1.502E+07     1.000E+01
1.40E-02     1.501E+07     1.000E+01
1.50E-02     1.500E+07     1.000E+01
1.60E-02     1.500E+07     1.000E+01
1.80E-02     1.498E+07     1.000E+01
2.00E-02     1.497E+07     1.000E+01
2.50E-02     1.493E+07     1.000E+01
3.00E-02     1.490E+07     1.000E+01
4.00E-02     1.483E+07     1.000E+01
5.00E-02     1.476E+07     1.000E+01
6.00E-02     1.477E+07     1.000E+01
7.00E-02     1.478E+07     1.000E+01
8.00E-02     1.479E+07     1.000E+01
9.00E-02     1.480E+07     1.000E+01
1.00E-01     1.481E+07     1.000E+01
1.10E-01     1.484E+07     1.000E+01
1.20E-01     1.487E+07     1.000E+01
1.30E-01     1.490E+07     1.000E+01
1.40E-01     1.493E+07     1.000E+01
1.50E-01     1.496E+07     1.000E+01
1.60E-01     1.500E+07     1.000E+01
1.80E-01     1.509E+07     1.000E+01
2.00E-01     1.517E+07     1.000E+01
2.50E-01     1.541E+07     1.000E+01
3.00E-01     1.565E+07     1.000E+01
3.50E-01     1.585E+07     1.000E+01
4.00E-01     1.606E+07     1.000E+01
4.50E-01     1.623E+07     1.000E+01
5.00E-01     1.641E+07     1.000E+01
6.00E-01     1.672E+07     1.000E+01
7.00E-01     1.701E+07     1.000E+01
8.00E-01     1.728E+07     1.000E+01
9.00E-01     1.755E+07     1.000E+01
1.00E+00     1.780E+07     1.000E+01
1.25E+00     1.836E+07     1.000E+01
1.50E+00     1.893E+07     1.000E+01
1.75E+00     1.939E+07     1.000E+01
2.00E+00     1.986E+07     1.000E+01
2.50E+00     2.062E+07     1.000E+01
3.00E+00     2.124E+07     1.000E+01
3.50E+00     2.174E+07     1.000E+01
4.00E+00     2.213E+07     1.000E+01
5.00E+00     2.263E+07     1.000E+01
6.00E+00     2.280E+07     1.000E+01
7.00E+00     2.264E+07     1.000E+01
8.00E+00     2.216E+07     1.000E+01
9.00E+00     2.124E+07     1.000E+01
1.00E+01     1.955E+07     1.000E+01
