4        p  k37 ca38                       taly      4.54800E+00      
1.00E-03     0.000E+00     1.000E+00
2.00E-03     0.000E+00     1.000E+00
3.00E-03     0.000E+00     1.000E+00
4.00E-03     0.000E+00     1.000E+00
5.00E-03     0.000E+00     1.000E+00
6.00E-03     0.000E+00     1.000E+00
7.00E-03     0.000E+00     1.000E+00
8.00E-03     0.000E+00     1.000E+00
9.00E-03     0.000E+00     1.000E+00
1.00E-02     0.000E+00     1.000E+00
1.10E-02     9.663E-98     1.000E+01
1.20E-02     9.338E-96     1.000E+01
1.30E-02     9.023E-94     1.000E+01
1.40E-02     8.720E-92     1.000E+01
1.50E-02     8.426E-90     1.000E+01
1.60E-02     8.142E-88     1.000E+01
1.80E-02     7.603E-84     1.000E+01
2.00E-02     7.100E-80     1.000E+01
2.50E-02     5.982E-70     1.000E+01
3.00E-02     5.041E-60     1.000E+01
4.00E-02     3.579E-40     1.000E+01
5.00E-02     2.541E-20     1.000E+01
6.00E-02     6.727E-19     1.000E+01
7.00E-02     1.781E-17     1.000E+01
8.00E-02     4.716E-16     1.000E+01
9.00E-02     1.249E-14     1.000E+01
1.00E-01     3.306E-13     1.000E+01
1.10E-01     1.610E-12     1.000E+01
1.20E-01     7.836E-12     1.000E+01
1.30E-01     3.814E-11     1.000E+01
1.40E-01     1.857E-10     1.000E+01
1.50E-01     9.040E-10     1.000E+01
1.60E-01     2.437E-09     1.000E+01
1.80E-01     1.770E-08     1.000E+01
2.00E-01     1.286E-07     1.000E+01
2.50E-01     4.154E-06     1.000E+01
3.00E-01     5.500E-05     1.000E+01
3.50E-01     3.299E-04     1.000E+01
4.00E-01     1.978E-03     1.000E+01
4.50E-01     6.457E-03     1.000E+01
5.00E-01     2.107E-02     1.000E+01
6.00E-01     1.131E-01     1.000E+01
7.00E-01     3.972E-01     1.000E+01
8.00E-01     1.053E+00     1.000E+01
9.00E-01     2.297E+00     1.000E+01
1.00E+00     4.345E+00     1.000E+01
1.25E+00     1.180E+01     1.000E+01
1.50E+00     3.204E+01     1.000E+01
1.75E+00     5.435E+01     1.000E+01
2.00E+00     9.221E+01     1.000E+01
2.50E+00     1.785E+02     1.000E+01
3.00E+00     2.816E+02     1.000E+01
3.50E+00     3.936E+02     1.000E+01
4.00E+00     5.093E+02     1.000E+01
5.00E+00     7.391E+02     1.000E+01
6.00E+00     9.574E+02     1.000E+01
7.00E+00     1.153E+03     1.000E+01
8.00E+00     1.300E+03     1.000E+01
9.00E+00     1.366E+03     1.000E+01
1.00E+01     1.340E+03     1.000E+01
