5        n kr74  he4 se71                  taly      6.46100E+00      
1.00E-03     8.265E+04     1.000E+01
2.00E-03     8.254E+04     1.000E+01
3.00E-03     8.243E+04     1.000E+01
4.00E-03     8.231E+04     1.000E+01
5.00E-03     8.220E+04     1.000E+01
6.00E-03     8.138E+04     1.000E+01
7.00E-03     8.057E+04     1.000E+01
8.00E-03     7.977E+04     1.000E+01
9.00E-03     7.898E+04     1.000E+01
1.00E-02     7.819E+04     1.000E+01
1.10E-02     7.807E+04     1.000E+01
1.20E-02     7.796E+04     1.000E+01
1.30E-02     7.784E+04     1.000E+01
1.40E-02     7.773E+04     1.000E+01
1.50E-02     7.761E+04     1.000E+01
1.60E-02     7.750E+04     1.000E+01
1.80E-02     7.727E+04     1.000E+01
2.00E-02     7.704E+04     1.000E+01
2.50E-02     7.647E+04     1.000E+01
3.00E-02     7.590E+04     1.000E+01
4.00E-02     7.479E+04     1.000E+01
5.00E-02     7.369E+04     1.000E+01
6.00E-02     7.385E+04     1.000E+01
7.00E-02     7.402E+04     1.000E+01
8.00E-02     7.419E+04     1.000E+01
9.00E-02     7.435E+04     1.000E+01
1.00E-01     7.452E+04     1.000E+01
1.10E-01     7.502E+04     1.000E+01
1.20E-01     7.552E+04     1.000E+01
1.30E-01     7.603E+04     1.000E+01
1.40E-01     7.654E+04     1.000E+01
1.50E-01     7.706E+04     1.000E+01
1.60E-01     7.774E+04     1.000E+01
1.80E-01     7.912E+04     1.000E+01
2.00E-01     8.052E+04     1.000E+01
2.50E-01     8.442E+04     1.000E+01
3.00E-01     8.847E+04     1.000E+01
3.50E-01     9.244E+04     1.000E+01
4.00E-01     9.659E+04     1.000E+01
4.50E-01     1.006E+05     1.000E+01
5.00E-01     1.048E+05     1.000E+01
6.00E-01     1.131E+05     1.000E+01
7.00E-01     1.218E+05     1.000E+01
8.00E-01     1.309E+05     1.000E+01
9.00E-01     1.404E+05     1.000E+01
1.00E+00     1.505E+05     1.000E+01
1.25E+00     1.781E+05     1.000E+01
1.50E+00     2.108E+05     1.000E+01
1.75E+00     2.458E+05     1.000E+01
2.00E+00     2.866E+05     1.000E+01
2.50E+00     3.773E+05     1.000E+01
3.00E+00     4.839E+05     1.000E+01
3.50E+00     6.065E+05     1.000E+01
4.00E+00     7.392E+05     1.000E+01
5.00E+00     8.968E+05     1.000E+01
6.00E+00     6.596E+05     1.000E+01
7.00E+00     4.491E+05     1.000E+01
8.00E+00     3.935E+05     1.000E+01
9.00E+00     3.985E+05     1.000E+01
1.00E+01     4.194E+05     1.000E+01
