5        n kr73    p br73                  taly      7.87800E+00      
1.00E-03     3.619E+08     1.000E+01
2.00E-03     3.648E+08     1.000E+01
3.00E-03     3.677E+08     1.000E+01
4.00E-03     3.706E+08     1.000E+01
5.00E-03     3.735E+08     1.000E+01
6.00E-03     3.714E+08     1.000E+01
7.00E-03     3.693E+08     1.000E+01
8.00E-03     3.672E+08     1.000E+01
9.00E-03     3.652E+08     1.000E+01
1.00E-02     3.631E+08     1.000E+01
1.10E-02     3.632E+08     1.000E+01
1.20E-02     3.632E+08     1.000E+01
1.30E-02     3.633E+08     1.000E+01
1.40E-02     3.634E+08     1.000E+01
1.50E-02     3.635E+08     1.000E+01
1.60E-02     3.635E+08     1.000E+01
1.80E-02     3.637E+08     1.000E+01
2.00E-02     3.638E+08     1.000E+01
2.50E-02     3.642E+08     1.000E+01
3.00E-02     3.645E+08     1.000E+01
4.00E-02     3.653E+08     1.000E+01
5.00E-02     3.660E+08     1.000E+01
6.00E-02     3.683E+08     1.000E+01
7.00E-02     3.707E+08     1.000E+01
8.00E-02     3.731E+08     1.000E+01
9.00E-02     3.755E+08     1.000E+01
1.00E-01     3.779E+08     1.000E+01
1.10E-01     3.807E+08     1.000E+01
1.20E-01     3.835E+08     1.000E+01
1.30E-01     3.863E+08     1.000E+01
1.40E-01     3.892E+08     1.000E+01
1.50E-01     3.920E+08     1.000E+01
1.60E-01     3.952E+08     1.000E+01
1.80E-01     4.015E+08     1.000E+01
2.00E-01     4.080E+08     1.000E+01
2.50E-01     4.247E+08     1.000E+01
3.00E-01     4.412E+08     1.000E+01
3.50E-01     4.565E+08     1.000E+01
4.00E-01     4.722E+08     1.000E+01
4.50E-01     4.864E+08     1.000E+01
5.00E-01     5.010E+08     1.000E+01
6.00E-01     5.283E+08     1.000E+01
7.00E-01     5.546E+08     1.000E+01
8.00E-01     5.801E+08     1.000E+01
9.00E-01     6.049E+08     1.000E+01
1.00E+00     6.289E+08     1.000E+01
1.25E+00     6.812E+08     1.000E+01
1.50E+00     7.378E+08     1.000E+01
1.75E+00     7.815E+08     1.000E+01
2.00E+00     8.278E+08     1.000E+01
2.50E+00     9.010E+08     1.000E+01
3.00E+00     9.612E+08     1.000E+01
3.50E+00     1.012E+09     1.000E+01
4.00E+00     1.056E+09     1.000E+01
5.00E+00     1.118E+09     1.000E+01
6.00E+00     1.023E+09     1.000E+01
7.00E+00     5.658E+08     1.000E+01
8.00E+00     2.017E+08     1.000E+01
9.00E+00     7.420E+07     1.000E+01
1.00E+01     3.365E+07     1.000E+01
