4      he4 kr70 sr74                       taly      2.30400E+00      
1.00E-03     0.000E+00     1.000E+00
2.00E-03     0.000E+00     1.000E+00
3.00E-03     0.000E+00     1.000E+00
4.00E-03     0.000E+00     1.000E+00
5.00E-03     0.000E+00     1.000E+00
6.00E-03     0.000E+00     1.000E+00
7.00E-03     0.000E+00     1.000E+00
8.00E-03     0.000E+00     1.000E+00
9.00E-03     0.000E+00     1.000E+00
1.00E-02     0.000E+00     1.000E+00
1.10E-02     0.000E+00     1.000E+00
1.20E-02     0.000E+00     1.000E+00
1.30E-02     0.000E+00     1.000E+00
1.40E-02     0.000E+00     1.000E+00
1.50E-02     0.000E+00     1.000E+00
1.60E-02     0.000E+00     1.000E+00
1.80E-02     0.000E+00     1.000E+00
2.00E-02     0.000E+00     1.000E+00
2.50E-02     0.000E+00     1.000E+00
3.00E-02     0.000E+00     1.000E+00
4.00E-02     0.000E+00     1.000E+00
5.00E-02     0.000E+00     1.000E+00
6.00E-02     0.000E+00     1.000E+00
7.00E-02     0.000E+00     1.000E+00
8.00E-02     0.000E+00     1.000E+00
9.00E-02     0.000E+00     1.000E+00
1.00E-01     0.000E+00     1.000E+00
1.10E-01     0.000E+00     1.000E+00
1.20E-01     0.000E+00     1.000E+00
1.30E-01     0.000E+00     1.000E+00
1.40E-01     0.000E+00     1.000E+00
1.50E-01     0.000E+00     1.000E+00
1.60E-01     0.000E+00     1.000E+00
1.80E-01     0.000E+00     1.000E+00
2.00E-01     0.000E+00     1.000E+00
2.50E-01     0.000E+00     1.000E+00
3.00E-01     9.478E-47     1.000E+01
3.50E-01     8.349E-43     1.000E+01
4.00E-01     7.355E-39     1.000E+01
4.50E-01     2.101E-36     1.000E+01
5.00E-01     6.001E-34     1.000E+01
6.00E-01     1.956E-30     1.000E+01
7.00E-01     1.019E-27     1.000E+01
8.00E-01     1.546E-25     1.000E+01
9.00E-01     9.586E-24     1.000E+01
1.00E+00     3.086E-22     1.000E+01
1.25E+00     1.195E-19     1.000E+01
1.50E+00     4.627E-17     1.000E+01
1.75E+00     1.779E-15     1.000E+01
2.00E+00     6.838E-14     1.000E+01
2.50E+00     9.106E-12     1.000E+01
3.00E+00     2.992E-10     1.000E+01
3.50E+00     4.176E-09     1.000E+01
4.00E+00     3.363E-08     1.000E+01
5.00E+00     8.152E-07     1.000E+01
6.00E+00     9.329E-06     1.000E+01
7.00E+00     6.684E-05     1.000E+01
8.00E+00     3.330E-04     1.000E+01
9.00E+00     1.225E-03     1.000E+01
1.00E+01     3.474E-03     1.000E+01
