5        n kr70  he4 se67                  taly      1.12780E+01      
1.00E-03     1.165E+06     1.000E+01
2.00E-03     1.174E+06     1.000E+01
3.00E-03     1.183E+06     1.000E+01
4.00E-03     1.192E+06     1.000E+01
5.00E-03     1.201E+06     1.000E+01
6.00E-03     1.194E+06     1.000E+01
7.00E-03     1.187E+06     1.000E+01
8.00E-03     1.180E+06     1.000E+01
9.00E-03     1.173E+06     1.000E+01
1.00E-02     1.166E+06     1.000E+01
1.10E-02     1.166E+06     1.000E+01
1.20E-02     1.166E+06     1.000E+01
1.30E-02     1.166E+06     1.000E+01
1.40E-02     1.166E+06     1.000E+01
1.50E-02     1.166E+06     1.000E+01
1.60E-02     1.166E+06     1.000E+01
1.80E-02     1.166E+06     1.000E+01
2.00E-02     1.166E+06     1.000E+01
2.50E-02     1.166E+06     1.000E+01
3.00E-02     1.166E+06     1.000E+01
4.00E-02     1.165E+06     1.000E+01
5.00E-02     1.165E+06     1.000E+01
6.00E-02     1.170E+06     1.000E+01
7.00E-02     1.175E+06     1.000E+01
8.00E-02     1.180E+06     1.000E+01
9.00E-02     1.185E+06     1.000E+01
1.00E-01     1.191E+06     1.000E+01
1.10E-01     1.197E+06     1.000E+01
1.20E-01     1.204E+06     1.000E+01
1.30E-01     1.210E+06     1.000E+01
1.40E-01     1.217E+06     1.000E+01
1.50E-01     1.224E+06     1.000E+01
1.60E-01     1.232E+06     1.000E+01
1.80E-01     1.247E+06     1.000E+01
2.00E-01     1.263E+06     1.000E+01
2.50E-01     1.305E+06     1.000E+01
3.00E-01     1.346E+06     1.000E+01
3.50E-01     1.383E+06     1.000E+01
4.00E-01     1.422E+06     1.000E+01
4.50E-01     1.453E+06     1.000E+01
5.00E-01     1.485E+06     1.000E+01
6.00E-01     1.514E+06     1.000E+01
7.00E-01     1.475E+06     1.000E+01
8.00E-01     1.354E+06     1.000E+01
9.00E-01     1.177E+06     1.000E+01
1.00E+00     9.889E+05     1.000E+01
1.25E+00     6.800E+05     1.000E+01
1.50E+00     4.676E+05     1.000E+01
1.75E+00     4.145E+05     1.000E+01
2.00E+00     3.675E+05     1.000E+01
2.50E+00     3.701E+05     1.000E+01
3.00E+00     3.964E+05     1.000E+01
3.50E+00     4.248E+05     1.000E+01
4.00E+00     4.482E+05     1.000E+01
5.00E+00     4.720E+05     1.000E+01
6.00E+00     4.657E+05     1.000E+01
7.00E+00     4.352E+05     1.000E+01
8.00E+00     3.871E+05     1.000E+01
9.00E+00     3.279E+05     1.000E+01
1.00E+01     2.636E+05     1.000E+01
