4        n kr71 kr72                       taly      1.56850E+01      
1.00E-03     7.160E+04     1.000E+01
2.00E-03     7.216E+04     1.000E+01
3.00E-03     7.272E+04     1.000E+01
4.00E-03     7.328E+04     1.000E+01
5.00E-03     7.384E+04     1.000E+01
6.00E-03     7.341E+04     1.000E+01
7.00E-03     7.299E+04     1.000E+01
8.00E-03     7.256E+04     1.000E+01
9.00E-03     7.214E+04     1.000E+01
1.00E-02     7.172E+04     1.000E+01
1.10E-02     7.172E+04     1.000E+01
1.20E-02     7.172E+04     1.000E+01
1.30E-02     7.172E+04     1.000E+01
1.40E-02     7.173E+04     1.000E+01
1.50E-02     7.173E+04     1.000E+01
1.60E-02     7.173E+04     1.000E+01
1.80E-02     7.174E+04     1.000E+01
2.00E-02     7.174E+04     1.000E+01
2.50E-02     7.175E+04     1.000E+01
3.00E-02     7.176E+04     1.000E+01
4.00E-02     7.179E+04     1.000E+01
5.00E-02     7.181E+04     1.000E+01
6.00E-02     7.217E+04     1.000E+01
7.00E-02     7.252E+04     1.000E+01
8.00E-02     7.288E+04     1.000E+01
9.00E-02     7.324E+04     1.000E+01
1.00E-01     7.359E+04     1.000E+01
1.10E-01     7.404E+04     1.000E+01
1.20E-01     7.448E+04     1.000E+01
1.30E-01     7.492E+04     1.000E+01
1.40E-01     7.536E+04     1.000E+01
1.50E-01     7.580E+04     1.000E+01
1.60E-01     7.631E+04     1.000E+01
1.80E-01     7.733E+04     1.000E+01
2.00E-01     7.835E+04     1.000E+01
2.50E-01     8.101E+04     1.000E+01
3.00E-01     8.361E+04     1.000E+01
3.50E-01     8.600E+04     1.000E+01
4.00E-01     8.840E+04     1.000E+01
4.50E-01     9.052E+04     1.000E+01
5.00E-01     9.263E+04     1.000E+01
6.00E-01     9.597E+04     1.000E+01
7.00E-01     9.770E+04     1.000E+01
8.00E-01     9.701E+04     1.000E+01
9.00E-01     9.355E+04     1.000E+01
1.00E+00     8.766E+04     1.000E+01
1.25E+00     6.950E+04     1.000E+01
1.50E+00     5.133E+04     1.000E+01
1.75E+00     4.165E+04     1.000E+01
2.00E+00     3.196E+04     1.000E+01
2.50E+00     2.331E+04     1.000E+01
3.00E+00     1.884E+04     1.000E+01
3.50E+00     1.616E+04     1.000E+01
4.00E+00     1.435E+04     1.000E+01
5.00E+00     1.190E+04     1.000E+01
6.00E+00     1.012E+04     1.000E+01
7.00E+00     8.612E+03     1.000E+01
8.00E+00     7.201E+03     1.000E+01
9.00E+00     5.840E+03     1.000E+01
1.00E+01     4.538E+03     1.000E+01
