4        n kr69 kr70                       taly      1.65840E+01      
1.00E-03     2.193E+03     1.000E+01
2.00E-03     2.209E+03     1.000E+01
3.00E-03     2.225E+03     1.000E+01
4.00E-03     2.240E+03     1.000E+01
5.00E-03     2.256E+03     1.000E+01
6.00E-03     2.242E+03     1.000E+01
7.00E-03     2.228E+03     1.000E+01
8.00E-03     2.214E+03     1.000E+01
9.00E-03     2.200E+03     1.000E+01
1.00E-02     2.186E+03     1.000E+01
1.10E-02     2.184E+03     1.000E+01
1.20E-02     2.183E+03     1.000E+01
1.30E-02     2.182E+03     1.000E+01
1.40E-02     2.181E+03     1.000E+01
1.50E-02     2.180E+03     1.000E+01
1.60E-02     2.179E+03     1.000E+01
1.80E-02     2.177E+03     1.000E+01
2.00E-02     2.174E+03     1.000E+01
2.50E-02     2.169E+03     1.000E+01
3.00E-02     2.163E+03     1.000E+01
4.00E-02     2.152E+03     1.000E+01
5.00E-02     2.141E+03     1.000E+01
6.00E-02     2.140E+03     1.000E+01
7.00E-02     2.140E+03     1.000E+01
8.00E-02     2.140E+03     1.000E+01
9.00E-02     2.139E+03     1.000E+01
1.00E-01     2.139E+03     1.000E+01
1.10E-01     2.141E+03     1.000E+01
1.20E-01     2.143E+03     1.000E+01
1.30E-01     2.145E+03     1.000E+01
1.40E-01     2.147E+03     1.000E+01
1.50E-01     2.149E+03     1.000E+01
1.60E-01     2.153E+03     1.000E+01
1.80E-01     2.162E+03     1.000E+01
2.00E-01     2.170E+03     1.000E+01
2.50E-01     2.194E+03     1.000E+01
3.00E-01     2.219E+03     1.000E+01
3.50E-01     2.239E+03     1.000E+01
4.00E-01     2.259E+03     1.000E+01
4.50E-01     2.264E+03     1.000E+01
5.00E-01     2.269E+03     1.000E+01
6.00E-01     2.189E+03     1.000E+01
7.00E-01     1.950E+03     1.000E+01
8.00E-01     1.574E+03     1.000E+01
9.00E-01     1.183E+03     1.000E+01
1.00E+00     8.706E+02     1.000E+01
1.25E+00     6.270E+02     1.000E+01
1.50E+00     3.835E+02     1.000E+01
1.75E+00     4.175E+02     1.000E+01
2.00E+00     4.516E+02     1.000E+01
2.50E+00     5.789E+02     1.000E+01
3.00E+00     6.885E+02     1.000E+01
3.50E+00     7.687E+02     1.000E+01
4.00E+00     8.211E+02     1.000E+01
5.00E+00     8.591E+02     1.000E+01
6.00E+00     8.313E+02     1.000E+01
7.00E+00     7.582E+02     1.000E+01
8.00E+00     6.548E+02     1.000E+01
9.00E+00     5.350E+02     1.000E+01
1.00E+01     4.120E+02     1.000E+01
