4        p mg24 al25                       mc10      2.27160e+00      
1.00E-03     0.000E+00     1.000E+00
2.00E-03     0.000E+00     1.000E+00
3.00E-03     0.000E+00     1.000E+00
4.00E-03     0.000E+00     1.000E+00
5.00E-03     0.000E+00     1.000E+00
6.00E-03     0.000E+00     1.000E+00
7.00E-03     0.000E+00     1.000E+00
8.00E-03     0.000E+00     1.000E+00
9.00E-03     0.000E+00     1.000E+00
1.00E-02     4.294E-35     1.415E+00
1.10E-02     9.825E-34     1.409E+00
1.20E-02     1.586E-32     1.407E+00
1.30E-02     1.902E-31     1.400E+00
1.40E-02     1.763E-30     1.411E+00
1.50E-02     1.355E-29     1.410E+00
1.60E-02     8.727E-29     1.398E+00
1.80E-02     2.318E-27     1.408E+00
2.00E-02     4.000E-26     1.400E+00
2.50E-02     1.162E-23     1.392E+00
3.00E-02     8.922E-22     1.392E+00
4.00E-02     5.012E-19     1.378E+00
5.00E-02     9.943E-17     1.204E+00
6.00E-02     1.562E-13     1.168E+00
7.00E-02     4.498E-11     1.147E+00
8.00E-02     3.083E-09     1.131E+00
9.00E-02     8.082E-08     1.121E+00
1.00E-01     1.086E-06     1.113E+00
1.10E-01     8.963E-06     1.108E+00
1.20E-01     5.152E-05     1.104E+00
1.30E-01     2.239E-04     1.101E+00
1.40E-01     7.823E-04     1.099E+00
1.50E-01     2.299E-03     1.098E+00
1.60E-01     5.862E-03     1.097E+00
1.80E-01     2.748E-02     1.095E+00
2.00E-01     9.309E-02     1.095E+00
2.50E-01     7.956E-01     1.095E+00
3.00E-01     3.165E+00     1.095E+00
3.50E-01     8.209E+00     1.095E+00
4.00E-01     1.642E+01     1.095E+00
4.50E-01     2.773E+01     1.095E+00
5.00E-01     4.174E+01     1.094E+00
6.00E-01     7.576E+01     1.091E+00
7.00E-01     1.147E+02     1.087E+00
8.00E-01     1.561E+02     1.082E+00
9.00E-01     1.987E+02     1.077E+00
1.00E+00     2.420E+02     1.072E+00
1.25E+00     3.564E+02     1.060E+00
1.50E+00     4.837E+02     1.050E+00
1.75E+00     6.245E+02     1.046E+00
2.00E+00     7.741E+02     1.044E+00
2.50E+00     1.079E+03     1.045E+00
3.00E+00     1.368E+03     1.047E+00
3.50E+00     1.626E+03     1.048E+00
4.00E+00     1.849E+03     1.049E+00
5.00E+00     2.209E+03     1.049E+00
6.00E+00     2.482E+03     1.050E+00
7.00E+00     2.699E+03     1.052E+00
8.00E+00     2.878E+03     1.053E+00
9.00E+00     3.036E+03     1.054E+00
1.00E+01     3.385E+03     1.055E+00
