5        n mg22  he4 ne19                  taly      3.49400E+00      
1.00E-03     3.540E+07     1.000E+01
2.00E-03     3.566E+07     1.000E+01
3.00E-03     3.592E+07     1.000E+01
4.00E-03     3.618E+07     1.000E+01
5.00E-03     3.644E+07     1.000E+01
6.00E-03     3.622E+07     1.000E+01
7.00E-03     3.600E+07     1.000E+01
8.00E-03     3.579E+07     1.000E+01
9.00E-03     3.557E+07     1.000E+01
1.00E-02     3.535E+07     1.000E+01
1.10E-02     3.535E+07     1.000E+01
1.20E-02     3.535E+07     1.000E+01
1.30E-02     3.534E+07     1.000E+01
1.40E-02     3.534E+07     1.000E+01
1.50E-02     3.534E+07     1.000E+01
1.60E-02     3.533E+07     1.000E+01
1.80E-02     3.533E+07     1.000E+01
2.00E-02     3.532E+07     1.000E+01
2.50E-02     3.530E+07     1.000E+01
3.00E-02     3.529E+07     1.000E+01
4.00E-02     3.526E+07     1.000E+01
5.00E-02     3.522E+07     1.000E+01
6.00E-02     3.538E+07     1.000E+01
7.00E-02     3.554E+07     1.000E+01
8.00E-02     3.570E+07     1.000E+01
9.00E-02     3.586E+07     1.000E+01
1.00E-01     3.602E+07     1.000E+01
1.10E-01     3.624E+07     1.000E+01
1.20E-01     3.646E+07     1.000E+01
1.30E-01     3.667E+07     1.000E+01
1.40E-01     3.689E+07     1.000E+01
1.50E-01     3.711E+07     1.000E+01
1.60E-01     3.737E+07     1.000E+01
1.80E-01     3.790E+07     1.000E+01
2.00E-01     3.843E+07     1.000E+01
2.50E-01     3.986E+07     1.000E+01
3.00E-01     4.129E+07     1.000E+01
3.50E-01     4.268E+07     1.000E+01
4.00E-01     4.411E+07     1.000E+01
4.50E-01     4.547E+07     1.000E+01
5.00E-01     4.687E+07     1.000E+01
6.00E-01     4.966E+07     1.000E+01
7.00E-01     5.250E+07     1.000E+01
8.00E-01     5.538E+07     1.000E+01
9.00E-01     5.830E+07     1.000E+01
1.00E+00     6.123E+07     1.000E+01
1.25E+00     6.819E+07     1.000E+01
1.50E+00     7.593E+07     1.000E+01
1.75E+00     8.268E+07     1.000E+01
2.00E+00     9.004E+07     1.000E+01
2.50E+00     1.032E+08     1.000E+01
3.00E+00     1.155E+08     1.000E+01
3.50E+00     1.268E+08     1.000E+01
4.00E+00     1.372E+08     1.000E+01
5.00E+00     1.550E+08     1.000E+01
6.00E+00     1.694E+08     1.000E+01
7.00E+00     1.809E+08     1.000E+01
8.00E+00     1.896E+08     1.000E+01
9.00E+00     1.951E+08     1.000E+01
1.00E+01     1.965E+08     1.000E+01
