4        p mg21 al22                       taly      2.00000E-03      
1.00E-03     0.000E+00     1.000E+00
2.00E-03     0.000E+00     1.000E+00
3.00E-03     0.000E+00     1.000E+00
4.00E-03     0.000E+00     1.000E+00
5.00E-03     0.000E+00     1.000E+00
6.00E-03     6.687E-87     1.000E+01
7.00E-03     4.471E-74     1.000E+01
8.00E-03     2.990E-61     1.000E+01
9.00E-03     1.999E-48     1.000E+01
1.00E-02     1.337E-35     1.000E+01
1.10E-02     5.220E-35     1.000E+01
1.20E-02     2.038E-34     1.000E+01
1.30E-02     7.960E-34     1.000E+01
1.40E-02     3.108E-33     1.000E+01
1.50E-02     1.214E-32     1.000E+01
1.60E-02     4.740E-32     1.000E+01
1.80E-02     7.227E-31     1.000E+01
2.00E-02     1.102E-29     1.000E+01
2.50E-02     1.001E-26     1.000E+01
3.00E-02     9.085E-24     1.000E+01
4.00E-02     7.489E-18     1.000E+01
5.00E-02     6.174E-12     1.000E+01
6.00E-02     3.976E-11     1.000E+01
7.00E-02     2.561E-10     1.000E+01
8.00E-02     1.649E-09     1.000E+01
9.00E-02     1.062E-08     1.000E+01
1.00E-01     6.841E-08     1.000E+01
1.10E-01     1.432E-07     1.000E+01
1.20E-01     2.997E-07     1.000E+01
1.30E-01     6.273E-07     1.000E+01
1.40E-01     1.313E-06     1.000E+01
1.50E-01     2.748E-06     1.000E+01
1.60E-01     4.155E-06     1.000E+01
1.80E-01     9.502E-06     1.000E+01
2.00E-01     2.173E-05     1.000E+01
2.50E-01     8.386E-05     1.000E+01
3.00E-01     2.207E-04     1.000E+01
3.50E-01     4.290E-04     1.000E+01
4.00E-01     8.338E-04     1.000E+01
4.50E-01     1.310E-03     1.000E+01
5.00E-01     2.059E-03     1.000E+01
6.00E-01     4.063E-03     1.000E+01
7.00E-01     7.005E-03     1.000E+01
8.00E-01     1.105E-02     1.000E+01
9.00E-01     1.637E-02     1.000E+01
1.00E+00     2.316E-02     1.000E+01
1.25E+00     4.473E-02     1.000E+01
1.50E+00     8.640E-02     1.000E+01
1.75E+00     1.380E-01     1.000E+01
2.00E+00     2.204E-01     1.000E+01
2.50E+00     4.594E-01     1.000E+01
3.00E+00     8.429E-01     1.000E+01
3.50E+00     1.415E+00     1.000E+01
4.00E+00     2.228E+00     1.000E+01
5.00E+00     4.820E+00     1.000E+01
6.00E+00     9.276E+00     1.000E+01
7.00E+00     1.663E+01     1.000E+01
8.00E+00     2.847E+01     1.000E+01
9.00E+00     4.683E+01     1.000E+01
1.00E+01     7.359E+01     1.000E+01
