4        n mg21 mg22                       taly      1.93850E+01      
1.00E-03     9.716E+03     1.000E+01
2.00E-03     9.801E+03     1.000E+01
3.00E-03     9.885E+03     1.000E+01
4.00E-03     9.969E+03     1.000E+01
5.00E-03     1.005E+04     1.000E+01
6.00E-03     1.000E+04     1.000E+01
7.00E-03     9.952E+03     1.000E+01
8.00E-03     9.901E+03     1.000E+01
9.00E-03     9.850E+03     1.000E+01
1.00E-02     9.799E+03     1.000E+01
1.10E-02     9.806E+03     1.000E+01
1.20E-02     9.813E+03     1.000E+01
1.30E-02     9.819E+03     1.000E+01
1.40E-02     9.826E+03     1.000E+01
1.50E-02     9.833E+03     1.000E+01
1.60E-02     9.839E+03     1.000E+01
1.80E-02     9.853E+03     1.000E+01
2.00E-02     9.866E+03     1.000E+01
2.50E-02     9.900E+03     1.000E+01
3.00E-02     9.933E+03     1.000E+01
4.00E-02     1.000E+04     1.000E+01
5.00E-02     1.007E+04     1.000E+01
6.00E-02     1.018E+04     1.000E+01
7.00E-02     1.028E+04     1.000E+01
8.00E-02     1.039E+04     1.000E+01
9.00E-02     1.050E+04     1.000E+01
1.00E-01     1.061E+04     1.000E+01
1.10E-01     1.073E+04     1.000E+01
1.20E-01     1.085E+04     1.000E+01
1.30E-01     1.097E+04     1.000E+01
1.40E-01     1.109E+04     1.000E+01
1.50E-01     1.121E+04     1.000E+01
1.60E-01     1.134E+04     1.000E+01
1.80E-01     1.160E+04     1.000E+01
2.00E-01     1.186E+04     1.000E+01
2.50E-01     1.253E+04     1.000E+01
3.00E-01     1.318E+04     1.000E+01
3.50E-01     1.379E+04     1.000E+01
4.00E-01     1.440E+04     1.000E+01
4.50E-01     1.497E+04     1.000E+01
5.00E-01     1.554E+04     1.000E+01
6.00E-01     1.662E+04     1.000E+01
7.00E-01     1.767E+04     1.000E+01
8.00E-01     1.868E+04     1.000E+01
9.00E-01     1.965E+04     1.000E+01
1.00E+00     2.060E+04     1.000E+01
1.25E+00     2.273E+04     1.000E+01
1.50E+00     2.487E+04     1.000E+01
1.75E+00     2.663E+04     1.000E+01
2.00E+00     2.840E+04     1.000E+01
2.50E+00     3.124E+04     1.000E+01
3.00E+00     3.348E+04     1.000E+01
3.50E+00     3.520E+04     1.000E+01
4.00E+00     3.648E+04     1.000E+01
5.00E+00     3.799E+04     1.000E+01
6.00E+00     3.846E+04     1.000E+01
7.00E+00     3.818E+04     1.000E+01
8.00E+00     3.731E+04     1.000E+01
9.00E+00     3.589E+04     1.000E+01
1.00E+01     3.385E+04     1.000E+01
