4      he4 mg24 si28                       mc10      9.98414e+00      
1.00E-03     0.000E+00     1.000E+00
2.00E-03     0.000E+00     1.000E+00
3.00E-03     0.000E+00     1.000E+00
4.00E-03     0.000E+00     1.000E+00
5.00E-03     0.000E+00     1.000E+00
6.00E-03     0.000E+00     1.000E+00
7.00E-03     0.000E+00     1.000E+00
8.00E-03     0.000E+00     1.000E+00
9.00E-03     0.000E+00     1.000E+00
1.00E-02     1.591E-93     1.823E+00
1.10E-02     3.514E-90     1.822E+00
1.20E-02     3.102E-87     1.814E+00
1.30E-02     1.340E-84     1.823E+00
1.40E-02     3.256E-82     1.814E+00
1.50E-02     4.777E-80     1.809E+00
1.60E-02     4.575E-78     1.799E+00
1.80E-02     1.467E-74     1.793E+00
2.00E-02     1.595E-71     1.784E+00
2.50E-02     1.400E-63     5.972E+00
3.00E-02     4.527E-57     8.381E+00
4.00E-02     5.764E-49     8.855E+00
5.00E-02     3.900E-44     8.873E+00
6.00E-02     6.160E-41     8.758E+00
7.00E-02     1.143E-38     8.542E+00
8.00E-02     5.609E-37     7.783E+00
9.00E-02     1.315E-35     4.632E+00
1.00E-01     8.580E-34     3.811E+00
1.10E-01     1.231E-31     6.203E+00
1.20E-01     1.124E-29     7.799E+00
1.30E-01     5.132E-28     8.449E+00
1.40E-01     1.348E-26     8.645E+00
1.50E-01     2.274E-25     8.619E+00
1.60E-01     2.676E-24     8.432E+00
1.80E-01     1.609E-22     7.622E+00
2.00E-01     4.242E-21     6.366E+00
2.50E-01     2.281E-18     2.921E+00
3.00E-01     7.031E-16     1.519E+00
3.50E-01     1.125E-13     1.291E+00
4.00E-01     6.212E-12     1.220E+00
4.50E-01     1.532E-10     1.179E+00
5.00E-01     2.126E-09     1.147E+00
6.00E-01     1.274E-07     1.101E+00
7.00E-01     2.686E-06     1.080E+00
8.00E-01     2.808E-05     1.074E+00
9.00E-01     1.796E-04     1.073E+00
1.00E+00     8.056E-04     1.073E+00
1.25E+00     1.243E-02     1.070E+00
1.50E+00     7.923E-02     1.067E+00
1.75E+00     3.035E-01     1.066E+00
2.00E+00     8.480E-01     1.064E+00
2.50E+00     3.754E+00     1.061E+00
3.00E+00     1.071E+01     1.057E+00
3.50E+00     2.352E+01     1.053E+00
4.00E+00     4.324E+01     1.051E+00
5.00E+00     1.022E+02     1.053E+00
6.00E+00     1.780E+02     1.058E+00
7.00E+00     2.552E+02     1.058E+00
8.00E+00     3.319E+02     1.058E+00
9.00E+00     4.055E+02     1.058E+00
1.00E+01     5.015E+02     1.058E+00
