4      he4 mg21 si25                       taly      9.51200E+00      
1.00E-03     0.000E+00     1.000E+00
2.00E-03     0.000E+00     1.000E+00
3.00E-03     0.000E+00     1.000E+00
4.00E-03     0.000E+00     1.000E+00
5.00E-03     0.000E+00     1.000E+00
6.00E-03     0.000E+00     1.000E+00
7.00E-03     0.000E+00     1.000E+00
8.00E-03     0.000E+00     1.000E+00
9.00E-03     0.000E+00     1.000E+00
1.00E-02     0.000E+00     1.000E+00
1.10E-02     1.806E-98     1.000E+01
1.20E-02     3.261E-97     1.000E+01
1.30E-02     5.889E-96     1.000E+01
1.40E-02     1.063E-94     1.000E+01
1.50E-02     1.920E-93     1.000E+01
1.60E-02     3.467E-92     1.000E+01
1.80E-02     1.131E-89     1.000E+01
2.00E-02     3.687E-87     1.000E+01
2.50E-02     7.080E-81     1.000E+01
3.00E-02     1.360E-74     1.000E+01
4.00E-02     5.013E-62     1.000E+01
5.00E-02     1.848E-49     1.000E+01
6.00E-02     1.940E-46     1.000E+01
7.00E-02     2.037E-43     1.000E+01
8.00E-02     2.138E-40     1.000E+01
9.00E-02     2.244E-37     1.000E+01
1.00E-01     2.356E-34     1.000E+01
1.10E-01     3.269E-33     1.000E+01
1.20E-01     4.537E-32     1.000E+01
1.30E-01     6.297E-31     1.000E+01
1.40E-01     8.739E-30     1.000E+01
1.50E-01     1.213E-28     1.000E+01
1.60E-01     7.036E-28     1.000E+01
1.80E-01     2.368E-26     1.000E+01
2.00E-01     7.970E-25     1.000E+01
2.50E-01     4.401E-22     1.000E+01
3.00E-01     5.401E-20     1.000E+01
3.50E-01     1.782E-18     1.000E+01
4.00E-01     5.881E-17     1.000E+01
4.50E-01     7.018E-16     1.000E+01
5.00E-01     8.375E-15     1.000E+01
6.00E-01     3.641E-13     1.000E+01
7.00E-01     7.360E-12     1.000E+01
8.00E-01     8.781E-11     1.000E+01
9.00E-01     7.141E-10     1.000E+01
1.00E+00     4.346E-09     1.000E+01
1.25E+00     1.062E-07     1.000E+01
1.50E+00     2.595E-06     1.000E+01
1.75E+00     1.967E-05     1.000E+01
2.00E+00     1.491E-04     1.000E+01
2.50E+00     2.585E-03     1.000E+01
3.00E+00     2.137E-02     1.000E+01
3.50E+00     1.078E-01     1.000E+01
4.00E+00     3.852E-01     1.000E+01
5.00E+00     2.502E+00     1.000E+01
6.00E+00     9.206E+00     1.000E+01
7.00E+00     2.390E+01     1.000E+01
8.00E+00     4.913E+01     1.000E+01
9.00E+00     8.522E+01     1.000E+01
1.00E+01     1.292E+02     1.000E+01
