5        n mn51    p cr51                  taly      3.99000E+00      
1.00E-03     2.077E+09     1.000E+01
2.00E-03     2.004E+09     1.000E+01
3.00E-03     1.933E+09     1.000E+01
4.00E-03     1.864E+09     1.000E+01
5.00E-03     1.798E+09     1.000E+01
6.00E-03     1.755E+09     1.000E+01
7.00E-03     1.713E+09     1.000E+01
8.00E-03     1.671E+09     1.000E+01
9.00E-03     1.631E+09     1.000E+01
1.00E-02     1.592E+09     1.000E+01
1.10E-02     1.580E+09     1.000E+01
1.20E-02     1.568E+09     1.000E+01
1.30E-02     1.555E+09     1.000E+01
1.40E-02     1.543E+09     1.000E+01
1.50E-02     1.531E+09     1.000E+01
1.60E-02     1.520E+09     1.000E+01
1.80E-02     1.496E+09     1.000E+01
2.00E-02     1.473E+09     1.000E+01
2.50E-02     1.417E+09     1.000E+01
3.00E-02     1.363E+09     1.000E+01
4.00E-02     1.261E+09     1.000E+01
5.00E-02     1.167E+09     1.000E+01
6.00E-02     1.132E+09     1.000E+01
7.00E-02     1.099E+09     1.000E+01
8.00E-02     1.066E+09     1.000E+01
9.00E-02     1.034E+09     1.000E+01
1.00E-01     1.004E+09     1.000E+01
1.10E-01     9.855E+08     1.000E+01
1.20E-01     9.677E+08     1.000E+01
1.30E-01     9.502E+08     1.000E+01
1.40E-01     9.330E+08     1.000E+01
1.50E-01     9.161E+08     1.000E+01
1.60E-01     9.047E+08     1.000E+01
1.80E-01     8.822E+08     1.000E+01
2.00E-01     8.603E+08     1.000E+01
2.50E-01     8.210E+08     1.000E+01
3.00E-01     7.913E+08     1.000E+01
3.50E-01     7.695E+08     1.000E+01
4.00E-01     7.483E+08     1.000E+01
4.50E-01     7.333E+08     1.000E+01
5.00E-01     7.185E+08     1.000E+01
6.00E-01     6.972E+08     1.000E+01
7.00E-01     6.820E+08     1.000E+01
8.00E-01     6.710E+08     1.000E+01
9.00E-01     6.633E+08     1.000E+01
1.00E+00     6.579E+08     1.000E+01
1.25E+00     6.551E+08     1.000E+01
1.50E+00     6.523E+08     1.000E+01
1.75E+00     6.584E+08     1.000E+01
2.00E+00     6.646E+08     1.000E+01
2.50E+00     6.853E+08     1.000E+01
3.00E+00     7.103E+08     1.000E+01
3.50E+00     7.373E+08     1.000E+01
4.00E+00     7.638E+08     1.000E+01
5.00E+00     7.966E+08     1.000E+01
6.00E+00     7.577E+08     1.000E+01
7.00E+00     6.299E+08     1.000E+01
8.00E+00     4.747E+08     1.000E+01
9.00E+00     3.500E+08     1.000E+01
1.00E+01     2.655E+08     1.000E+01
