5      he4 mn49    p fe52                  taly      5.83100E+00      
1.00E-03     0.000E+00     1.000E+00
2.00E-03     0.000E+00     1.000E+00
3.00E-03     0.000E+00     1.000E+00
4.00E-03     0.000E+00     1.000E+00
5.00E-03     0.000E+00     1.000E+00
6.00E-03     0.000E+00     1.000E+00
7.00E-03     0.000E+00     1.000E+00
8.00E-03     0.000E+00     1.000E+00
9.00E-03     0.000E+00     1.000E+00
1.00E-02     0.000E+00     1.000E+00
1.10E-02     0.000E+00     1.000E+00
1.20E-02     0.000E+00     1.000E+00
1.30E-02     0.000E+00     1.000E+00
1.40E-02     0.000E+00     1.000E+00
1.50E-02     0.000E+00     1.000E+00
1.60E-02     0.000E+00     1.000E+00
1.80E-02     0.000E+00     1.000E+00
2.00E-02     0.000E+00     1.000E+00
2.50E-02     0.000E+00     1.000E+00
3.00E-02     0.000E+00     1.000E+00
4.00E-02     0.000E+00     1.000E+00
5.00E-02     0.000E+00     1.000E+00
6.00E-02     0.000E+00     1.000E+00
7.00E-02     0.000E+00     1.000E+00
8.00E-02     0.000E+00     1.000E+00
9.00E-02     0.000E+00     1.000E+00
1.00E-01     0.000E+00     1.000E+00
1.10E-01     0.000E+00     1.000E+00
1.20E-01     0.000E+00     1.000E+00
1.30E-01     0.000E+00     1.000E+00
1.40E-01     0.000E+00     1.000E+00
1.50E-01     0.000E+00     1.000E+00
1.60E-01     3.842E-88     1.000E+01
1.80E-01     5.673E-65     1.000E+01
2.00E-01     8.375E-42     1.000E+01
2.50E-01     2.277E-36     1.000E+01
3.00E-01     1.394E-32     1.000E+01
3.50E-01     5.850E-30     1.000E+01
4.00E-01     2.455E-27     1.000E+01
4.50E-01     1.691E-25     1.000E+01
5.00E-01     1.165E-23     1.000E+01
6.00E-01     7.319E-21     1.000E+01
7.00E-01     1.250E-18     1.000E+01
8.00E-01     8.639E-17     1.000E+01
9.00E-01     3.094E-15     1.000E+01
1.00E+00     6.746E-14     1.000E+01
1.25E+00     1.549E-11     1.000E+01
1.50E+00     3.557E-09     1.000E+01
1.75E+00     1.081E-07     1.000E+01
2.00E+00     3.285E-06     1.000E+01
2.50E+00     3.946E-04     1.000E+01
3.00E+00     1.382E-02     1.000E+01
3.50E+00     2.158E-01     1.000E+01
4.00E+00     1.924E+00     1.000E+01
5.00E+00     5.012E+01     1.000E+01
6.00E+00     5.018E+02     1.000E+01
7.00E+00     2.760E+03     1.000E+01
8.00E+00     1.016E+04     1.000E+01
9.00E+00     2.778E+04     1.000E+01
1.00E+01     5.816E+04     1.000E+01
