4        n mn51 mn52                       taly      1.05350E+01      
1.00E-03     8.859E+06     1.000E+01
2.00E-03     8.493E+06     1.000E+01
3.00E-03     8.128E+06     1.000E+01
4.00E-03     7.762E+06     1.000E+01
5.00E-03     7.397E+06     1.000E+01
6.00E-03     7.207E+06     1.000E+01
7.00E-03     7.017E+06     1.000E+01
8.00E-03     6.827E+06     1.000E+01
9.00E-03     6.638E+06     1.000E+01
1.00E-02     6.448E+06     1.000E+01
1.10E-02     6.400E+06     1.000E+01
1.20E-02     6.352E+06     1.000E+01
1.30E-02     6.304E+06     1.000E+01
1.40E-02     6.256E+06     1.000E+01
1.50E-02     6.209E+06     1.000E+01
1.60E-02     6.161E+06     1.000E+01
1.80E-02     6.065E+06     1.000E+01
2.00E-02     5.969E+06     1.000E+01
2.50E-02     5.730E+06     1.000E+01
3.00E-02     5.491E+06     1.000E+01
4.00E-02     5.013E+06     1.000E+01
5.00E-02     4.535E+06     1.000E+01
6.00E-02     4.395E+06     1.000E+01
7.00E-02     4.255E+06     1.000E+01
8.00E-02     4.115E+06     1.000E+01
9.00E-02     3.974E+06     1.000E+01
1.00E-01     3.834E+06     1.000E+01
1.10E-01     3.761E+06     1.000E+01
1.20E-01     3.687E+06     1.000E+01
1.30E-01     3.614E+06     1.000E+01
1.40E-01     3.540E+06     1.000E+01
1.50E-01     3.467E+06     1.000E+01
1.60E-01     3.420E+06     1.000E+01
1.80E-01     3.327E+06     1.000E+01
2.00E-01     3.235E+06     1.000E+01
2.50E-01     3.072E+06     1.000E+01
3.00E-01     2.950E+06     1.000E+01
3.50E-01     2.860E+06     1.000E+01
4.00E-01     2.771E+06     1.000E+01
4.50E-01     2.707E+06     1.000E+01
5.00E-01     2.643E+06     1.000E+01
6.00E-01     2.546E+06     1.000E+01
7.00E-01     2.468E+06     1.000E+01
8.00E-01     2.405E+06     1.000E+01
9.00E-01     2.352E+06     1.000E+01
1.00E+00     2.308E+06     1.000E+01
1.25E+00     2.240E+06     1.000E+01
1.50E+00     2.172E+06     1.000E+01
1.75E+00     2.143E+06     1.000E+01
2.00E+00     2.115E+06     1.000E+01
2.50E+00     2.095E+06     1.000E+01
3.00E+00     2.092E+06     1.000E+01
3.50E+00     2.094E+06     1.000E+01
4.00E+00     2.092E+06     1.000E+01
5.00E+00     2.025E+06     1.000E+01
6.00E+00     1.778E+06     1.000E+01
7.00E+00     1.352E+06     1.000E+01
8.00E+00     9.193E+05     1.000E+01
9.00E+00     6.029E+05     1.000E+01
1.00E+01     4.019E+05     1.000E+01
