5      he4 mn53    p fe56                  taly      1.05300E+00      
1.00E-03     0.000E+00     1.000E+00
2.00E-03     0.000E+00     1.000E+00
3.00E-03     0.000E+00     1.000E+00
4.00E-03     0.000E+00     1.000E+00
5.00E-03     0.000E+00     1.000E+00
6.00E-03     0.000E+00     1.000E+00
7.00E-03     0.000E+00     1.000E+00
8.00E-03     0.000E+00     1.000E+00
9.00E-03     0.000E+00     1.000E+00
1.00E-02     0.000E+00     1.000E+00
1.10E-02     0.000E+00     1.000E+00
1.20E-02     0.000E+00     1.000E+00
1.30E-02     0.000E+00     1.000E+00
1.40E-02     0.000E+00     1.000E+00
1.50E-02     0.000E+00     1.000E+00
1.60E-02     0.000E+00     1.000E+00
1.80E-02     0.000E+00     1.000E+00
2.00E-02     0.000E+00     1.000E+00
2.50E-02     0.000E+00     1.000E+00
3.00E-02     0.000E+00     1.000E+00
4.00E-02     0.000E+00     1.000E+00
5.00E-02     0.000E+00     1.000E+00
6.00E-02     0.000E+00     1.000E+00
7.00E-02     0.000E+00     1.000E+00
8.00E-02     0.000E+00     1.000E+00
9.00E-02     0.000E+00     1.000E+00
1.00E-01     0.000E+00     1.000E+00
1.10E-01     0.000E+00     1.000E+00
1.20E-01     0.000E+00     1.000E+00
1.30E-01     0.000E+00     1.000E+00
1.40E-01     0.000E+00     1.000E+00
1.50E-01     0.000E+00     1.000E+00
1.60E-01     3.135E-88     1.000E+01
1.80E-01     3.080E-65     1.000E+01
2.00E-01     3.027E-42     1.000E+01
2.50E-01     9.208E-37     1.000E+01
3.00E-01     6.626E-33     1.000E+01
3.50E-01     3.342E-30     1.000E+01
4.00E-01     1.685E-27     1.000E+01
4.50E-01     1.334E-25     1.000E+01
5.00E-01     1.056E-23     1.000E+01
6.00E-01     7.689E-21     1.000E+01
7.00E-01     1.401E-18     1.000E+01
8.00E-01     9.945E-17     1.000E+01
9.00E-01     3.590E-15     1.000E+01
1.00E+00     7.813E-14     1.000E+01
1.25E+00     1.696E-11     1.000E+01
1.50E+00     3.684E-09     1.000E+01
1.75E+00     9.807E-08     1.000E+01
2.00E+00     2.611E-06     1.000E+01
2.50E+00     2.373E-04     1.000E+01
3.00E+00     7.122E-03     1.000E+01
3.50E+00     1.087E-01     1.000E+01
4.00E+00     1.020E+00     1.000E+01
5.00E+00     2.998E+01     1.000E+01
6.00E+00     2.899E+02     1.000E+01
7.00E+00     1.309E+03     1.000E+01
8.00E+00     3.801E+03     1.000E+01
9.00E+00     8.676E+03     1.000E+01
1.00E+01     1.707E+04     1.000E+01
