5        n mn48    p cr48                  taly      1.42810E+01      
1.00E-03     1.498E+09     1.000E+01
2.00E-03     1.499E+09     1.000E+01
3.00E-03     1.501E+09     1.000E+01
4.00E-03     1.502E+09     1.000E+01
5.00E-03     1.504E+09     1.000E+01
6.00E-03     1.489E+09     1.000E+01
7.00E-03     1.474E+09     1.000E+01
8.00E-03     1.460E+09     1.000E+01
9.00E-03     1.446E+09     1.000E+01
1.00E-02     1.432E+09     1.000E+01
1.10E-02     1.428E+09     1.000E+01
1.20E-02     1.425E+09     1.000E+01
1.30E-02     1.421E+09     1.000E+01
1.40E-02     1.417E+09     1.000E+01
1.50E-02     1.414E+09     1.000E+01
1.60E-02     1.410E+09     1.000E+01
1.80E-02     1.403E+09     1.000E+01
2.00E-02     1.396E+09     1.000E+01
2.50E-02     1.379E+09     1.000E+01
3.00E-02     1.362E+09     1.000E+01
4.00E-02     1.328E+09     1.000E+01
5.00E-02     1.295E+09     1.000E+01
6.00E-02     1.279E+09     1.000E+01
7.00E-02     1.263E+09     1.000E+01
8.00E-02     1.248E+09     1.000E+01
9.00E-02     1.232E+09     1.000E+01
1.00E-01     1.217E+09     1.000E+01
1.10E-01     1.207E+09     1.000E+01
1.20E-01     1.196E+09     1.000E+01
1.30E-01     1.186E+09     1.000E+01
1.40E-01     1.176E+09     1.000E+01
1.50E-01     1.165E+09     1.000E+01
1.60E-01     1.158E+09     1.000E+01
1.80E-01     1.143E+09     1.000E+01
2.00E-01     1.128E+09     1.000E+01
2.50E-01     1.099E+09     1.000E+01
3.00E-01     1.074E+09     1.000E+01
3.50E-01     1.053E+09     1.000E+01
4.00E-01     1.033E+09     1.000E+01
4.50E-01     1.015E+09     1.000E+01
5.00E-01     9.973E+08     1.000E+01
6.00E-01     9.669E+08     1.000E+01
7.00E-01     9.405E+08     1.000E+01
8.00E-01     9.173E+08     1.000E+01
9.00E-01     8.969E+08     1.000E+01
1.00E+00     8.788E+08     1.000E+01
1.25E+00     8.442E+08     1.000E+01
1.50E+00     8.111E+08     1.000E+01
1.75E+00     7.882E+08     1.000E+01
2.00E+00     7.661E+08     1.000E+01
2.50E+00     7.330E+08     1.000E+01
3.00E+00     7.068E+08     1.000E+01
3.50E+00     6.850E+08     1.000E+01
4.00E+00     6.661E+08     1.000E+01
5.00E+00     6.335E+08     1.000E+01
6.00E+00     6.025E+08     1.000E+01
7.00E+00     5.608E+08     1.000E+01
8.00E+00     4.849E+08     1.000E+01
9.00E+00     3.624E+08     1.000E+01
1.00E+01     2.286E+08     1.000E+01
