4        p mn51 fe52                       taly      7.37800E+00      
1.00E-03     0.000E+00     1.000E+00
2.00E-03     0.000E+00     1.000E+00
3.00E-03     0.000E+00     1.000E+00
4.00E-03     0.000E+00     1.000E+00
5.00E-03     0.000E+00     1.000E+00
6.00E-03     0.000E+00     1.000E+00
7.00E-03     0.000E+00     1.000E+00
8.00E-03     0.000E+00     1.000E+00
9.00E-03     0.000E+00     1.000E+00
1.00E-02     0.000E+00     1.000E+00
1.10E-02     6.797E-98     1.000E+01
1.20E-02     4.620E-96     1.000E+01
1.30E-02     3.140E-94     1.000E+01
1.40E-02     2.135E-92     1.000E+01
1.50E-02     1.451E-90     1.000E+01
1.60E-02     9.862E-89     1.000E+01
1.80E-02     4.557E-85     1.000E+01
2.00E-02     2.105E-81     1.000E+01
2.50E-02     3.055E-72     1.000E+01
3.00E-02     4.432E-63     1.000E+01
4.00E-02     9.330E-45     1.000E+01
5.00E-02     1.964E-26     1.000E+01
6.00E-02     1.045E-24     1.000E+01
7.00E-02     5.561E-23     1.000E+01
8.00E-02     2.959E-21     1.000E+01
9.00E-02     1.574E-19     1.000E+01
1.00E-01     8.378E-18     1.000E+01
1.10E-01     5.658E-17     1.000E+01
1.20E-01     3.821E-16     1.000E+01
1.30E-01     2.581E-15     1.000E+01
1.40E-01     1.743E-14     1.000E+01
1.50E-01     1.177E-13     1.000E+01
1.60E-01     3.909E-13     1.000E+01
1.80E-01     4.311E-12     1.000E+01
2.00E-01     4.754E-11     1.000E+01
2.50E-01     3.353E-09     1.000E+01
3.00E-01     8.585E-08     1.000E+01
3.50E-01     8.988E-07     1.000E+01
4.00E-01     9.409E-06     1.000E+01
4.50E-01     4.831E-05     1.000E+01
5.00E-01     2.480E-04     1.000E+01
6.00E-01     2.787E-03     1.000E+01
7.00E-01     1.793E-02     1.000E+01
8.00E-01     7.843E-02     1.000E+01
9.00E-01     2.598E-01     1.000E+01
1.00E+00     7.001E-01     1.000E+01
1.25E+00     3.411E+00     1.000E+01
1.50E+00     1.662E+01     1.000E+01
1.75E+00     3.907E+01     1.000E+01
2.00E+00     9.186E+01     1.000E+01
2.50E+00     2.696E+02     1.000E+01
3.00E+00     5.666E+02     1.000E+01
3.50E+00     9.750E+02     1.000E+01
4.00E+00     1.472E+03     1.000E+01
5.00E+00     2.569E+03     1.000E+01
6.00E+00     3.383E+03     1.000E+01
7.00E+00     3.475E+03     1.000E+01
8.00E+00     2.993E+03     1.000E+01
9.00E+00     2.382E+03     1.000E+01
1.00E+01     1.871E+03     1.000E+01
