4        n mn50 mn51                       taly      1.36870E+01      
1.00E-03     8.725E+05     1.000E+01
2.00E-03     8.713E+05     1.000E+01
3.00E-03     8.702E+05     1.000E+01
4.00E-03     8.691E+05     1.000E+01
5.00E-03     8.680E+05     1.000E+01
6.00E-03     8.587E+05     1.000E+01
7.00E-03     8.495E+05     1.000E+01
8.00E-03     8.403E+05     1.000E+01
9.00E-03     8.310E+05     1.000E+01
1.00E-02     8.218E+05     1.000E+01
1.10E-02     8.194E+05     1.000E+01
1.20E-02     8.170E+05     1.000E+01
1.30E-02     8.147E+05     1.000E+01
1.40E-02     8.123E+05     1.000E+01
1.50E-02     8.099E+05     1.000E+01
1.60E-02     8.075E+05     1.000E+01
1.80E-02     8.028E+05     1.000E+01
2.00E-02     7.980E+05     1.000E+01
2.50E-02     7.862E+05     1.000E+01
3.00E-02     7.743E+05     1.000E+01
4.00E-02     7.505E+05     1.000E+01
5.00E-02     7.268E+05     1.000E+01
6.00E-02     7.163E+05     1.000E+01
7.00E-02     7.058E+05     1.000E+01
8.00E-02     6.953E+05     1.000E+01
9.00E-02     6.849E+05     1.000E+01
1.00E-01     6.744E+05     1.000E+01
1.10E-01     6.675E+05     1.000E+01
1.20E-01     6.607E+05     1.000E+01
1.30E-01     6.538E+05     1.000E+01
1.40E-01     6.470E+05     1.000E+01
1.50E-01     6.401E+05     1.000E+01
1.60E-01     6.352E+05     1.000E+01
1.80E-01     6.255E+05     1.000E+01
2.00E-01     6.157E+05     1.000E+01
2.50E-01     5.968E+05     1.000E+01
3.00E-01     5.813E+05     1.000E+01
3.50E-01     5.692E+05     1.000E+01
4.00E-01     5.571E+05     1.000E+01
4.50E-01     5.489E+05     1.000E+01
5.00E-01     5.406E+05     1.000E+01
6.00E-01     5.303E+05     1.000E+01
7.00E-01     5.239E+05     1.000E+01
8.00E-01     5.193E+05     1.000E+01
9.00E-01     5.151E+05     1.000E+01
1.00E+00     5.109E+05     1.000E+01
1.25E+00     4.989E+05     1.000E+01
1.50E+00     4.869E+05     1.000E+01
1.75E+00     4.753E+05     1.000E+01
2.00E+00     4.637E+05     1.000E+01
2.50E+00     4.438E+05     1.000E+01
3.00E+00     4.268E+05     1.000E+01
3.50E+00     4.114E+05     1.000E+01
4.00E+00     3.950E+05     1.000E+01
5.00E+00     3.449E+05     1.000E+01
6.00E+00     2.617E+05     1.000E+01
7.00E+00     1.734E+05     1.000E+01
8.00E+00     1.093E+05     1.000E+01
9.00E+00     7.033E+04     1.000E+01
1.00E+01     4.752E+04     1.000E+01
