5        n mn50    p cr50                  taly      8.41700E+00      
1.00E-03     2.507E+09     1.000E+01
2.00E-03     2.504E+09     1.000E+01
3.00E-03     2.502E+09     1.000E+01
4.00E-03     2.499E+09     1.000E+01
5.00E-03     2.496E+09     1.000E+01
6.00E-03     2.469E+09     1.000E+01
7.00E-03     2.442E+09     1.000E+01
8.00E-03     2.416E+09     1.000E+01
9.00E-03     2.390E+09     1.000E+01
1.00E-02     2.364E+09     1.000E+01
1.10E-02     2.357E+09     1.000E+01
1.20E-02     2.350E+09     1.000E+01
1.30E-02     2.343E+09     1.000E+01
1.40E-02     2.335E+09     1.000E+01
1.50E-02     2.328E+09     1.000E+01
1.60E-02     2.321E+09     1.000E+01
1.80E-02     2.308E+09     1.000E+01
2.00E-02     2.294E+09     1.000E+01
2.50E-02     2.259E+09     1.000E+01
3.00E-02     2.226E+09     1.000E+01
4.00E-02     2.160E+09     1.000E+01
5.00E-02     2.096E+09     1.000E+01
6.00E-02     2.066E+09     1.000E+01
7.00E-02     2.036E+09     1.000E+01
8.00E-02     2.007E+09     1.000E+01
9.00E-02     1.978E+09     1.000E+01
1.00E-01     1.950E+09     1.000E+01
1.10E-01     1.931E+09     1.000E+01
1.20E-01     1.912E+09     1.000E+01
1.30E-01     1.893E+09     1.000E+01
1.40E-01     1.874E+09     1.000E+01
1.50E-01     1.856E+09     1.000E+01
1.60E-01     1.842E+09     1.000E+01
1.80E-01     1.815E+09     1.000E+01
2.00E-01     1.789E+09     1.000E+01
2.50E-01     1.739E+09     1.000E+01
3.00E-01     1.697E+09     1.000E+01
3.50E-01     1.664E+09     1.000E+01
4.00E-01     1.631E+09     1.000E+01
4.50E-01     1.606E+09     1.000E+01
5.00E-01     1.581E+09     1.000E+01
6.00E-01     1.544E+09     1.000E+01
7.00E-01     1.516E+09     1.000E+01
8.00E-01     1.495E+09     1.000E+01
9.00E-01     1.477E+09     1.000E+01
1.00E+00     1.462E+09     1.000E+01
1.25E+00     1.436E+09     1.000E+01
1.50E+00     1.411E+09     1.000E+01
1.75E+00     1.401E+09     1.000E+01
2.00E+00     1.390E+09     1.000E+01
2.50E+00     1.386E+09     1.000E+01
3.00E+00     1.391E+09     1.000E+01
3.50E+00     1.401E+09     1.000E+01
4.00E+00     1.405E+09     1.000E+01
5.00E+00     1.337E+09     1.000E+01
6.00E+00     1.107E+09     1.000E+01
7.00E+00     8.035E+08     1.000E+01
8.00E+00     5.572E+08     1.000E+01
9.00E+00     3.956E+08     1.000E+01
1.00E+01     2.943E+08     1.000E+01
