4        n mn52 mn53                       taly      1.20530E+01      
1.00E-03     8.399E+07     1.000E+01
2.00E-03     7.686E+07     1.000E+01
3.00E-03     6.973E+07     1.000E+01
4.00E-03     6.259E+07     1.000E+01
5.00E-03     5.546E+07     1.000E+01
6.00E-03     5.322E+07     1.000E+01
7.00E-03     5.099E+07     1.000E+01
8.00E-03     4.875E+07     1.000E+01
9.00E-03     4.651E+07     1.000E+01
1.00E-02     4.428E+07     1.000E+01
1.10E-02     4.381E+07     1.000E+01
1.20E-02     4.335E+07     1.000E+01
1.30E-02     4.289E+07     1.000E+01
1.40E-02     4.243E+07     1.000E+01
1.50E-02     4.197E+07     1.000E+01
1.60E-02     4.151E+07     1.000E+01
1.80E-02     4.059E+07     1.000E+01
2.00E-02     3.966E+07     1.000E+01
2.50E-02     3.736E+07     1.000E+01
3.00E-02     3.505E+07     1.000E+01
4.00E-02     3.044E+07     1.000E+01
5.00E-02     2.583E+07     1.000E+01
6.00E-02     2.481E+07     1.000E+01
7.00E-02     2.379E+07     1.000E+01
8.00E-02     2.277E+07     1.000E+01
9.00E-02     2.175E+07     1.000E+01
1.00E-01     2.073E+07     1.000E+01
1.10E-01     2.026E+07     1.000E+01
1.20E-01     1.980E+07     1.000E+01
1.30E-01     1.933E+07     1.000E+01
1.40E-01     1.886E+07     1.000E+01
1.50E-01     1.839E+07     1.000E+01
1.60E-01     1.812E+07     1.000E+01
1.80E-01     1.757E+07     1.000E+01
2.00E-01     1.703E+07     1.000E+01
2.50E-01     1.613E+07     1.000E+01
3.00E-01     1.548E+07     1.000E+01
3.50E-01     1.503E+07     1.000E+01
4.00E-01     1.457E+07     1.000E+01
4.50E-01     1.426E+07     1.000E+01
5.00E-01     1.395E+07     1.000E+01
6.00E-01     1.349E+07     1.000E+01
7.00E-01     1.313E+07     1.000E+01
8.00E-01     1.284E+07     1.000E+01
9.00E-01     1.260E+07     1.000E+01
1.00E+00     1.240E+07     1.000E+01
1.25E+00     1.204E+07     1.000E+01
1.50E+00     1.167E+07     1.000E+01
1.75E+00     1.139E+07     1.000E+01
2.00E+00     1.111E+07     1.000E+01
2.50E+00     1.053E+07     1.000E+01
3.00E+00     9.932E+06     1.000E+01
3.50E+00     9.314E+06     1.000E+01
4.00E+00     8.665E+06     1.000E+01
5.00E+00     7.165E+06     1.000E+01
6.00E+00     5.410E+06     1.000E+01
7.00E+00     3.765E+06     1.000E+01
8.00E+00     2.530E+06     1.000E+01
9.00E+00     1.710E+06     1.000E+01
1.00E+01     1.186E+06     1.000E+01
