5        n mn47    p cr47                  taly      1.27780E+01      
1.00E-03     7.461E+08     1.000E+01
2.00E-03     7.470E+08     1.000E+01
3.00E-03     7.478E+08     1.000E+01
4.00E-03     7.487E+08     1.000E+01
5.00E-03     7.495E+08     1.000E+01
6.00E-03     7.423E+08     1.000E+01
7.00E-03     7.351E+08     1.000E+01
8.00E-03     7.280E+08     1.000E+01
9.00E-03     7.209E+08     1.000E+01
1.00E-02     7.140E+08     1.000E+01
1.10E-02     7.122E+08     1.000E+01
1.20E-02     7.104E+08     1.000E+01
1.30E-02     7.087E+08     1.000E+01
1.40E-02     7.069E+08     1.000E+01
1.50E-02     7.051E+08     1.000E+01
1.60E-02     7.034E+08     1.000E+01
1.80E-02     6.999E+08     1.000E+01
2.00E-02     6.964E+08     1.000E+01
2.50E-02     6.878E+08     1.000E+01
3.00E-02     6.793E+08     1.000E+01
4.00E-02     6.627E+08     1.000E+01
5.00E-02     6.464E+08     1.000E+01
6.00E-02     6.385E+08     1.000E+01
7.00E-02     6.307E+08     1.000E+01
8.00E-02     6.230E+08     1.000E+01
9.00E-02     6.154E+08     1.000E+01
1.00E-01     6.079E+08     1.000E+01
1.10E-01     6.026E+08     1.000E+01
1.20E-01     5.974E+08     1.000E+01
1.30E-01     5.922E+08     1.000E+01
1.40E-01     5.871E+08     1.000E+01
1.50E-01     5.820E+08     1.000E+01
1.60E-01     5.782E+08     1.000E+01
1.80E-01     5.707E+08     1.000E+01
2.00E-01     5.633E+08     1.000E+01
2.50E-01     5.487E+08     1.000E+01
3.00E-01     5.363E+08     1.000E+01
3.50E-01     5.257E+08     1.000E+01
4.00E-01     5.152E+08     1.000E+01
4.50E-01     5.062E+08     1.000E+01
5.00E-01     4.973E+08     1.000E+01
6.00E-01     4.818E+08     1.000E+01
7.00E-01     4.684E+08     1.000E+01
8.00E-01     4.568E+08     1.000E+01
9.00E-01     4.466E+08     1.000E+01
1.00E+00     4.376E+08     1.000E+01
1.25E+00     4.212E+08     1.000E+01
1.50E+00     4.055E+08     1.000E+01
1.75E+00     3.958E+08     1.000E+01
2.00E+00     3.863E+08     1.000E+01
2.50E+00     3.738E+08     1.000E+01
3.00E+00     3.651E+08     1.000E+01
3.50E+00     3.585E+08     1.000E+01
4.00E+00     3.531E+08     1.000E+01
5.00E+00     3.439E+08     1.000E+01
6.00E+00     3.347E+08     1.000E+01
7.00E+00     3.190E+08     1.000E+01
8.00E+00     2.783E+08     1.000E+01
9.00E+00     1.969E+08     1.000E+01
1.00E+01     1.080E+08     1.000E+01
