5      he4 mn48    p fe51                  taly      6.01500E+00      
1.00E-03     0.000E+00     1.000E+00
2.00E-03     0.000E+00     1.000E+00
3.00E-03     0.000E+00     1.000E+00
4.00E-03     0.000E+00     1.000E+00
5.00E-03     0.000E+00     1.000E+00
6.00E-03     0.000E+00     1.000E+00
7.00E-03     0.000E+00     1.000E+00
8.00E-03     0.000E+00     1.000E+00
9.00E-03     0.000E+00     1.000E+00
1.00E-02     0.000E+00     1.000E+00
1.10E-02     0.000E+00     1.000E+00
1.20E-02     0.000E+00     1.000E+00
1.30E-02     0.000E+00     1.000E+00
1.40E-02     0.000E+00     1.000E+00
1.50E-02     0.000E+00     1.000E+00
1.60E-02     0.000E+00     1.000E+00
1.80E-02     0.000E+00     1.000E+00
2.00E-02     0.000E+00     1.000E+00
2.50E-02     0.000E+00     1.000E+00
3.00E-02     0.000E+00     1.000E+00
4.00E-02     0.000E+00     1.000E+00
5.00E-02     0.000E+00     1.000E+00
6.00E-02     0.000E+00     1.000E+00
7.00E-02     0.000E+00     1.000E+00
8.00E-02     0.000E+00     1.000E+00
9.00E-02     0.000E+00     1.000E+00
1.00E-01     0.000E+00     1.000E+00
1.10E-01     0.000E+00     1.000E+00
1.20E-01     0.000E+00     1.000E+00
1.30E-01     0.000E+00     1.000E+00
1.40E-01     0.000E+00     1.000E+00
1.50E-01     0.000E+00     1.000E+00
1.60E-01     4.166E-88     1.000E+01
1.80E-01     7.232E-65     1.000E+01
2.00E-01     1.255E-41     1.000E+01
2.50E-01     3.370E-36     1.000E+01
3.00E-01     2.027E-32     1.000E+01
3.50E-01     8.322E-30     1.000E+01
4.00E-01     3.415E-27     1.000E+01
4.50E-01     2.298E-25     1.000E+01
5.00E-01     1.546E-23     1.000E+01
6.00E-01     9.279E-21     1.000E+01
7.00E-01     1.513E-18     1.000E+01
8.00E-01     9.990E-17     1.000E+01
9.00E-01     3.418E-15     1.000E+01
1.00E+00     7.126E-14     1.000E+01
1.25E+00     1.462E-11     1.000E+01
1.50E+00     3.000E-09     1.000E+01
1.75E+00     8.106E-08     1.000E+01
2.00E+00     2.190E-06     1.000E+01
2.50E+00     2.161E-04     1.000E+01
3.00E+00     6.507E-03     1.000E+01
3.50E+00     9.016E-02     1.000E+01
4.00E+00     7.291E-01     1.000E+01
5.00E+00     1.633E+01     1.000E+01
6.00E+00     1.459E+02     1.000E+01
7.00E+00     7.195E+02     1.000E+01
8.00E+00     2.254E+03     1.000E+01
9.00E+00     4.679E+03     1.000E+01
1.00E+01     6.775E+03     1.000E+01
