5        n mn51  he4  v48                  taly      1.88000E+00      
1.00E-03     2.370E-04     1.000E+01
2.00E-03     2.275E-04     1.000E+01
3.00E-03     2.184E-04     1.000E+01
4.00E-03     2.096E-04     1.000E+01
5.00E-03     2.012E-04     1.000E+01
6.00E-03     1.962E-04     1.000E+01
7.00E-03     1.913E-04     1.000E+01
8.00E-03     1.865E-04     1.000E+01
9.00E-03     1.819E-04     1.000E+01
1.00E-02     1.774E-04     1.000E+01
1.10E-02     1.761E-04     1.000E+01
1.20E-02     1.749E-04     1.000E+01
1.30E-02     1.736E-04     1.000E+01
1.40E-02     1.724E-04     1.000E+01
1.50E-02     1.712E-04     1.000E+01
1.60E-02     1.699E-04     1.000E+01
1.80E-02     1.675E-04     1.000E+01
2.00E-02     1.652E-04     1.000E+01
2.50E-02     1.594E-04     1.000E+01
3.00E-02     1.538E-04     1.000E+01
4.00E-02     1.433E-04     1.000E+01
5.00E-02     1.334E-04     1.000E+01
6.00E-02     1.313E-04     1.000E+01
7.00E-02     1.293E-04     1.000E+01
8.00E-02     1.273E-04     1.000E+01
9.00E-02     1.253E-04     1.000E+01
1.00E-01     1.234E-04     1.000E+01
1.10E-01     1.236E-04     1.000E+01
1.20E-01     1.239E-04     1.000E+01
1.30E-01     1.242E-04     1.000E+01
1.40E-01     1.245E-04     1.000E+01
1.50E-01     1.247E-04     1.000E+01
1.60E-01     1.262E-04     1.000E+01
1.80E-01     1.292E-04     1.000E+01
2.00E-01     1.323E-04     1.000E+01
2.50E-01     1.450E-04     1.000E+01
3.00E-01     1.637E-04     1.000E+01
3.50E-01     1.942E-04     1.000E+01
4.00E-01     2.304E-04     1.000E+01
4.50E-01     2.916E-04     1.000E+01
5.00E-01     3.690E-04     1.000E+01
6.00E-01     6.476E-04     1.000E+01
7.00E-01     1.192E-03     1.000E+01
8.00E-01     2.239E-03     1.000E+01
9.00E-01     4.241E-03     1.000E+01
1.00E+00     8.048E-03     1.000E+01
1.25E+00     3.882E-02     1.000E+01
1.50E+00     1.873E-01     1.000E+01
1.75E+00     7.830E-01     1.000E+01
2.00E+00     3.273E+00     1.000E+01
2.50E+00     3.678E+01     1.000E+01
3.00E+00     2.756E+02     1.000E+01
3.50E+00     1.487E+03     1.000E+01
4.00E+00     6.156E+03     1.000E+01
5.00E+00     5.676E+04     1.000E+01
6.00E+00     2.729E+05     1.000E+01
7.00E+00     7.846E+05     1.000E+01
8.00E+00     1.559E+06     1.000E+01
9.00E+00     2.478E+06     1.000E+01
1.00E+01     3.473E+06     1.000E+01
