4      he4 mn47 co51                       taly      7.20200E+00      
1.00E-03     0.000E+00     1.000E+00
2.00E-03     0.000E+00     1.000E+00
3.00E-03     0.000E+00     1.000E+00
4.00E-03     0.000E+00     1.000E+00
5.00E-03     0.000E+00     1.000E+00
6.00E-03     0.000E+00     1.000E+00
7.00E-03     0.000E+00     1.000E+00
8.00E-03     0.000E+00     1.000E+00
9.00E-03     0.000E+00     1.000E+00
1.00E-02     0.000E+00     1.000E+00
1.10E-02     0.000E+00     1.000E+00
1.20E-02     0.000E+00     1.000E+00
1.30E-02     0.000E+00     1.000E+00
1.40E-02     0.000E+00     1.000E+00
1.50E-02     0.000E+00     1.000E+00
1.60E-02     0.000E+00     1.000E+00
1.80E-02     0.000E+00     1.000E+00
2.00E-02     0.000E+00     1.000E+00
2.50E-02     0.000E+00     1.000E+00
3.00E-02     0.000E+00     1.000E+00
4.00E-02     0.000E+00     1.000E+00
5.00E-02     0.000E+00     1.000E+00
6.00E-02     0.000E+00     1.000E+00
7.00E-02     0.000E+00     1.000E+00
8.00E-02     0.000E+00     1.000E+00
9.00E-02     0.000E+00     1.000E+00
1.00E-01     0.000E+00     1.000E+00
1.10E-01     0.000E+00     1.000E+00
1.20E-01     0.000E+00     1.000E+00
1.30E-01     0.000E+00     1.000E+00
1.40E-01     0.000E+00     1.000E+00
1.50E-01     0.000E+00     1.000E+00
1.60E-01     7.344E-89     1.000E+01
1.80E-01     3.960E-67     1.000E+01
2.00E-01     2.136E-45     1.000E+01
2.50E-01     3.980E-40     1.000E+01
3.00E-01     1.324E-36     1.000E+01
3.50E-01     2.939E-34     1.000E+01
4.00E-01     6.526E-32     1.000E+01
4.50E-01     3.883E-30     1.000E+01
5.00E-01     2.310E-28     1.000E+01
6.00E-01     1.548E-25     1.000E+01
7.00E-01     2.889E-23     1.000E+01
8.00E-01     2.176E-21     1.000E+01
9.00E-01     8.451E-20     1.000E+01
1.00E+00     1.985E-18     1.000E+01
1.25E+00     4.918E-16     1.000E+01
1.50E+00     1.218E-13     1.000E+01
1.75E+00     3.292E-12     1.000E+01
2.00E+00     8.894E-11     1.000E+01
2.50E+00     7.122E-09     1.000E+01
3.00E+00     1.645E-07     1.000E+01
3.50E+00     1.774E-06     1.000E+01
4.00E+00     1.160E-05     1.000E+01
5.00E+00     1.933E-04     1.000E+01
6.00E+00     1.479E-03     1.000E+01
7.00E+00     6.871E-03     1.000E+01
8.00E+00     2.120E-02     1.000E+01
9.00E+00     4.218E-02     1.000E+01
1.00E+01     5.505E-02     1.000E+01
