4      he4 mn53 co57                       taly      7.08100E+00      
1.00E-03     0.000E+00     1.000E+00
2.00E-03     0.000E+00     1.000E+00
3.00E-03     0.000E+00     1.000E+00
4.00E-03     0.000E+00     1.000E+00
5.00E-03     0.000E+00     1.000E+00
6.00E-03     0.000E+00     1.000E+00
7.00E-03     0.000E+00     1.000E+00
8.00E-03     0.000E+00     1.000E+00
9.00E-03     0.000E+00     1.000E+00
1.00E-02     0.000E+00     1.000E+00
1.10E-02     0.000E+00     1.000E+00
1.20E-02     0.000E+00     1.000E+00
1.30E-02     0.000E+00     1.000E+00
1.40E-02     0.000E+00     1.000E+00
1.50E-02     0.000E+00     1.000E+00
1.60E-02     0.000E+00     1.000E+00
1.80E-02     0.000E+00     1.000E+00
2.00E-02     0.000E+00     1.000E+00
2.50E-02     0.000E+00     1.000E+00
3.00E-02     0.000E+00     1.000E+00
4.00E-02     0.000E+00     1.000E+00
5.00E-02     0.000E+00     1.000E+00
6.00E-02     0.000E+00     1.000E+00
7.00E-02     0.000E+00     1.000E+00
8.00E-02     0.000E+00     1.000E+00
9.00E-02     0.000E+00     1.000E+00
1.00E-01     0.000E+00     1.000E+00
1.10E-01     0.000E+00     1.000E+00
1.20E-01     0.000E+00     1.000E+00
1.30E-01     0.000E+00     1.000E+00
1.40E-01     0.000E+00     1.000E+00
1.50E-01     0.000E+00     1.000E+00
1.60E-01     4.279E-88     1.000E+01
1.80E-01     7.835E-65     1.000E+01
2.00E-01     1.435E-41     1.000E+01
2.50E-01     3.864E-36     1.000E+01
3.00E-01     2.265E-32     1.000E+01
3.50E-01     8.691E-30     1.000E+01
4.00E-01     3.335E-27     1.000E+01
4.50E-01     2.021E-25     1.000E+01
5.00E-01     1.225E-23     1.000E+01
6.00E-01     5.951E-21     1.000E+01
7.00E-01     8.038E-19     1.000E+01
8.00E-01     4.445E-17     1.000E+01
9.00E-01     1.273E-15     1.000E+01
1.00E+00     2.216E-14     1.000E+01
1.25E+00     2.985E-12     1.000E+01
1.50E+00     4.021E-10     1.000E+01
1.75E+00     7.644E-09     1.000E+01
2.00E+00     1.453E-07     1.000E+01
2.50E+00     7.774E-06     1.000E+01
3.00E+00     1.420E-04     1.000E+01
3.50E+00     1.373E-03     1.000E+01
4.00E+00     8.873E-03     1.000E+01
5.00E+00     1.610E-01     1.000E+01
6.00E+00     1.179E+00     1.000E+01
7.00E+00     4.338E+00     1.000E+01
8.00E+00     1.047E+01     1.000E+01
9.00E+00     2.002E+01     1.000E+01
1.00E+01     3.328E+01     1.000E+01
