5        n mo83  he4 zr80                  taly      1.44770E+01      
1.00E-03     1.035E+05     1.000E+01
2.00E-03     1.048E+05     1.000E+01
3.00E-03     1.061E+05     1.000E+01
4.00E-03     1.074E+05     1.000E+01
5.00E-03     1.087E+05     1.000E+01
6.00E-03     1.085E+05     1.000E+01
7.00E-03     1.083E+05     1.000E+01
8.00E-03     1.081E+05     1.000E+01
9.00E-03     1.079E+05     1.000E+01
1.00E-02     1.077E+05     1.000E+01
1.10E-02     1.081E+05     1.000E+01
1.20E-02     1.085E+05     1.000E+01
1.30E-02     1.089E+05     1.000E+01
1.40E-02     1.093E+05     1.000E+01
1.50E-02     1.097E+05     1.000E+01
1.60E-02     1.101E+05     1.000E+01
1.80E-02     1.109E+05     1.000E+01
2.00E-02     1.118E+05     1.000E+01
2.50E-02     1.139E+05     1.000E+01
3.00E-02     1.160E+05     1.000E+01
4.00E-02     1.204E+05     1.000E+01
5.00E-02     1.250E+05     1.000E+01
6.00E-02     1.293E+05     1.000E+01
7.00E-02     1.338E+05     1.000E+01
8.00E-02     1.385E+05     1.000E+01
9.00E-02     1.433E+05     1.000E+01
1.00E-01     1.483E+05     1.000E+01
1.10E-01     1.528E+05     1.000E+01
1.20E-01     1.575E+05     1.000E+01
1.30E-01     1.623E+05     1.000E+01
1.40E-01     1.673E+05     1.000E+01
1.50E-01     1.724E+05     1.000E+01
1.60E-01     1.771E+05     1.000E+01
1.80E-01     1.869E+05     1.000E+01
2.00E-01     1.972E+05     1.000E+01
2.50E-01     2.219E+05     1.000E+01
3.00E-01     2.458E+05     1.000E+01
3.50E-01     2.671E+05     1.000E+01
4.00E-01     2.901E+05     1.000E+01
4.50E-01     3.079E+05     1.000E+01
5.00E-01     3.268E+05     1.000E+01
6.00E-01     3.474E+05     1.000E+01
7.00E-01     3.430E+05     1.000E+01
8.00E-01     3.144E+05     1.000E+01
9.00E-01     2.739E+05     1.000E+01
1.00E+00     2.350E+05     1.000E+01
1.25E+00     2.087E+05     1.000E+01
1.50E+00     1.853E+05     1.000E+01
1.75E+00     2.247E+05     1.000E+01
2.00E+00     2.725E+05     1.000E+01
2.50E+00     3.812E+05     1.000E+01
3.00E+00     4.736E+05     1.000E+01
3.50E+00     5.410E+05     1.000E+01
4.00E+00     5.838E+05     1.000E+01
5.00E+00     6.085E+05     1.000E+01
6.00E+00     5.717E+05     1.000E+01
7.00E+00     4.937E+05     1.000E+01
8.00E+00     3.944E+05     1.000E+01
9.00E+00     2.943E+05     1.000E+01
1.00E+01     2.088E+05     1.000E+01
