4        p mo86 tc87                       taly      8.69000E-01      
1.00E-03     0.000E+00     1.000E+00
2.00E-03     0.000E+00     1.000E+00
3.00E-03     0.000E+00     1.000E+00
4.00E-03     0.000E+00     1.000E+00
5.00E-03     0.000E+00     1.000E+00
6.00E-03     0.000E+00     1.000E+00
7.00E-03     0.000E+00     1.000E+00
8.00E-03     0.000E+00     1.000E+00
9.00E-03     0.000E+00     1.000E+00
1.00E-02     0.000E+00     1.000E+00
1.10E-02     2.105E-98     1.000E+01
1.20E-02     4.431E-97     1.000E+01
1.30E-02     9.326E-96     1.000E+01
1.40E-02     1.963E-94     1.000E+01
1.50E-02     4.132E-93     1.000E+01
1.60E-02     8.698E-92     1.000E+01
1.80E-02     3.854E-89     1.000E+01
2.00E-02     1.707E-86     1.000E+01
2.50E-02     7.055E-80     1.000E+01
3.00E-02     2.915E-73     1.000E+01
4.00E-02     4.977E-60     1.000E+01
5.00E-02     8.499E-47     1.000E+01
6.00E-02     1.548E-43     1.000E+01
7.00E-02     2.820E-40     1.000E+01
8.00E-02     5.137E-37     1.000E+01
9.00E-02     9.357E-34     1.000E+01
1.00E-01     1.704E-30     1.000E+01
1.10E-01     2.914E-29     1.000E+01
1.20E-01     4.982E-28     1.000E+01
1.30E-01     8.518E-27     1.000E+01
1.40E-01     1.456E-25     1.000E+01
1.50E-01     2.490E-24     1.000E+01
1.60E-01     1.405E-23     1.000E+01
1.80E-01     4.469E-22     1.000E+01
2.00E-01     1.422E-20     1.000E+01
2.50E-01     6.720E-18     1.000E+01
3.00E-01     8.007E-16     1.000E+01
3.50E-01     2.760E-14     1.000E+01
4.00E-01     9.517E-13     1.000E+01
4.50E-01     1.110E-11     1.000E+01
5.00E-01     1.294E-10     1.000E+01
6.00E-01     4.743E-09     1.000E+01
7.00E-01     7.642E-08     1.000E+01
8.00E-01     7.108E-07     1.000E+01
9.00E-01     4.486E-06     1.000E+01
1.00E+00     2.129E-05     1.000E+01
1.25E+00     3.055E-04     1.000E+01
1.50E+00     4.384E-03     1.000E+01
1.75E+00     2.264E-02     1.000E+01
2.00E+00     1.169E-01     1.000E+01
2.50E+00     1.160E+00     1.000E+01
3.00E+00     6.490E+00     1.000E+01
3.50E+00     2.547E+01     1.000E+01
4.00E+00     7.915E+01     1.000E+01
5.00E+00     4.879E+02     1.000E+01
6.00E+00     2.027E+03     1.000E+01
7.00E+00     6.097E+03     1.000E+01
8.00E+00     9.247E+03     1.000E+01
9.00E+00     5.306E+03     1.000E+01
1.00E+01     2.456E+03     1.000E+01
