5        p tc86  he4 mo83                  taly      2.53000E-01      
1.00E-03     0.000E+00     1.000E+00
2.00E-03     0.000E+00     1.000E+00
3.00E-03     0.000E+00     1.000E+00
4.00E-03     0.000E+00     1.000E+00
5.00E-03     0.000E+00     1.000E+00
6.00E-03     0.000E+00     1.000E+00
7.00E-03     0.000E+00     1.000E+00
8.00E-03     0.000E+00     1.000E+00
9.00E-03     0.000E+00     1.000E+00
1.00E-02     0.000E+00     1.000E+00
1.10E-02     1.604E-98     1.000E+01
1.20E-02     2.573E-97     1.000E+01
1.30E-02     4.126E-96     1.000E+01
1.40E-02     6.618E-95     1.000E+01
1.50E-02     1.061E-93     1.000E+01
1.60E-02     1.702E-92     1.000E+01
1.80E-02     4.380E-90     1.000E+01
2.00E-02     1.127E-87     1.000E+01
2.50E-02     1.196E-81     1.000E+01
3.00E-02     1.269E-75     1.000E+01
4.00E-02     1.430E-63     1.000E+01
5.00E-02     1.611E-51     1.000E+01
6.00E-02     2.821E-48     1.000E+01
7.00E-02     4.940E-45     1.000E+01
8.00E-02     8.648E-42     1.000E+01
9.00E-02     1.514E-38     1.000E+01
1.00E-01     2.651E-35     1.000E+01
1.10E-01     3.074E-34     1.000E+01
1.20E-01     3.565E-33     1.000E+01
1.30E-01     4.135E-32     1.000E+01
1.40E-01     4.795E-31     1.000E+01
1.50E-01     5.561E-30     1.000E+01
1.60E-01     1.869E-29     1.000E+01
1.80E-01     2.110E-28     1.000E+01
2.00E-01     2.382E-27     1.000E+01
2.50E-01     8.760E-26     1.000E+01
3.00E-01     9.519E-25     1.000E+01
3.50E-01     4.173E-24     1.000E+01
4.00E-01     1.829E-23     1.000E+01
4.50E-01     4.399E-23     1.000E+01
5.00E-01     1.058E-22     1.000E+01
6.00E-01     3.371E-22     1.000E+01
7.00E-01     7.666E-22     1.000E+01
8.00E-01     1.413E-21     1.000E+01
9.00E-01     2.277E-21     1.000E+01
1.00E+00     4.607E-21     1.000E+01
1.25E+00     5.167E-18     1.000E+01
1.50E+00     5.795E-15     1.000E+01
1.75E+00     1.965E-13     1.000E+01
2.00E+00     6.664E-12     1.000E+01
2.50E+00     5.508E-10     1.000E+01
3.00E+00     1.772E-08     1.000E+01
3.50E+00     3.195E-07     1.000E+01
4.00E+00     3.808E-06     1.000E+01
5.00E+00     2.143E-04     1.000E+01
6.00E+00     4.816E-03     1.000E+01
7.00E+00     5.573E-02     1.000E+01
8.00E+00     3.906E-01     1.000E+01
9.00E+00     1.853E+00     1.000E+01
1.00E+01     6.463E+00     1.000E+01
