4      he4 mo82 ru86                       taly      2.25100E+00      
1.00E-03     0.000E+00     1.000E+00
2.00E-03     0.000E+00     1.000E+00
3.00E-03     0.000E+00     1.000E+00
4.00E-03     0.000E+00     1.000E+00
5.00E-03     0.000E+00     1.000E+00
6.00E-03     0.000E+00     1.000E+00
7.00E-03     0.000E+00     1.000E+00
8.00E-03     0.000E+00     1.000E+00
9.00E-03     0.000E+00     1.000E+00
1.00E-02     0.000E+00     1.000E+00
1.10E-02     0.000E+00     1.000E+00
1.20E-02     0.000E+00     1.000E+00
1.30E-02     0.000E+00     1.000E+00
1.40E-02     0.000E+00     1.000E+00
1.50E-02     0.000E+00     1.000E+00
1.60E-02     0.000E+00     1.000E+00
1.80E-02     0.000E+00     1.000E+00
2.00E-02     0.000E+00     1.000E+00
2.50E-02     0.000E+00     1.000E+00
3.00E-02     0.000E+00     1.000E+00
4.00E-02     0.000E+00     1.000E+00
5.00E-02     0.000E+00     1.000E+00
6.00E-02     0.000E+00     1.000E+00
7.00E-02     0.000E+00     1.000E+00
8.00E-02     0.000E+00     1.000E+00
9.00E-02     0.000E+00     1.000E+00
1.00E-01     0.000E+00     1.000E+00
1.10E-01     0.000E+00     1.000E+00
1.20E-01     0.000E+00     1.000E+00
1.30E-01     0.000E+00     1.000E+00
1.40E-01     0.000E+00     1.000E+00
1.50E-01     0.000E+00     1.000E+00
1.60E-01     0.000E+00     1.000E+00
1.80E-01     0.000E+00     1.000E+00
2.00E-01     0.000E+00     1.000E+00
2.50E-01     0.000E+00     1.000E+00
3.00E-01     0.000E+00     1.000E+00
3.50E-01     1.436E-73     1.000E+01
4.00E-01     2.062E-47     1.000E+01
4.50E-01     2.605E-44     1.000E+01
5.00E-01     3.291E-41     1.000E+01
6.00E-01     5.206E-37     1.000E+01
7.00E-01     6.346E-34     1.000E+01
8.00E-01     1.631E-31     1.000E+01
9.00E-01     1.528E-29     1.000E+01
1.00E+00     7.203E-28     1.000E+01
1.25E+00     6.703E-25     1.000E+01
1.50E+00     6.238E-22     1.000E+01
1.75E+00     4.474E-20     1.000E+01
2.00E+00     3.208E-18     1.000E+01
2.50E+00     1.189E-15     1.000E+01
3.00E+00     9.531E-14     1.000E+01
3.50E+00     2.883E-12     1.000E+01
4.00E+00     4.527E-11     1.000E+01
5.00E+00     3.120E-09     1.000E+01
6.00E+00     7.107E-08     1.000E+01
7.00E+00     7.680E-07     1.000E+01
8.00E+00     4.787E-06     1.000E+01
9.00E+00     1.941E-05     1.000E+01
1.00E+01     5.557E-05     1.000E+01
