5      he4 mo82    p tc85                  taly      7.16000E-01      
1.00E-03     0.000E+00     1.000E+00
2.00E-03     0.000E+00     1.000E+00
3.00E-03     0.000E+00     1.000E+00
4.00E-03     0.000E+00     1.000E+00
5.00E-03     0.000E+00     1.000E+00
6.00E-03     0.000E+00     1.000E+00
7.00E-03     0.000E+00     1.000E+00
8.00E-03     0.000E+00     1.000E+00
9.00E-03     0.000E+00     1.000E+00
1.00E-02     0.000E+00     1.000E+00
1.10E-02     0.000E+00     1.000E+00
1.20E-02     0.000E+00     1.000E+00
1.30E-02     0.000E+00     1.000E+00
1.40E-02     0.000E+00     1.000E+00
1.50E-02     0.000E+00     1.000E+00
1.60E-02     0.000E+00     1.000E+00
1.80E-02     0.000E+00     1.000E+00
2.00E-02     0.000E+00     1.000E+00
2.50E-02     0.000E+00     1.000E+00
3.00E-02     0.000E+00     1.000E+00
4.00E-02     0.000E+00     1.000E+00
5.00E-02     0.000E+00     1.000E+00
6.00E-02     0.000E+00     1.000E+00
7.00E-02     0.000E+00     1.000E+00
8.00E-02     0.000E+00     1.000E+00
9.00E-02     0.000E+00     1.000E+00
1.00E-01     0.000E+00     1.000E+00
1.10E-01     0.000E+00     1.000E+00
1.20E-01     0.000E+00     1.000E+00
1.30E-01     0.000E+00     1.000E+00
1.40E-01     0.000E+00     1.000E+00
1.50E-01     0.000E+00     1.000E+00
1.60E-01     0.000E+00     1.000E+00
1.80E-01     0.000E+00     1.000E+00
2.00E-01     0.000E+00     1.000E+00
2.50E-01     0.000E+00     1.000E+00
3.00E-01     0.000E+00     1.000E+00
3.50E-01     1.274E-72     1.000E+01
4.00E-01     1.622E-45     1.000E+01
4.50E-01     2.159E-42     1.000E+01
5.00E-01     2.873E-39     1.000E+01
6.00E-01     5.531E-35     1.000E+01
7.00E-01     8.881E-32     1.000E+01
8.00E-01     3.093E-29     1.000E+01
9.00E-01     3.876E-27     1.000E+01
1.00E+00     2.372E-25     1.000E+01
1.25E+00     3.124E-22     1.000E+01
1.50E+00     4.115E-19     1.000E+01
1.75E+00     3.203E-17     1.000E+01
2.00E+00     2.493E-15     1.000E+01
2.50E+00     9.373E-13     1.000E+01
3.00E+00     7.096E-11     1.000E+01
3.50E+00     1.934E-09     1.000E+01
4.00E+00     2.636E-08     1.000E+01
5.00E+00     1.272E-06     1.000E+01
6.00E+00     1.959E-05     1.000E+01
7.00E+00     1.459E-04     1.000E+01
8.00E+00     6.530E-04     1.000E+01
9.00E+00     1.999E-03     1.000E+01
1.00E+01     4.567E-03     1.000E+01
