4        n mo85 mo86                       taly      1.46710E+01      
1.00E-03     1.169E+06     1.000E+01
2.00E-03     1.183E+06     1.000E+01
3.00E-03     1.198E+06     1.000E+01
4.00E-03     1.213E+06     1.000E+01
5.00E-03     1.227E+06     1.000E+01
6.00E-03     1.225E+06     1.000E+01
7.00E-03     1.223E+06     1.000E+01
8.00E-03     1.220E+06     1.000E+01
9.00E-03     1.218E+06     1.000E+01
1.00E-02     1.216E+06     1.000E+01
1.10E-02     1.220E+06     1.000E+01
1.20E-02     1.225E+06     1.000E+01
1.30E-02     1.230E+06     1.000E+01
1.40E-02     1.235E+06     1.000E+01
1.50E-02     1.240E+06     1.000E+01
1.60E-02     1.244E+06     1.000E+01
1.80E-02     1.254E+06     1.000E+01
2.00E-02     1.263E+06     1.000E+01
2.50E-02     1.287E+06     1.000E+01
3.00E-02     1.311E+06     1.000E+01
4.00E-02     1.359E+06     1.000E+01
5.00E-02     1.407E+06     1.000E+01
6.00E-02     1.457E+06     1.000E+01
7.00E-02     1.508E+06     1.000E+01
8.00E-02     1.558E+06     1.000E+01
9.00E-02     1.609E+06     1.000E+01
1.00E-01     1.659E+06     1.000E+01
1.10E-01     1.710E+06     1.000E+01
1.20E-01     1.761E+06     1.000E+01
1.30E-01     1.812E+06     1.000E+01
1.40E-01     1.863E+06     1.000E+01
1.50E-01     1.914E+06     1.000E+01
1.60E-01     1.965E+06     1.000E+01
1.80E-01     2.067E+06     1.000E+01
2.00E-01     2.170E+06     1.000E+01
2.50E-01     2.418E+06     1.000E+01
3.00E-01     2.652E+06     1.000E+01
3.50E-01     2.847E+06     1.000E+01
4.00E-01     3.041E+06     1.000E+01
4.50E-01     3.106E+06     1.000E+01
5.00E-01     3.171E+06     1.000E+01
6.00E-01     2.822E+06     1.000E+01
7.00E-01     2.139E+06     1.000E+01
8.00E-01     1.496E+06     1.000E+01
9.00E-01     1.042E+06     1.000E+01
1.00E+00     7.515E+05     1.000E+01
1.25E+00     5.087E+05     1.000E+01
1.50E+00     2.660E+05     1.000E+01
1.75E+00     2.173E+05     1.000E+01
2.00E+00     1.686E+05     1.000E+01
2.50E+00     1.349E+05     1.000E+01
3.00E+00     1.197E+05     1.000E+01
3.50E+00     1.122E+05     1.000E+01
4.00E+00     1.089E+05     1.000E+01
5.00E+00     1.095E+05     1.000E+01
6.00E+00     1.150E+05     1.000E+01
7.00E+00     1.217E+05     1.000E+01
8.00E+00     1.265E+05     1.000E+01
9.00E+00     1.275E+05     1.000E+01
1.00E+01     1.240E+05     1.000E+01
