5        n mo83    p nb83                  taly      1.25070E+01      
1.00E-03     3.298E+07     1.000E+01
2.00E-03     3.339E+07     1.000E+01
3.00E-03     3.380E+07     1.000E+01
4.00E-03     3.422E+07     1.000E+01
5.00E-03     3.465E+07     1.000E+01
6.00E-03     3.459E+07     1.000E+01
7.00E-03     3.453E+07     1.000E+01
8.00E-03     3.447E+07     1.000E+01
9.00E-03     3.442E+07     1.000E+01
1.00E-02     3.436E+07     1.000E+01
1.10E-02     3.449E+07     1.000E+01
1.20E-02     3.462E+07     1.000E+01
1.30E-02     3.476E+07     1.000E+01
1.40E-02     3.489E+07     1.000E+01
1.50E-02     3.502E+07     1.000E+01
1.60E-02     3.516E+07     1.000E+01
1.80E-02     3.543E+07     1.000E+01
2.00E-02     3.570E+07     1.000E+01
2.50E-02     3.639E+07     1.000E+01
3.00E-02     3.710E+07     1.000E+01
4.00E-02     3.855E+07     1.000E+01
5.00E-02     4.005E+07     1.000E+01
6.00E-02     4.145E+07     1.000E+01
7.00E-02     4.290E+07     1.000E+01
8.00E-02     4.440E+07     1.000E+01
9.00E-02     4.595E+07     1.000E+01
1.00E-01     4.755E+07     1.000E+01
1.10E-01     4.897E+07     1.000E+01
1.20E-01     5.044E+07     1.000E+01
1.30E-01     5.195E+07     1.000E+01
1.40E-01     5.350E+07     1.000E+01
1.50E-01     5.510E+07     1.000E+01
1.60E-01     5.654E+07     1.000E+01
1.80E-01     5.954E+07     1.000E+01
2.00E-01     6.270E+07     1.000E+01
2.50E-01     7.010E+07     1.000E+01
3.00E-01     7.709E+07     1.000E+01
3.50E-01     8.309E+07     1.000E+01
4.00E-01     8.955E+07     1.000E+01
4.50E-01     9.422E+07     1.000E+01
5.00E-01     9.914E+07     1.000E+01
6.00E-01     1.035E+08     1.000E+01
7.00E-01     1.003E+08     1.000E+01
8.00E-01     8.992E+07     1.000E+01
9.00E-01     7.608E+07     1.000E+01
1.00E+00     6.238E+07     1.000E+01
1.25E+00     3.925E+07     1.000E+01
1.50E+00     2.469E+07     1.000E+01
1.75E+00     1.835E+07     1.000E+01
2.00E+00     1.363E+07     1.000E+01
2.50E+00     9.269E+06     1.000E+01
3.00E+00     7.053E+06     1.000E+01
3.50E+00     5.729E+06     1.000E+01
4.00E+00     4.848E+06     1.000E+01
5.00E+00     3.725E+06     1.000E+01
6.00E+00     2.983E+06     1.000E+01
7.00E+00     2.387E+06     1.000E+01
8.00E+00     1.857E+06     1.000E+01
9.00E+00     1.388E+06     1.000E+01
1.00E+01     9.997E+05     1.000E+01
