5        n mo85  he4 zr82                  taly      1.20790E+01      
1.00E-03     2.004E+05     1.000E+01
2.00E-03     2.028E+05     1.000E+01
3.00E-03     2.054E+05     1.000E+01
4.00E-03     2.079E+05     1.000E+01
5.00E-03     2.105E+05     1.000E+01
6.00E-03     2.101E+05     1.000E+01
7.00E-03     2.097E+05     1.000E+01
8.00E-03     2.094E+05     1.000E+01
9.00E-03     2.090E+05     1.000E+01
1.00E-02     2.087E+05     1.000E+01
1.10E-02     2.095E+05     1.000E+01
1.20E-02     2.103E+05     1.000E+01
1.30E-02     2.111E+05     1.000E+01
1.40E-02     2.119E+05     1.000E+01
1.50E-02     2.127E+05     1.000E+01
1.60E-02     2.135E+05     1.000E+01
1.80E-02     2.152E+05     1.000E+01
2.00E-02     2.168E+05     1.000E+01
2.50E-02     2.210E+05     1.000E+01
3.00E-02     2.253E+05     1.000E+01
4.00E-02     2.341E+05     1.000E+01
5.00E-02     2.432E+05     1.000E+01
6.00E-02     2.519E+05     1.000E+01
7.00E-02     2.609E+05     1.000E+01
8.00E-02     2.702E+05     1.000E+01
9.00E-02     2.799E+05     1.000E+01
1.00E-01     2.899E+05     1.000E+01
1.10E-01     2.990E+05     1.000E+01
1.20E-01     3.083E+05     1.000E+01
1.30E-01     3.180E+05     1.000E+01
1.40E-01     3.279E+05     1.000E+01
1.50E-01     3.382E+05     1.000E+01
1.60E-01     3.476E+05     1.000E+01
1.80E-01     3.673E+05     1.000E+01
2.00E-01     3.881E+05     1.000E+01
2.50E-01     4.378E+05     1.000E+01
3.00E-01     4.858E+05     1.000E+01
3.50E-01     5.262E+05     1.000E+01
4.00E-01     5.699E+05     1.000E+01
4.50E-01     5.884E+05     1.000E+01
5.00E-01     6.075E+05     1.000E+01
6.00E-01     5.525E+05     1.000E+01
7.00E-01     4.279E+05     1.000E+01
8.00E-01     3.057E+05     1.000E+01
9.00E-01     2.178E+05     1.000E+01
1.00E+00     1.607E+05     1.000E+01
1.25E+00     1.024E+05     1.000E+01
1.50E+00     6.522E+04     1.000E+01
1.75E+00     5.655E+04     1.000E+01
2.00E+00     4.904E+04     1.000E+01
2.50E+00     4.797E+04     1.000E+01
3.00E+00     5.416E+04     1.000E+01
3.50E+00     6.739E+04     1.000E+01
4.00E+00     8.951E+04     1.000E+01
5.00E+00     1.725E+05     1.000E+01
6.00E+00     3.321E+05     1.000E+01
7.00E+00     5.936E+05     1.000E+01
8.00E+00     9.537E+05     1.000E+01
9.00E+00     1.366E+06     1.000E+01
1.00E+01     1.759E+06     1.000E+01
