4      he4 mo84 ru88                       taly      2.32200E+00      
1.00E-03     0.000E+00     1.000E+00
2.00E-03     0.000E+00     1.000E+00
3.00E-03     0.000E+00     1.000E+00
4.00E-03     0.000E+00     1.000E+00
5.00E-03     0.000E+00     1.000E+00
6.00E-03     0.000E+00     1.000E+00
7.00E-03     0.000E+00     1.000E+00
8.00E-03     0.000E+00     1.000E+00
9.00E-03     0.000E+00     1.000E+00
1.00E-02     0.000E+00     1.000E+00
1.10E-02     0.000E+00     1.000E+00
1.20E-02     0.000E+00     1.000E+00
1.30E-02     0.000E+00     1.000E+00
1.40E-02     0.000E+00     1.000E+00
1.50E-02     0.000E+00     1.000E+00
1.60E-02     0.000E+00     1.000E+00
1.80E-02     0.000E+00     1.000E+00
2.00E-02     0.000E+00     1.000E+00
2.50E-02     0.000E+00     1.000E+00
3.00E-02     0.000E+00     1.000E+00
4.00E-02     0.000E+00     1.000E+00
5.00E-02     0.000E+00     1.000E+00
6.00E-02     0.000E+00     1.000E+00
7.00E-02     0.000E+00     1.000E+00
8.00E-02     0.000E+00     1.000E+00
9.00E-02     0.000E+00     1.000E+00
1.00E-01     0.000E+00     1.000E+00
1.10E-01     0.000E+00     1.000E+00
1.20E-01     0.000E+00     1.000E+00
1.30E-01     0.000E+00     1.000E+00
1.40E-01     0.000E+00     1.000E+00
1.50E-01     0.000E+00     1.000E+00
1.60E-01     0.000E+00     1.000E+00
1.80E-01     0.000E+00     1.000E+00
2.00E-01     0.000E+00     1.000E+00
2.50E-01     0.000E+00     1.000E+00
3.00E-01     0.000E+00     1.000E+00
3.50E-01     2.173E-72     1.000E+01
4.00E-01     4.721E-45     1.000E+01
4.50E-01     5.908E-42     1.000E+01
5.00E-01     7.393E-39     1.000E+01
6.00E-01     1.521E-34     1.000E+01
7.00E-01     3.054E-31     1.000E+01
8.00E-01     1.465E-28     1.000E+01
9.00E-01     2.596E-26     1.000E+01
1.00E+00     2.174E-24     1.000E+01
1.25E+00     4.034E-21     1.000E+01
1.50E+00     7.485E-18     1.000E+01
1.75E+00     5.264E-16     1.000E+01
2.00E+00     3.703E-14     1.000E+01
2.50E+00     7.792E-12     1.000E+01
3.00E+00     3.020E-10     1.000E+01
3.50E+00     4.266E-09     1.000E+01
4.00E+00     2.840E-08     1.000E+01
5.00E+00     1.742E-07     1.000E+01
6.00E+00     5.101E-07     1.000E+01
7.00E+00     2.515E-06     1.000E+01
8.00E+00     1.417E-05     1.000E+01
9.00E+00     6.273E-05     1.000E+01
1.00E+01     2.108E-04     1.000E+01
