5        n mo86  he4 zr83                  taly      7.44700E+00      
1.00E-03     5.033E+03     1.000E+01
2.00E-03     5.096E+03     1.000E+01
3.00E-03     5.160E+03     1.000E+01
4.00E-03     5.225E+03     1.000E+01
5.00E-03     5.290E+03     1.000E+01
6.00E-03     5.284E+03     1.000E+01
7.00E-03     5.278E+03     1.000E+01
8.00E-03     5.272E+03     1.000E+01
9.00E-03     5.266E+03     1.000E+01
1.00E-02     5.259E+03     1.000E+01
1.10E-02     5.283E+03     1.000E+01
1.20E-02     5.307E+03     1.000E+01
1.30E-02     5.331E+03     1.000E+01
1.40E-02     5.356E+03     1.000E+01
1.50E-02     5.380E+03     1.000E+01
1.60E-02     5.404E+03     1.000E+01
1.80E-02     5.454E+03     1.000E+01
2.00E-02     5.503E+03     1.000E+01
2.50E-02     5.630E+03     1.000E+01
3.00E-02     5.759E+03     1.000E+01
4.00E-02     6.026E+03     1.000E+01
5.00E-02     6.305E+03     1.000E+01
6.00E-02     6.567E+03     1.000E+01
7.00E-02     6.840E+03     1.000E+01
8.00E-02     7.123E+03     1.000E+01
9.00E-02     7.419E+03     1.000E+01
1.00E-01     7.727E+03     1.000E+01
1.10E-01     8.003E+03     1.000E+01
1.20E-01     8.288E+03     1.000E+01
1.30E-01     8.583E+03     1.000E+01
1.40E-01     8.889E+03     1.000E+01
1.50E-01     9.206E+03     1.000E+01
1.60E-01     9.494E+03     1.000E+01
1.80E-01     1.010E+04     1.000E+01
2.00E-01     1.074E+04     1.000E+01
2.50E-01     1.228E+04     1.000E+01
3.00E-01     1.380E+04     1.000E+01
3.50E-01     1.520E+04     1.000E+01
4.00E-01     1.673E+04     1.000E+01
4.50E-01     1.810E+04     1.000E+01
5.00E-01     1.958E+04     1.000E+01
6.00E-01     2.240E+04     1.000E+01
7.00E-01     2.522E+04     1.000E+01
8.00E-01     2.807E+04     1.000E+01
9.00E-01     3.098E+04     1.000E+01
1.00E+00     3.399E+04     1.000E+01
1.25E+00     4.201E+04     1.000E+01
1.50E+00     5.192E+04     1.000E+01
1.75E+00     6.303E+04     1.000E+01
2.00E+00     7.650E+04     1.000E+01
2.50E+00     1.079E+05     1.000E+01
3.00E+00     1.463E+05     1.000E+01
3.50E+00     1.925E+05     1.000E+01
4.00E+00     2.470E+05     1.000E+01
5.00E+00     3.824E+05     1.000E+01
6.00E+00     5.547E+05     1.000E+01
7.00E+00     8.747E+05     1.000E+01
8.00E+00     1.812E+06     1.000E+01
9.00E+00     2.447E+06     1.000E+01
1.00E+01     2.424E+06     1.000E+01
