4      he4 mo86 ru90                       taly      3.19900E+00      
1.00E-03     0.000E+00     1.000E+00
2.00E-03     0.000E+00     1.000E+00
3.00E-03     0.000E+00     1.000E+00
4.00E-03     0.000E+00     1.000E+00
5.00E-03     0.000E+00     1.000E+00
6.00E-03     0.000E+00     1.000E+00
7.00E-03     0.000E+00     1.000E+00
8.00E-03     0.000E+00     1.000E+00
9.00E-03     0.000E+00     1.000E+00
1.00E-02     0.000E+00     1.000E+00
1.10E-02     0.000E+00     1.000E+00
1.20E-02     0.000E+00     1.000E+00
1.30E-02     0.000E+00     1.000E+00
1.40E-02     0.000E+00     1.000E+00
1.50E-02     0.000E+00     1.000E+00
1.60E-02     0.000E+00     1.000E+00
1.80E-02     0.000E+00     1.000E+00
2.00E-02     0.000E+00     1.000E+00
2.50E-02     0.000E+00     1.000E+00
3.00E-02     0.000E+00     1.000E+00
4.00E-02     0.000E+00     1.000E+00
5.00E-02     0.000E+00     1.000E+00
6.00E-02     0.000E+00     1.000E+00
7.00E-02     0.000E+00     1.000E+00
8.00E-02     0.000E+00     1.000E+00
9.00E-02     0.000E+00     1.000E+00
1.00E-01     0.000E+00     1.000E+00
1.10E-01     0.000E+00     1.000E+00
1.20E-01     0.000E+00     1.000E+00
1.30E-01     0.000E+00     1.000E+00
1.40E-01     0.000E+00     1.000E+00
1.50E-01     0.000E+00     1.000E+00
1.60E-01     0.000E+00     1.000E+00
1.80E-01     0.000E+00     1.000E+00
2.00E-01     0.000E+00     1.000E+00
2.50E-01     0.000E+00     1.000E+00
3.00E-01     0.000E+00     1.000E+00
3.50E-01     2.873E-72     1.000E+01
4.00E-01     8.255E-45     1.000E+01
4.50E-01     1.151E-41     1.000E+01
5.00E-01     1.605E-38     1.000E+01
6.00E-01     3.666E-34     1.000E+01
7.00E-01     7.516E-31     1.000E+01
8.00E-01     3.414E-28     1.000E+01
9.00E-01     5.328E-26     1.000E+01
1.00E+00     3.698E-24     1.000E+01
1.25E+00     3.813E-21     1.000E+01
1.50E+00     3.931E-18     1.000E+01
1.75E+00     1.989E-16     1.000E+01
2.00E+00     1.007E-14     1.000E+01
2.50E+00     2.333E-12     1.000E+01
3.00E+00     1.528E-10     1.000E+01
3.50E+00     4.212E-09     1.000E+01
4.00E+00     6.243E-08     1.000E+01
5.00E+00     3.993E-06     1.000E+01
6.00E+00     8.813E-05     1.000E+01
7.00E+00     9.262E-04     1.000E+01
8.00E+00     3.749E-03     1.000E+01
9.00E+00     4.929E-03     1.000E+01
1.00E+01     5.175E-03     1.000E+01
