4        p  n14  o15                       im05      7.29678E+00      
1.00E-03     2.522E-57     1.093E+00
2.00E-03     6.492E-44     1.093E+00
3.00E-03     2.064E-37     1.093E+00
4.00E-03     2.595E-33     1.093E+00
5.00E-03     2.129E-30     1.092E+00
6.00E-03     3.548E-28     1.092E+00
7.00E-03     2.105E-26     1.092E+00
8.00E-03     6.102E-25     1.092E+00
9.00E-03     1.049E-23     1.092E+00
1.00E-02     1.214E-22     1.092E+00
1.10E-02     1.032E-21     1.092E+00
1.20E-02     6.857E-21     1.092E+00
1.30E-02     3.725E-20     1.091E+00
1.40E-02     1.713E-19     1.091E+00
1.50E-02     6.848E-19     1.091E+00
1.60E-02     2.431E-18     1.091E+00
1.80E-02     2.284E-17     1.091E+00
2.00E-02     1.570E-16     1.091E+00
2.50E-02     7.436E-15     1.091E+00
3.00E-02     1.404E-13     1.091E+00
4.00E-02     1.006E-11     1.091E+00
5.00E-02     2.090E-10     1.092E+00
6.00E-02     2.108E-09     1.094E+00
7.00E-02     1.335E-08     1.096E+00
8.00E-02     6.130E-08     1.099E+00
9.00E-02     2.230E-07     1.102E+00
1.00E-01     6.852E-07     1.105E+00
1.10E-01     1.888E-06     1.106E+00
1.20E-01     5.016E-06     1.103E+00
1.30E-01     1.373E-05     1.093E+00
1.40E-01     3.919E-05     1.079E+00
1.50E-01     1.121E-04     1.067E+00
1.60E-01     3.057E-04     1.059E+00
1.80E-01     1.801E-03     1.049E+00
2.00E-01     7.754E-03     1.045E+00
2.50E-01     1.074E-01     1.042E+00
3.00E-01     5.984E-01     1.041E+00
3.50E-01     1.976E+00     1.040E+00
4.00E-01     4.723E+00     1.040E+00
4.50E-01     9.122E+00     1.040E+00
5.00E-01     1.521E+01     1.041E+00
6.00E-01     3.166E+01     1.041E+00
7.00E-01     5.173E+01     1.041E+00
8.00E-01     7.294E+01     1.040E+00
9.00E-01     9.362E+01     1.040E+00
1.00E+00     1.129E+02     1.040E+00
1.25E+00     1.544E+02     1.040E+00
1.50E+00     1.885E+02     1.041E+00
1.75E+00     2.172E+02     1.040E+00
2.00E+00     2.425E+02     1.039E+00
2.50E+00     3.430E+02     1.069E+00
3.00E+00     4.974E+02     1.103E+00
3.50E+00     7.192E+02     1.135E+00
4.00E+00     1.013E+03     1.158E+00
5.00E+00     1.791E+03     1.187E+00
6.00E+00     2.704E+03     1.200E+00
7.00E+00     3.656E+03     1.204E+00
8.00E+00     4.551E+03     1.205E+00
9.00E+00     5.363E+03     1.206E+00
1.00E+01     6.069E+03     1.205E+00
