4      he4  n14  f18                       mc10      4.41460e+00      
1.00E-03     0.000E+00     1.000E+00
2.00E-03     0.000E+00     1.000E+00
3.00E-03     0.000E+00     1.000E+00
4.00E-03     0.000E+00     1.000E+00
5.00E-03     0.000E+00     1.000E+00
6.00E-03     0.000E+00     1.000E+00
7.00E-03     0.000E+00     1.000E+00
8.00E-03     0.000E+00     1.000E+00
9.00E-03     0.000E+00     1.000E+00
1.00E-02     4.779E-63     1.892E+00
1.10E-02     8.377E-61     1.905E+00
1.20E-02     8.153E-59     1.895E+00
1.30E-02     4.876E-57     1.912E+00
1.40E-02     1.947E-55     1.913E+00
1.50E-02     5.626E-54     1.895E+00
1.60E-02     1.181E-52     1.890E+00
1.80E-02     2.714E-50     1.892E+00
2.00E-02     2.858E-48     1.864E+00
2.50E-02     3.495E-44     1.879E+00
3.00E-02     4.408E-41     1.879E+00
4.00E-02     1.439E-36     1.857E+00
5.00E-02     2.522E-33     1.824E+00
6.00E-02     1.037E-30     1.817E+00
7.00E-02     1.781E-28     2.424E+00
8.00E-02     1.847E-26     2.267E+00
9.00E-02     6.063E-24     1.278E+00
1.00E-01     1.425E-21     1.197E+00
1.10E-01     1.342E-19     1.176E+00
1.20E-01     5.904E-18     1.159E+00
1.30E-01     1.439E-16     1.145E+00
1.40E-01     2.201E-15     1.133E+00
1.50E-01     2.328E-14     1.124E+00
1.60E-01     1.822E-13     1.117E+00
1.80E-01     5.525E-12     1.107E+00
2.00E-01     8.331E-11     1.100E+00
2.50E-01     1.049E-08     1.093E+00
3.00E-01     2.505E-07     1.092E+00
3.50E-01     2.330E-06     1.093E+00
4.00E-01     1.210E-05     1.095E+00
4.50E-01     4.279E-05     1.097E+00
5.00E-01     1.168E-04     1.098E+00
6.00E-01     5.457E-04     1.092E+00
7.00E-01     1.965E-03     1.073E+00
8.00E-01     6.915E-03     1.052E+00
9.00E-01     2.361E-02     1.045E+00
1.00E+00     7.230E-02     1.046E+00
1.25E+00     6.440E-01     1.052E+00
1.50E+00     2.893E+00     1.055E+00
1.75E+00     8.421E+00     1.056E+00
2.00E+00     1.859E+01     1.055E+00
2.50E+00     5.510E+01     1.054E+00
3.00E+00     1.114E+02     1.052E+00
3.50E+00     1.814E+02     1.051E+00
4.00E+00     2.585E+02     1.050E+00
5.00E+00     4.127E+02     1.050E+00
6.00E+00     5.463E+02     1.051E+00
7.00E+00     6.509E+02     1.052E+00
8.00E+00     7.282E+02     1.053E+00
9.00E+00     7.832E+02     1.055E+00
1.00E+01     8.219E+02     1.056E+00
