5      he4 na21    p mg24                  taly      6.88500E+00      
1.00E-03     0.000E+00     1.000E+00
2.00E-03     0.000E+00     1.000E+00
3.00E-03     0.000E+00     1.000E+00
4.00E-03     0.000E+00     1.000E+00
5.00E-03     0.000E+00     1.000E+00
6.00E-03     0.000E+00     1.000E+00
7.00E-03     0.000E+00     1.000E+00
8.00E-03     0.000E+00     1.000E+00
9.00E-03     0.000E+00     1.000E+00
1.00E-02     0.000E+00     1.000E+00
1.10E-02     2.892E-98     1.000E+01
1.20E-02     8.361E-97     1.000E+01
1.30E-02     2.418E-95     1.000E+01
1.40E-02     6.991E-94     1.000E+01
1.50E-02     2.022E-92     1.000E+01
1.60E-02     5.846E-91     1.000E+01
1.80E-02     4.888E-88     1.000E+01
2.00E-02     4.087E-85     1.000E+01
2.50E-02     8.263E-78     1.000E+01
3.00E-02     1.670E-70     1.000E+01
4.00E-02     6.827E-56     1.000E+01
5.00E-02     2.790E-41     1.000E+01
6.00E-02     1.568E-38     1.000E+01
7.00E-02     8.810E-36     1.000E+01
8.00E-02     4.950E-33     1.000E+01
9.00E-02     2.781E-30     1.000E+01
1.00E-01     1.563E-27     1.000E+01
1.10E-01     2.263E-26     1.000E+01
1.20E-01     3.276E-25     1.000E+01
1.30E-01     4.743E-24     1.000E+01
1.40E-01     6.868E-23     1.000E+01
1.50E-01     9.943E-22     1.000E+01
1.60E-01     5.309E-21     1.000E+01
1.80E-01     1.514E-19     1.000E+01
2.00E-01     4.315E-18     1.000E+01
2.50E-01     1.650E-15     1.000E+01
3.00E-01     1.526E-13     1.000E+01
3.50E-01     4.102E-12     1.000E+01
4.00E-01     1.103E-10     1.000E+01
4.50E-01     1.137E-09     1.000E+01
5.00E-01     1.172E-08     1.000E+01
6.00E-01     4.069E-07     1.000E+01
7.00E-01     6.857E-06     1.000E+01
8.00E-01     7.021E-05     1.000E+01
9.00E-01     5.006E-04     1.000E+01
1.00E+00     2.712E-03     1.000E+01
1.25E+00     5.293E-02     1.000E+01
1.50E+00     1.033E+00     1.000E+01
1.75E+00     6.607E+00     1.000E+01
2.00E+00     4.227E+01     1.000E+01
2.50E+00     5.616E+02     1.000E+01
3.00E+00     3.783E+03     1.000E+01
3.50E+00     1.632E+04     1.000E+01
4.00E+00     5.180E+04     1.000E+01
5.00E+00     2.855E+05     1.000E+01
6.00E+00     9.483E+05     1.000E+01
7.00E+00     2.307E+06     1.000E+01
8.00E+00     4.565E+06     1.000E+01
9.00E+00     7.797E+06     1.000E+01
1.00E+01     1.192E+07     1.000E+01
