5        n na21    p ne21                  taly      4.32900E+00      
1.00E-03     3.128E+08     1.000E+01
2.00E-03     3.145E+08     1.000E+01
3.00E-03     3.161E+08     1.000E+01
4.00E-03     3.178E+08     1.000E+01
5.00E-03     3.195E+08     1.000E+01
6.00E-03     3.172E+08     1.000E+01
7.00E-03     3.150E+08     1.000E+01
8.00E-03     3.128E+08     1.000E+01
9.00E-03     3.106E+08     1.000E+01
1.00E-02     3.084E+08     1.000E+01
1.10E-02     3.082E+08     1.000E+01
1.20E-02     3.080E+08     1.000E+01
1.30E-02     3.078E+08     1.000E+01
1.40E-02     3.076E+08     1.000E+01
1.50E-02     3.075E+08     1.000E+01
1.60E-02     3.073E+08     1.000E+01
1.80E-02     3.069E+08     1.000E+01
2.00E-02     3.066E+08     1.000E+01
2.50E-02     3.056E+08     1.000E+01
3.00E-02     3.047E+08     1.000E+01
4.00E-02     3.030E+08     1.000E+01
5.00E-02     3.012E+08     1.000E+01
6.00E-02     3.018E+08     1.000E+01
7.00E-02     3.024E+08     1.000E+01
8.00E-02     3.031E+08     1.000E+01
9.00E-02     3.037E+08     1.000E+01
1.00E-01     3.044E+08     1.000E+01
1.10E-01     3.057E+08     1.000E+01
1.20E-01     3.069E+08     1.000E+01
1.30E-01     3.082E+08     1.000E+01
1.40E-01     3.096E+08     1.000E+01
1.50E-01     3.109E+08     1.000E+01
1.60E-01     3.126E+08     1.000E+01
1.80E-01     3.160E+08     1.000E+01
2.00E-01     3.195E+08     1.000E+01
2.50E-01     3.291E+08     1.000E+01
3.00E-01     3.387E+08     1.000E+01
3.50E-01     3.477E+08     1.000E+01
4.00E-01     3.570E+08     1.000E+01
4.50E-01     3.654E+08     1.000E+01
5.00E-01     3.741E+08     1.000E+01
6.00E-01     3.906E+08     1.000E+01
7.00E-01     4.066E+08     1.000E+01
8.00E-01     4.222E+08     1.000E+01
9.00E-01     4.374E+08     1.000E+01
1.00E+00     4.522E+08     1.000E+01
1.25E+00     4.845E+08     1.000E+01
1.50E+00     5.190E+08     1.000E+01
1.75E+00     5.462E+08     1.000E+01
2.00E+00     5.747E+08     1.000E+01
2.50E+00     6.207E+08     1.000E+01
3.00E+00     6.586E+08     1.000E+01
3.50E+00     6.899E+08     1.000E+01
4.00E+00     7.158E+08     1.000E+01
5.00E+00     7.552E+08     1.000E+01
6.00E+00     7.820E+08     1.000E+01
7.00E+00     7.990E+08     1.000E+01
8.00E+00     8.075E+08     1.000E+01
9.00E+00     8.073E+08     1.000E+01
1.00E+01     7.969E+08     1.000E+01
