5        n na22  he4  f19                  taly      1.95100E+00      
1.00E-03     8.987E+06     1.000E+01
2.00E-03     8.663E+06     1.000E+01
3.00E-03     8.350E+06     1.000E+01
4.00E-03     8.049E+06     1.000E+01
5.00E-03     7.758E+06     1.000E+01
6.00E-03     7.588E+06     1.000E+01
7.00E-03     7.421E+06     1.000E+01
8.00E-03     7.258E+06     1.000E+01
9.00E-03     7.098E+06     1.000E+01
1.00E-02     6.942E+06     1.000E+01
1.10E-02     6.902E+06     1.000E+01
1.20E-02     6.862E+06     1.000E+01
1.30E-02     6.822E+06     1.000E+01
1.40E-02     6.782E+06     1.000E+01
1.50E-02     6.743E+06     1.000E+01
1.60E-02     6.704E+06     1.000E+01
1.80E-02     6.626E+06     1.000E+01
2.00E-02     6.549E+06     1.000E+01
2.50E-02     6.362E+06     1.000E+01
3.00E-02     6.179E+06     1.000E+01
4.00E-02     5.830E+06     1.000E+01
5.00E-02     5.501E+06     1.000E+01
6.00E-02     5.415E+06     1.000E+01
7.00E-02     5.331E+06     1.000E+01
8.00E-02     5.248E+06     1.000E+01
9.00E-02     5.166E+06     1.000E+01
1.00E-01     5.086E+06     1.000E+01
1.10E-01     5.057E+06     1.000E+01
1.20E-01     5.029E+06     1.000E+01
1.30E-01     5.001E+06     1.000E+01
1.40E-01     4.972E+06     1.000E+01
1.50E-01     4.945E+06     1.000E+01
1.60E-01     4.940E+06     1.000E+01
1.80E-01     4.931E+06     1.000E+01
2.00E-01     4.922E+06     1.000E+01
2.50E-01     4.961E+06     1.000E+01
3.00E-01     5.033E+06     1.000E+01
3.50E-01     5.132E+06     1.000E+01
4.00E-01     5.233E+06     1.000E+01
4.50E-01     5.360E+06     1.000E+01
5.00E-01     5.490E+06     1.000E+01
6.00E-01     5.800E+06     1.000E+01
7.00E-01     6.163E+06     1.000E+01
8.00E-01     6.581E+06     1.000E+01
9.00E-01     7.058E+06     1.000E+01
1.00E+00     7.597E+06     1.000E+01
1.25E+00     9.337E+06     1.000E+01
1.50E+00     1.148E+07     1.000E+01
1.75E+00     1.431E+07     1.000E+01
2.00E+00     1.783E+07     1.000E+01
2.50E+00     2.690E+07     1.000E+01
3.00E+00     3.844E+07     1.000E+01
3.50E+00     5.197E+07     1.000E+01
4.00E+00     6.695E+07     1.000E+01
5.00E+00     9.941E+07     1.000E+01
6.00E+00     1.327E+08     1.000E+01
7.00E+00     1.644E+08     1.000E+01
8.00E+00     1.923E+08     1.000E+01
9.00E+00     2.140E+08     1.000E+01
1.00E+01     2.273E+08     1.000E+01
