4        n na21 na22                       taly      1.10680E+01      
1.00E-03     1.811E+04     1.000E+01
2.00E-03     1.820E+04     1.000E+01
3.00E-03     1.829E+04     1.000E+01
4.00E-03     1.837E+04     1.000E+01
5.00E-03     1.846E+04     1.000E+01
6.00E-03     1.833E+04     1.000E+01
7.00E-03     1.820E+04     1.000E+01
8.00E-03     1.806E+04     1.000E+01
9.00E-03     1.793E+04     1.000E+01
1.00E-02     1.780E+04     1.000E+01
1.10E-02     1.779E+04     1.000E+01
1.20E-02     1.778E+04     1.000E+01
1.30E-02     1.777E+04     1.000E+01
1.40E-02     1.776E+04     1.000E+01
1.50E-02     1.775E+04     1.000E+01
1.60E-02     1.774E+04     1.000E+01
1.80E-02     1.772E+04     1.000E+01
2.00E-02     1.771E+04     1.000E+01
2.50E-02     1.766E+04     1.000E+01
3.00E-02     1.761E+04     1.000E+01
4.00E-02     1.751E+04     1.000E+01
5.00E-02     1.742E+04     1.000E+01
6.00E-02     1.748E+04     1.000E+01
7.00E-02     1.754E+04     1.000E+01
8.00E-02     1.760E+04     1.000E+01
9.00E-02     1.766E+04     1.000E+01
1.00E-01     1.772E+04     1.000E+01
1.10E-01     1.782E+04     1.000E+01
1.20E-01     1.793E+04     1.000E+01
1.30E-01     1.803E+04     1.000E+01
1.40E-01     1.813E+04     1.000E+01
1.50E-01     1.824E+04     1.000E+01
1.60E-01     1.837E+04     1.000E+01
1.80E-01     1.863E+04     1.000E+01
2.00E-01     1.889E+04     1.000E+01
2.50E-01     1.961E+04     1.000E+01
3.00E-01     2.032E+04     1.000E+01
3.50E-01     2.101E+04     1.000E+01
4.00E-01     2.170E+04     1.000E+01
4.50E-01     2.235E+04     1.000E+01
5.00E-01     2.300E+04     1.000E+01
6.00E-01     2.427E+04     1.000E+01
7.00E-01     2.551E+04     1.000E+01
8.00E-01     2.673E+04     1.000E+01
9.00E-01     2.793E+04     1.000E+01
1.00E+00     2.912E+04     1.000E+01
1.25E+00     3.194E+04     1.000E+01
1.50E+00     3.476E+04     1.000E+01
1.75E+00     3.735E+04     1.000E+01
2.00E+00     3.994E+04     1.000E+01
2.50E+00     4.466E+04     1.000E+01
3.00E+00     4.891E+04     1.000E+01
3.50E+00     5.276E+04     1.000E+01
4.00E+00     5.624E+04     1.000E+01
5.00E+00     6.236E+04     1.000E+01
6.00E+00     6.758E+04     1.000E+01
7.00E+00     7.208E+04     1.000E+01
8.00E+00     7.593E+04     1.000E+01
9.00E+00     7.903E+04     1.000E+01
1.00E+01     8.114E+04     1.000E+01
