5        p na23  he4 ne20                  mc10      2.37613e+00      
1.00E-03     0.000E+00     1.000E+00
2.00E-03     0.000E+00     1.000E+00
3.00E-03     0.000E+00     1.000E+00
4.00E-03     0.000E+00     1.000E+00
5.00E-03     0.000E+00     1.000E+00
6.00E-03     0.000E+00     1.000E+00
7.00E-03     0.000E+00     1.000E+00
8.00E-03     0.000E+00     1.000E+00
9.00E-03     0.000E+00     1.000E+00
1.00E-02     1.880E-30     1.401E+00
1.10E-02     3.760E-29     1.404E+00
1.20E-02     5.313E-28     1.408E+00
1.30E-02     5.649E-27     1.411E+00
1.40E-02     4.722E-26     1.410E+00
1.50E-02     3.216E-25     1.407E+00
1.60E-02     1.843E-24     1.400E+00
1.80E-02     3.998E-23     1.382E+00
2.00E-02     5.583E-22     1.364E+00
2.50E-02     1.110E-19     1.336E+00
3.00E-02     6.550E-18     1.320E+00
4.00E-02     2.741E-15     1.293E+00
5.00E-02     2.278E-13     1.269E+00
6.00E-02     8.783E-12     1.234E+00
7.00E-02     2.434E-10     1.200E+00
8.00E-02     4.369E-09     1.191E+00
9.00E-02     4.739E-08     1.189E+00
1.00E-01     3.355E-07     1.187E+00
1.10E-01     1.714E-06     1.182E+00
1.20E-01     6.884E-06     1.174E+00
1.30E-01     2.334E-05     1.161E+00
1.40E-01     7.013E-05     1.146E+00
1.50E-01     1.933E-04     1.135E+00
1.60E-01     4.965E-04     1.129E+00
1.80E-01     2.716E-03     1.134E+00
2.00E-01     1.169E-02     1.144E+00
2.50E-01     1.880E-01     1.149E+00
3.00E-01     1.258E+00     1.141E+00
3.50E-01     5.003E+00     1.128E+00
4.00E-01     1.479E+01     1.111E+00
4.50E-01     3.722E+01     1.091E+00
5.00E-01     8.522E+01     1.074E+00
6.00E-01     3.571E+02     1.063E+00
7.00E-01     1.130E+03     1.066E+00
8.00E-01     2.814E+03     1.068E+00
9.00E-01     5.858E+03     1.069E+00
1.00E+00     1.072E+04     1.067E+00
1.25E+00     3.404E+04     1.062E+00
1.50E+00     8.003E+04     1.057E+00
1.75E+00     1.560E+05     1.055E+00
2.00E+00     2.661E+05     1.053E+00
2.50E+00     5.923E+05     1.052E+00
3.00E+00     1.044E+06     1.052E+00
3.50E+00     1.598E+06     1.052E+00
4.00E+00     2.546E+06     1.052E+00
5.00E+00     5.367E+06     1.052E+00
6.00E+00     9.386E+06     1.052E+00
7.00E+00     1.450E+07     1.052E+00
8.00E+00     2.042E+07     1.052E+00
9.00E+00     2.690E+07     1.052E+00
1.00E+01     3.524E+07     1.052E+00
