4        n na20 na21                       taly      1.71070E+01      
1.00E-03     8.286E+03     1.000E+01
2.00E-03     8.357E+03     1.000E+01
3.00E-03     8.428E+03     1.000E+01
4.00E-03     8.499E+03     1.000E+01
5.00E-03     8.570E+03     1.000E+01
6.00E-03     8.526E+03     1.000E+01
7.00E-03     8.482E+03     1.000E+01
8.00E-03     8.438E+03     1.000E+01
9.00E-03     8.394E+03     1.000E+01
1.00E-02     8.350E+03     1.000E+01
1.10E-02     8.356E+03     1.000E+01
1.20E-02     8.361E+03     1.000E+01
1.30E-02     8.366E+03     1.000E+01
1.40E-02     8.372E+03     1.000E+01
1.50E-02     8.377E+03     1.000E+01
1.60E-02     8.383E+03     1.000E+01
1.80E-02     8.394E+03     1.000E+01
2.00E-02     8.405E+03     1.000E+01
2.50E-02     8.432E+03     1.000E+01
3.00E-02     8.459E+03     1.000E+01
4.00E-02     8.513E+03     1.000E+01
5.00E-02     8.568E+03     1.000E+01
6.00E-02     8.659E+03     1.000E+01
7.00E-02     8.750E+03     1.000E+01
8.00E-02     8.841E+03     1.000E+01
9.00E-02     8.932E+03     1.000E+01
1.00E-01     9.023E+03     1.000E+01
1.10E-01     9.124E+03     1.000E+01
1.20E-01     9.226E+03     1.000E+01
1.30E-01     9.327E+03     1.000E+01
1.40E-01     9.429E+03     1.000E+01
1.50E-01     9.530E+03     1.000E+01
1.60E-01     9.641E+03     1.000E+01
1.80E-01     9.863E+03     1.000E+01
2.00E-01     1.008E+04     1.000E+01
2.50E-01     1.065E+04     1.000E+01
3.00E-01     1.121E+04     1.000E+01
3.50E-01     1.173E+04     1.000E+01
4.00E-01     1.226E+04     1.000E+01
4.50E-01     1.276E+04     1.000E+01
5.00E-01     1.325E+04     1.000E+01
6.00E-01     1.421E+04     1.000E+01
7.00E-01     1.514E+04     1.000E+01
8.00E-01     1.606E+04     1.000E+01
9.00E-01     1.695E+04     1.000E+01
1.00E+00     1.782E+04     1.000E+01
1.25E+00     1.978E+04     1.000E+01
1.50E+00     2.175E+04     1.000E+01
1.75E+00     2.333E+04     1.000E+01
2.00E+00     2.491E+04     1.000E+01
2.50E+00     2.728E+04     1.000E+01
3.00E+00     2.901E+04     1.000E+01
3.50E+00     3.024E+04     1.000E+01
4.00E+00     3.113E+04     1.000E+01
5.00E+00     3.216E+04     1.000E+01
6.00E+00     3.256E+04     1.000E+01
7.00E+00     3.252E+04     1.000E+01
8.00E+00     3.213E+04     1.000E+01
9.00E+00     3.136E+04     1.000E+01
1.00E+01     3.010E+04     1.000E+01
