5        n na20    p ne20                  taly      1.46750E+01      
1.00E-03     1.395E+08     1.000E+01
2.00E-03     1.406E+08     1.000E+01
3.00E-03     1.417E+08     1.000E+01
4.00E-03     1.427E+08     1.000E+01
5.00E-03     1.438E+08     1.000E+01
6.00E-03     1.430E+08     1.000E+01
7.00E-03     1.421E+08     1.000E+01
8.00E-03     1.413E+08     1.000E+01
9.00E-03     1.405E+08     1.000E+01
1.00E-02     1.396E+08     1.000E+01
1.10E-02     1.396E+08     1.000E+01
1.20E-02     1.396E+08     1.000E+01
1.30E-02     1.396E+08     1.000E+01
1.40E-02     1.396E+08     1.000E+01
1.50E-02     1.396E+08     1.000E+01
1.60E-02     1.395E+08     1.000E+01
1.80E-02     1.395E+08     1.000E+01
2.00E-02     1.395E+08     1.000E+01
2.50E-02     1.394E+08     1.000E+01
3.00E-02     1.393E+08     1.000E+01
4.00E-02     1.392E+08     1.000E+01
5.00E-02     1.390E+08     1.000E+01
6.00E-02     1.395E+08     1.000E+01
7.00E-02     1.400E+08     1.000E+01
8.00E-02     1.405E+08     1.000E+01
9.00E-02     1.410E+08     1.000E+01
1.00E-01     1.415E+08     1.000E+01
1.10E-01     1.421E+08     1.000E+01
1.20E-01     1.428E+08     1.000E+01
1.30E-01     1.434E+08     1.000E+01
1.40E-01     1.441E+08     1.000E+01
1.50E-01     1.447E+08     1.000E+01
1.60E-01     1.455E+08     1.000E+01
1.80E-01     1.471E+08     1.000E+01
2.00E-01     1.486E+08     1.000E+01
2.50E-01     1.528E+08     1.000E+01
3.00E-01     1.569E+08     1.000E+01
3.50E-01     1.606E+08     1.000E+01
4.00E-01     1.645E+08     1.000E+01
4.50E-01     1.680E+08     1.000E+01
5.00E-01     1.715E+08     1.000E+01
6.00E-01     1.782E+08     1.000E+01
7.00E-01     1.848E+08     1.000E+01
8.00E-01     1.912E+08     1.000E+01
9.00E-01     1.975E+08     1.000E+01
1.00E+00     2.038E+08     1.000E+01
1.25E+00     2.176E+08     1.000E+01
1.50E+00     2.325E+08     1.000E+01
1.75E+00     2.440E+08     1.000E+01
2.00E+00     2.562E+08     1.000E+01
2.50E+00     2.746E+08     1.000E+01
3.00E+00     2.883E+08     1.000E+01
3.50E+00     2.983E+08     1.000E+01
4.00E+00     3.055E+08     1.000E+01
5.00E+00     3.140E+08     1.000E+01
6.00E+00     3.169E+08     1.000E+01
7.00E+00     3.160E+08     1.000E+01
8.00E+00     3.115E+08     1.000E+01
9.00E+00     3.029E+08     1.000E+01
1.00E+01     2.890E+08     1.000E+01
