5        n nb81  he4  y78                  taly      1.12260E+01      
1.00E-03     1.823E+05     1.000E+01
2.00E-03     1.842E+05     1.000E+01
3.00E-03     1.861E+05     1.000E+01
4.00E-03     1.880E+05     1.000E+01
5.00E-03     1.899E+05     1.000E+01
6.00E-03     1.892E+05     1.000E+01
7.00E-03     1.885E+05     1.000E+01
8.00E-03     1.878E+05     1.000E+01
9.00E-03     1.871E+05     1.000E+01
1.00E-02     1.865E+05     1.000E+01
1.10E-02     1.869E+05     1.000E+01
1.20E-02     1.873E+05     1.000E+01
1.30E-02     1.877E+05     1.000E+01
1.40E-02     1.881E+05     1.000E+01
1.50E-02     1.884E+05     1.000E+01
1.60E-02     1.888E+05     1.000E+01
1.80E-02     1.896E+05     1.000E+01
2.00E-02     1.905E+05     1.000E+01
2.50E-02     1.925E+05     1.000E+01
3.00E-02     1.945E+05     1.000E+01
4.00E-02     1.987E+05     1.000E+01
5.00E-02     2.029E+05     1.000E+01
6.00E-02     2.076E+05     1.000E+01
7.00E-02     2.123E+05     1.000E+01
8.00E-02     2.172E+05     1.000E+01
9.00E-02     2.221E+05     1.000E+01
1.00E-01     2.272E+05     1.000E+01
1.10E-01     2.322E+05     1.000E+01
1.20E-01     2.372E+05     1.000E+01
1.30E-01     2.424E+05     1.000E+01
1.40E-01     2.477E+05     1.000E+01
1.50E-01     2.531E+05     1.000E+01
1.60E-01     2.584E+05     1.000E+01
1.80E-01     2.692E+05     1.000E+01
2.00E-01     2.805E+05     1.000E+01
2.50E-01     3.082E+05     1.000E+01
3.00E-01     3.354E+05     1.000E+01
3.50E-01     3.604E+05     1.000E+01
4.00E-01     3.872E+05     1.000E+01
4.50E-01     4.092E+05     1.000E+01
5.00E-01     4.325E+05     1.000E+01
6.00E-01     4.633E+05     1.000E+01
7.00E-01     4.692E+05     1.000E+01
8.00E-01     4.470E+05     1.000E+01
9.00E-01     4.054E+05     1.000E+01
1.00E+00     3.585E+05     1.000E+01
1.25E+00     3.024E+05     1.000E+01
1.50E+00     2.551E+05     1.000E+01
1.75E+00     2.879E+05     1.000E+01
2.00E+00     3.249E+05     1.000E+01
2.50E+00     4.365E+05     1.000E+01
3.00E+00     5.393E+05     1.000E+01
3.50E+00     6.204E+05     1.000E+01
4.00E+00     6.793E+05     1.000E+01
5.00E+00     7.448E+05     1.000E+01
6.00E+00     7.621E+05     1.000E+01
7.00E+00     7.473E+05     1.000E+01
8.00E+00     7.082E+05     1.000E+01
9.00E+00     6.483E+05     1.000E+01
1.00E+01     5.708E+05     1.000E+01
