5        p nb83  he4 zr80                  taly      1.97000E+00      
1.00E-03     0.000E+00     1.000E+00
2.00E-03     0.000E+00     1.000E+00
3.00E-03     0.000E+00     1.000E+00
4.00E-03     0.000E+00     1.000E+00
5.00E-03     0.000E+00     1.000E+00
6.00E-03     0.000E+00     1.000E+00
7.00E-03     0.000E+00     1.000E+00
8.00E-03     0.000E+00     1.000E+00
9.00E-03     0.000E+00     1.000E+00
1.00E-02     0.000E+00     1.000E+00
1.10E-02     1.976E-98     1.000E+01
1.20E-02     3.903E-97     1.000E+01
1.30E-02     7.712E-96     1.000E+01
1.40E-02     1.524E-94     1.000E+01
1.50E-02     3.010E-93     1.000E+01
1.60E-02     5.947E-92     1.000E+01
1.80E-02     2.321E-89     1.000E+01
2.00E-02     9.060E-87     1.000E+01
2.50E-02     2.727E-80     1.000E+01
3.00E-02     8.209E-74     1.000E+01
4.00E-02     7.438E-61     1.000E+01
5.00E-02     6.739E-48     1.000E+01
6.00E-02     5.021E-45     1.000E+01
7.00E-02     3.742E-42     1.000E+01
8.00E-02     2.788E-39     1.000E+01
9.00E-02     2.078E-36     1.000E+01
1.00E-01     1.548E-33     1.000E+01
1.10E-01     1.354E-32     1.000E+01
1.20E-01     1.185E-31     1.000E+01
1.30E-01     1.037E-30     1.000E+01
1.40E-01     9.070E-30     1.000E+01
1.50E-01     7.936E-29     1.000E+01
1.60E-01     2.319E-28     1.000E+01
1.80E-01     1.979E-27     1.000E+01
2.00E-01     1.690E-26     1.000E+01
2.50E-01     4.087E-25     1.000E+01
3.00E-01     3.351E-24     1.000E+01
3.50E-01     1.273E-23     1.000E+01
4.00E-01     4.840E-23     1.000E+01
4.50E-01     3.761E-22     1.000E+01
5.00E-01     2.923E-21     1.000E+01
6.00E-01     3.674E-19     1.000E+01
7.00E-01     1.700E-17     1.000E+01
8.00E-01     4.043E-16     1.000E+01
9.00E-01     6.197E-15     1.000E+01
1.00E+00     6.781E-14     1.000E+01
1.25E+00     4.965E-12     1.000E+01
1.50E+00     3.636E-10     1.000E+01
1.75E+00     6.187E-09     1.000E+01
2.00E+00     1.053E-07     1.000E+01
2.50E+00     7.322E-06     1.000E+01
3.00E+00     1.844E-04     1.000E+01
3.50E+00     2.069E-03     1.000E+01
4.00E+00     1.302E-02     1.000E+01
5.00E+00     1.939E-01     1.000E+01
6.00E+00     1.429E+00     1.000E+01
7.00E+00     7.205E+00     1.000E+01
8.00E+00     2.864E+01     1.000E+01
9.00E+00     9.230E+01     1.000E+01
1.00E+01     2.415E+02     1.000E+01
