5        n nb85  he4  y82                  taly      7.42900E+00      
1.00E-03     2.105E+03     1.000E+01
2.00E-03     2.129E+03     1.000E+01
3.00E-03     2.154E+03     1.000E+01
4.00E-03     2.178E+03     1.000E+01
5.00E-03     2.204E+03     1.000E+01
6.00E-03     2.198E+03     1.000E+01
7.00E-03     2.193E+03     1.000E+01
8.00E-03     2.188E+03     1.000E+01
9.00E-03     2.183E+03     1.000E+01
1.00E-02     2.177E+03     1.000E+01
1.10E-02     2.185E+03     1.000E+01
1.20E-02     2.192E+03     1.000E+01
1.30E-02     2.199E+03     1.000E+01
1.40E-02     2.206E+03     1.000E+01
1.50E-02     2.214E+03     1.000E+01
1.60E-02     2.221E+03     1.000E+01
1.80E-02     2.236E+03     1.000E+01
2.00E-02     2.251E+03     1.000E+01
2.50E-02     2.288E+03     1.000E+01
3.00E-02     2.326E+03     1.000E+01
4.00E-02     2.405E+03     1.000E+01
5.00E-02     2.486E+03     1.000E+01
6.00E-02     2.568E+03     1.000E+01
7.00E-02     2.652E+03     1.000E+01
8.00E-02     2.740E+03     1.000E+01
9.00E-02     2.830E+03     1.000E+01
1.00E-01     2.923E+03     1.000E+01
1.10E-01     3.011E+03     1.000E+01
1.20E-01     3.102E+03     1.000E+01
1.30E-01     3.196E+03     1.000E+01
1.40E-01     3.293E+03     1.000E+01
1.50E-01     3.392E+03     1.000E+01
1.60E-01     3.487E+03     1.000E+01
1.80E-01     3.684E+03     1.000E+01
2.00E-01     3.893E+03     1.000E+01
2.50E-01     4.408E+03     1.000E+01
3.00E-01     4.923E+03     1.000E+01
3.50E-01     5.397E+03     1.000E+01
4.00E-01     5.917E+03     1.000E+01
4.50E-01     6.315E+03     1.000E+01
5.00E-01     6.739E+03     1.000E+01
6.00E-01     7.087E+03     1.000E+01
7.00E-01     6.748E+03     1.000E+01
8.00E-01     5.902E+03     1.000E+01
9.00E-01     4.932E+03     1.000E+01
1.00E+00     4.089E+03     1.000E+01
1.25E+00     3.005E+03     1.000E+01
1.50E+00     2.208E+03     1.000E+01
1.75E+00     2.089E+03     1.000E+01
2.00E+00     1.976E+03     1.000E+01
2.50E+00     2.348E+03     1.000E+01
3.00E+00     3.347E+03     1.000E+01
3.50E+00     5.374E+03     1.000E+01
4.00E+00     9.217E+03     1.000E+01
5.00E+00     2.851E+04     1.000E+01
6.00E+00     8.318E+04     1.000E+01
7.00E+00     2.129E+05     1.000E+01
8.00E+00     4.610E+05     1.000E+01
9.00E+00     8.411E+05     1.000E+01
1.00E+01     1.319E+06     1.000E+01
