5        n nb82    p zr82                  taly      1.25240E+01      
1.00E-03     2.026E+08     1.000E+01
2.00E-03     2.048E+08     1.000E+01
3.00E-03     2.071E+08     1.000E+01
4.00E-03     2.094E+08     1.000E+01
5.00E-03     2.117E+08     1.000E+01
6.00E-03     2.111E+08     1.000E+01
7.00E-03     2.105E+08     1.000E+01
8.00E-03     2.099E+08     1.000E+01
9.00E-03     2.093E+08     1.000E+01
1.00E-02     2.087E+08     1.000E+01
1.10E-02     2.092E+08     1.000E+01
1.20E-02     2.098E+08     1.000E+01
1.30E-02     2.104E+08     1.000E+01
1.40E-02     2.110E+08     1.000E+01
1.50E-02     2.116E+08     1.000E+01
1.60E-02     2.122E+08     1.000E+01
1.80E-02     2.133E+08     1.000E+01
2.00E-02     2.145E+08     1.000E+01
2.50E-02     2.175E+08     1.000E+01
3.00E-02     2.206E+08     1.000E+01
4.00E-02     2.268E+08     1.000E+01
5.00E-02     2.332E+08     1.000E+01
6.00E-02     2.396E+08     1.000E+01
7.00E-02     2.462E+08     1.000E+01
8.00E-02     2.529E+08     1.000E+01
9.00E-02     2.599E+08     1.000E+01
1.00E-01     2.670E+08     1.000E+01
1.10E-01     2.736E+08     1.000E+01
1.20E-01     2.804E+08     1.000E+01
1.30E-01     2.874E+08     1.000E+01
1.40E-01     2.945E+08     1.000E+01
1.50E-01     3.018E+08     1.000E+01
1.60E-01     3.086E+08     1.000E+01
1.80E-01     3.227E+08     1.000E+01
2.00E-01     3.375E+08     1.000E+01
2.50E-01     3.726E+08     1.000E+01
3.00E-01     4.063E+08     1.000E+01
3.50E-01     4.362E+08     1.000E+01
4.00E-01     4.683E+08     1.000E+01
4.50E-01     4.955E+08     1.000E+01
5.00E-01     5.242E+08     1.000E+01
6.00E-01     5.751E+08     1.000E+01
7.00E-01     6.219E+08     1.000E+01
8.00E-01     6.646E+08     1.000E+01
9.00E-01     7.032E+08     1.000E+01
1.00E+00     7.368E+08     1.000E+01
1.25E+00     6.555E+08     1.000E+01
1.50E+00     5.831E+08     1.000E+01
1.75E+00     2.873E+08     1.000E+01
2.00E+00     1.416E+08     1.000E+01
2.50E+00     5.345E+07     1.000E+01
3.00E+00     3.472E+07     1.000E+01
3.50E+00     2.854E+07     1.000E+01
4.00E+00     2.570E+07     1.000E+01
5.00E+00     2.287E+07     1.000E+01
6.00E+00     2.099E+07     1.000E+01
7.00E+00     1.914E+07     1.000E+01
8.00E+00     1.709E+07     1.000E+01
9.00E+00     1.486E+07     1.000E+01
1.00E+01     1.258E+07     1.000E+01
