4        n nb84 nb85                       taly      1.33300E+01      
1.00E-03     4.192E+04     1.000E+01
2.00E-03     4.241E+04     1.000E+01
3.00E-03     4.289E+04     1.000E+01
4.00E-03     4.338E+04     1.000E+01
5.00E-03     4.387E+04     1.000E+01
6.00E-03     4.375E+04     1.000E+01
7.00E-03     4.364E+04     1.000E+01
8.00E-03     4.353E+04     1.000E+01
9.00E-03     4.341E+04     1.000E+01
1.00E-02     4.330E+04     1.000E+01
1.10E-02     4.344E+04     1.000E+01
1.20E-02     4.358E+04     1.000E+01
1.30E-02     4.372E+04     1.000E+01
1.40E-02     4.386E+04     1.000E+01
1.50E-02     4.400E+04     1.000E+01
1.60E-02     4.414E+04     1.000E+01
1.80E-02     4.442E+04     1.000E+01
2.00E-02     4.470E+04     1.000E+01
2.50E-02     4.539E+04     1.000E+01
3.00E-02     4.609E+04     1.000E+01
4.00E-02     4.748E+04     1.000E+01
5.00E-02     4.888E+04     1.000E+01
6.00E-02     5.040E+04     1.000E+01
7.00E-02     5.193E+04     1.000E+01
8.00E-02     5.345E+04     1.000E+01
9.00E-02     5.497E+04     1.000E+01
1.00E-01     5.650E+04     1.000E+01
1.10E-01     5.814E+04     1.000E+01
1.20E-01     5.978E+04     1.000E+01
1.30E-01     6.141E+04     1.000E+01
1.40E-01     6.305E+04     1.000E+01
1.50E-01     6.469E+04     1.000E+01
1.60E-01     6.647E+04     1.000E+01
1.80E-01     7.003E+04     1.000E+01
2.00E-01     7.360E+04     1.000E+01
2.50E-01     8.250E+04     1.000E+01
3.00E-01     9.094E+04     1.000E+01
3.50E-01     9.864E+04     1.000E+01
4.00E-01     1.063E+05     1.000E+01
4.50E-01     1.133E+05     1.000E+01
5.00E-01     1.204E+05     1.000E+01
6.00E-01     1.334E+05     1.000E+01
7.00E-01     1.456E+05     1.000E+01
8.00E-01     1.569E+05     1.000E+01
9.00E-01     1.676E+05     1.000E+01
1.00E+00     1.774E+05     1.000E+01
1.25E+00     1.976E+05     1.000E+01
1.50E+00     2.178E+05     1.000E+01
1.75E+00     2.313E+05     1.000E+01
2.00E+00     2.449E+05     1.000E+01
2.50E+00     2.512E+05     1.000E+01
3.00E+00     2.126E+05     1.000E+01
3.50E+00     1.398E+05     1.000E+01
4.00E+00     8.050E+04     1.000E+01
5.00E+00     2.983E+04     1.000E+01
6.00E+00     1.587E+04     1.000E+01
7.00E+00     1.115E+04     1.000E+01
8.00E+00     9.060E+03     1.000E+01
9.00E+00     7.779E+03     1.000E+01
1.00E+01     6.747E+03     1.000E+01
