5        n nb84  he4  y81                  taly      1.03370E+01      
1.00E-03     4.114E+04     1.000E+01
2.00E-03     4.163E+04     1.000E+01
3.00E-03     4.214E+04     1.000E+01
4.00E-03     4.265E+04     1.000E+01
5.00E-03     4.316E+04     1.000E+01
6.00E-03     4.308E+04     1.000E+01
7.00E-03     4.299E+04     1.000E+01
8.00E-03     4.291E+04     1.000E+01
9.00E-03     4.282E+04     1.000E+01
1.00E-02     4.274E+04     1.000E+01
1.10E-02     4.289E+04     1.000E+01
1.20E-02     4.305E+04     1.000E+01
1.30E-02     4.321E+04     1.000E+01
1.40E-02     4.336E+04     1.000E+01
1.50E-02     4.352E+04     1.000E+01
1.60E-02     4.368E+04     1.000E+01
1.80E-02     4.400E+04     1.000E+01
2.00E-02     4.432E+04     1.000E+01
2.50E-02     4.513E+04     1.000E+01
3.00E-02     4.596E+04     1.000E+01
4.00E-02     4.766E+04     1.000E+01
5.00E-02     4.942E+04     1.000E+01
6.00E-02     5.112E+04     1.000E+01
7.00E-02     5.288E+04     1.000E+01
8.00E-02     5.470E+04     1.000E+01
9.00E-02     5.658E+04     1.000E+01
1.00E-01     5.853E+04     1.000E+01
1.10E-01     6.031E+04     1.000E+01
1.20E-01     6.214E+04     1.000E+01
1.30E-01     6.403E+04     1.000E+01
1.40E-01     6.597E+04     1.000E+01
1.50E-01     6.798E+04     1.000E+01
1.60E-01     6.980E+04     1.000E+01
1.80E-01     7.359E+04     1.000E+01
2.00E-01     7.758E+04     1.000E+01
2.50E-01     8.673E+04     1.000E+01
3.00E-01     9.518E+04     1.000E+01
3.50E-01     1.025E+05     1.000E+01
4.00E-01     1.104E+05     1.000E+01
4.50E-01     1.173E+05     1.000E+01
5.00E-01     1.245E+05     1.000E+01
6.00E-01     1.379E+05     1.000E+01
7.00E-01     1.507E+05     1.000E+01
8.00E-01     1.629E+05     1.000E+01
9.00E-01     1.745E+05     1.000E+01
1.00E+00     1.855E+05     1.000E+01
1.25E+00     2.074E+05     1.000E+01
1.50E+00     2.319E+05     1.000E+01
1.75E+00     2.479E+05     1.000E+01
2.00E+00     2.651E+05     1.000E+01
2.50E+00     2.776E+05     1.000E+01
3.00E+00     2.441E+05     1.000E+01
3.50E+00     1.735E+05     1.000E+01
4.00E+00     1.154E+05     1.000E+01
5.00E+00     7.248E+04     1.000E+01
6.00E+00     7.560E+04     1.000E+01
7.00E+00     9.771E+04     1.000E+01
8.00E+00     1.313E+05     1.000E+01
9.00E+00     1.711E+05     1.000E+01
1.00E+01     2.113E+05     1.000E+01
