5        p nb84  he4 zr81                  taly      2.23900E+00      
1.00E-03     0.000E+00     1.000E+00
2.00E-03     0.000E+00     1.000E+00
3.00E-03     0.000E+00     1.000E+00
4.00E-03     0.000E+00     1.000E+00
5.00E-03     0.000E+00     1.000E+00
6.00E-03     0.000E+00     1.000E+00
7.00E-03     0.000E+00     1.000E+00
8.00E-03     0.000E+00     1.000E+00
9.00E-03     0.000E+00     1.000E+00
1.00E-02     0.000E+00     1.000E+00
1.10E-02     1.986E-98     1.000E+01
1.20E-02     3.946E-97     1.000E+01
1.30E-02     7.838E-96     1.000E+01
1.40E-02     1.557E-94     1.000E+01
1.50E-02     3.093E-93     1.000E+01
1.60E-02     6.144E-92     1.000E+01
1.80E-02     2.424E-89     1.000E+01
2.00E-02     9.566E-87     1.000E+01
2.50E-02     2.959E-80     1.000E+01
3.00E-02     9.152E-74     1.000E+01
4.00E-02     8.755E-61     1.000E+01
5.00E-02     8.375E-48     1.000E+01
6.00E-02     6.096E-45     1.000E+01
7.00E-02     4.437E-42     1.000E+01
8.00E-02     3.229E-39     1.000E+01
9.00E-02     2.350E-36     1.000E+01
1.00E-01     1.711E-33     1.000E+01
1.10E-01     1.475E-32     1.000E+01
1.20E-01     1.272E-31     1.000E+01
1.30E-01     1.096E-30     1.000E+01
1.40E-01     9.454E-30     1.000E+01
1.50E-01     8.151E-29     1.000E+01
1.60E-01     2.340E-28     1.000E+01
1.80E-01     1.929E-27     1.000E+01
2.00E-01     1.590E-26     1.000E+01
2.50E-01     3.497E-25     1.000E+01
3.00E-01     2.615E-24     1.000E+01
3.50E-01     9.110E-24     1.000E+01
4.00E-01     3.174E-23     1.000E+01
4.50E-01     2.322E-22     1.000E+01
5.00E-01     1.698E-21     1.000E+01
6.00E-01     3.912E-19     1.000E+01
7.00E-01     3.830E-17     1.000E+01
8.00E-01     1.663E-15     1.000E+01
9.00E-01     3.817E-14     1.000E+01
1.00E+00     5.407E-13     1.000E+01
1.25E+00     4.919E-11     1.000E+01
1.50E+00     4.475E-09     1.000E+01
1.75E+00     7.118E-08     1.000E+01
2.00E+00     1.132E-06     1.000E+01
2.50E+00     5.866E-05     1.000E+01
3.00E+00     1.112E-03     1.000E+01
3.50E+00     9.797E-03     1.000E+01
4.00E+00     5.177E-02     1.000E+01
5.00E+00     6.492E-01     1.000E+01
6.00E+00     4.422E+00     1.000E+01
7.00E+00     2.017E+01     1.000E+01
8.00E+00     6.875E+01     1.000E+01
9.00E+00     1.871E+02     1.000E+01
1.00E+01     4.238E+02     1.000E+01
