5      he4 ne21    n mg24                  nacr      2.55539E+00      
1.00E-03     0.000E+00     1.000E+00
2.00E-03     0.000E+00     1.000E+00
3.00E-03     0.000E+00     1.000E+00
4.00E-03     0.000E+00     1.000E+00
5.00E-03     0.000E+00     1.000E+00
6.00E-03     0.000E+00     1.000E+00
7.00E-03     0.000E+00     1.000E+00
8.00E-03     0.000E+00     1.000E+00
9.00E-03     0.000E+00     1.000E+00
1.00E-02     0.000E+00     1.000E+00
1.10E-02     0.000E+00     1.000E+00
1.20E-02     0.000E+00     1.000E+00
1.30E-02     0.000E+00     1.000E+00
1.40E-02     0.000E+00     1.000E+00
1.50E-02     0.000E+00     1.000E+00
1.60E-02     0.000E+00     1.000E+00
1.80E-02     0.000E+00     1.000E+00
2.00E-02     0.000E+00     1.000E+00
2.50E-02     0.000E+00     1.000E+00
3.00E-02     0.000E+00     1.000E+00
4.00E-02     0.000E+00     1.000E+00
5.00E-02     0.000E+00     1.000E+00
6.00E-02     0.000E+00     1.000E+00
7.00E-02     0.000E+00     1.000E+00
8.00E-02     0.000E+00     1.000E+00
9.00E-02     0.000E+00     1.000E+00
1.00E-01     3.942E-25     1.263E+02
1.10E-01     8.515E-24     1.170E+02
1.20E-01     1.362E-22     1.145E+02
1.30E-01     1.635E-21     1.120E+02
1.40E-01     1.497E-20     1.062E+02
1.50E-01     1.084E-19     9.682E+01
1.60E-01     6.473E-19     8.574E+01
1.80E-01     1.450E-17     6.068E+01
2.00E-01     2.152E-16     3.763E+01
2.50E-01     8.752E-14     1.314E+01
3.00E-01     1.593E-11     1.180E+01
3.50E-01     7.974E-10     1.131E+01
4.00E-01     1.620E-08     1.012E+01
4.50E-01     1.821E-07     8.511E+00
5.00E-01     1.359E-06     6.793E+00
6.00E-01     3.247E-05     4.126E+00
7.00E-01     3.657E-04     2.612E+00
8.00E-01     2.615E-03     1.816E+00
9.00E-01     1.455E-02     1.411E+00
1.00E+00     6.827E-02     1.224E+00
1.25E+00     1.746E+00     1.096E+00
1.50E+00     1.991E+01     1.084E+00
1.75E+00     1.285E+02     1.094E+00
2.00E+00     5.613E+02     1.108E+00
2.50E+00     5.176E+03     1.141E+00
3.00E+00     2.708E+04     1.167E+00
3.50E+00     9.549E+04     1.195E+00
4.00E+00     2.580E+05     1.228E+00
5.00E+00     1.107E+06     1.296E+00
6.00E+00     3.028E+06     1.379E+00
7.00E+00     6.248E+06     1.480E+00
8.00E+00     1.066E+07     1.609E+00
9.00E+00     1.575E+07     1.774E+00
1.00E+01     2.071E+07     2.005E+00
