4        n ne18 ne19                       taly      1.16370E+01      
1.00E-03     1.198E+04     1.000E+01
2.00E-03     1.206E+04     1.000E+01
3.00E-03     1.214E+04     1.000E+01
4.00E-03     1.221E+04     1.000E+01
5.00E-03     1.229E+04     1.000E+01
6.00E-03     1.221E+04     1.000E+01
7.00E-03     1.213E+04     1.000E+01
8.00E-03     1.205E+04     1.000E+01
9.00E-03     1.197E+04     1.000E+01
1.00E-02     1.189E+04     1.000E+01
1.10E-02     1.188E+04     1.000E+01
1.20E-02     1.187E+04     1.000E+01
1.30E-02     1.186E+04     1.000E+01
1.40E-02     1.186E+04     1.000E+01
1.50E-02     1.185E+04     1.000E+01
1.60E-02     1.184E+04     1.000E+01
1.80E-02     1.183E+04     1.000E+01
2.00E-02     1.182E+04     1.000E+01
2.50E-02     1.178E+04     1.000E+01
3.00E-02     1.175E+04     1.000E+01
4.00E-02     1.168E+04     1.000E+01
5.00E-02     1.161E+04     1.000E+01
6.00E-02     1.161E+04     1.000E+01
7.00E-02     1.161E+04     1.000E+01
8.00E-02     1.162E+04     1.000E+01
9.00E-02     1.162E+04     1.000E+01
1.00E-01     1.163E+04     1.000E+01
1.10E-01     1.165E+04     1.000E+01
1.20E-01     1.167E+04     1.000E+01
1.30E-01     1.170E+04     1.000E+01
1.40E-01     1.172E+04     1.000E+01
1.50E-01     1.174E+04     1.000E+01
1.60E-01     1.178E+04     1.000E+01
1.80E-01     1.186E+04     1.000E+01
2.00E-01     1.193E+04     1.000E+01
2.50E-01     1.216E+04     1.000E+01
3.00E-01     1.238E+04     1.000E+01
3.50E-01     1.260E+04     1.000E+01
4.00E-01     1.282E+04     1.000E+01
4.50E-01     1.303E+04     1.000E+01
5.00E-01     1.323E+04     1.000E+01
6.00E-01     1.365E+04     1.000E+01
7.00E-01     1.407E+04     1.000E+01
8.00E-01     1.451E+04     1.000E+01
9.00E-01     1.495E+04     1.000E+01
1.00E+00     1.540E+04     1.000E+01
1.25E+00     1.654E+04     1.000E+01
1.50E+00     1.769E+04     1.000E+01
1.75E+00     1.885E+04     1.000E+01
2.00E+00     2.000E+04     1.000E+01
2.50E+00     2.227E+04     1.000E+01
3.00E+00     2.448E+04     1.000E+01
3.50E+00     2.665E+04     1.000E+01
4.00E+00     2.879E+04     1.000E+01
5.00E+00     3.307E+04     1.000E+01
6.00E+00     3.736E+04     1.000E+01
7.00E+00     4.161E+04     1.000E+01
8.00E+00     4.569E+04     1.000E+01
9.00E+00     4.946E+04     1.000E+01
1.00E+01     5.278E+04     1.000E+01
