5        n ne19    p  f19                  taly      4.02100E+00      
1.00E-03     2.202E+08     1.000E+01
2.00E-03     2.217E+08     1.000E+01
3.00E-03     2.231E+08     1.000E+01
4.00E-03     2.245E+08     1.000E+01
5.00E-03     2.260E+08     1.000E+01
6.00E-03     2.244E+08     1.000E+01
7.00E-03     2.229E+08     1.000E+01
8.00E-03     2.214E+08     1.000E+01
9.00E-03     2.200E+08     1.000E+01
1.00E-02     2.185E+08     1.000E+01
1.10E-02     2.183E+08     1.000E+01
1.20E-02     2.182E+08     1.000E+01
1.30E-02     2.181E+08     1.000E+01
1.40E-02     2.179E+08     1.000E+01
1.50E-02     2.178E+08     1.000E+01
1.60E-02     2.176E+08     1.000E+01
1.80E-02     2.173E+08     1.000E+01
2.00E-02     2.170E+08     1.000E+01
2.50E-02     2.163E+08     1.000E+01
3.00E-02     2.156E+08     1.000E+01
4.00E-02     2.142E+08     1.000E+01
5.00E-02     2.128E+08     1.000E+01
6.00E-02     2.126E+08     1.000E+01
7.00E-02     2.125E+08     1.000E+01
8.00E-02     2.124E+08     1.000E+01
9.00E-02     2.122E+08     1.000E+01
1.00E-01     2.121E+08     1.000E+01
1.10E-01     2.123E+08     1.000E+01
1.20E-01     2.125E+08     1.000E+01
1.30E-01     2.127E+08     1.000E+01
1.40E-01     2.129E+08     1.000E+01
1.50E-01     2.131E+08     1.000E+01
1.60E-01     2.135E+08     1.000E+01
1.80E-01     2.144E+08     1.000E+01
2.00E-01     2.153E+08     1.000E+01
2.50E-01     2.181E+08     1.000E+01
3.00E-01     2.209E+08     1.000E+01
3.50E-01     2.235E+08     1.000E+01
4.00E-01     2.262E+08     1.000E+01
4.50E-01     2.285E+08     1.000E+01
5.00E-01     2.308E+08     1.000E+01
6.00E-01     2.349E+08     1.000E+01
7.00E-01     2.386E+08     1.000E+01
8.00E-01     2.419E+08     1.000E+01
9.00E-01     2.451E+08     1.000E+01
1.00E+00     2.481E+08     1.000E+01
1.25E+00     2.559E+08     1.000E+01
1.50E+00     2.640E+08     1.000E+01
1.75E+00     2.725E+08     1.000E+01
2.00E+00     2.813E+08     1.000E+01
2.50E+00     2.988E+08     1.000E+01
3.00E+00     3.155E+08     1.000E+01
3.50E+00     3.311E+08     1.000E+01
4.00E+00     3.454E+08     1.000E+01
5.00E+00     3.707E+08     1.000E+01
6.00E+00     3.915E+08     1.000E+01
7.00E+00     4.076E+08     1.000E+01
8.00E+00     4.183E+08     1.000E+01
9.00E+00     4.227E+08     1.000E+01
1.00E+01     4.190E+08     1.000E+01
