4        n ne20 ne21                       taex      6.76100E+00      
1.00E-03     5.231E+04     1.092E+00
2.00E-03     5.053E+04     1.092E+00
3.00E-03     4.875E+04     1.092E+00
4.00E-03     4.698E+04     1.092E+00
5.00E-03     4.520E+04     1.092E+00
6.00E-03     4.398E+04     1.092E+00
7.00E-03     4.277E+04     1.092E+00
8.00E-03     4.155E+04     1.092E+00
9.00E-03     4.034E+04     1.092E+00
1.00E-02     3.912E+04     1.092E+00
1.10E-02     3.878E+04     1.092E+00
1.20E-02     3.844E+04     1.092E+00
1.30E-02     3.810E+04     1.092E+00
1.40E-02     3.776E+04     1.092E+00
1.50E-02     3.742E+04     1.092E+00
1.60E-02     3.708E+04     1.092E+00
1.80E-02     3.640E+04     1.092E+00
2.00E-02     3.572E+04     1.092E+00
2.50E-02     3.402E+04     1.092E+00
3.00E-02     3.232E+04     1.092E+00
4.00E-02     2.892E+04     1.092E+00
5.00E-02     2.552E+04     1.092E+00
6.00E-02     2.474E+04     1.092E+00
7.00E-02     2.396E+04     1.092E+00
8.00E-02     2.318E+04     1.092E+00
9.00E-02     2.240E+04     1.092E+00
1.00E-01     2.162E+04     1.092E+00
1.10E-01     2.128E+04     1.092E+00
1.20E-01     2.093E+04     1.092E+00
1.30E-01     2.059E+04     1.092E+00
1.40E-01     2.024E+04     1.092E+00
1.50E-01     1.990E+04     1.092E+00
1.60E-01     1.969E+04     1.092E+00
1.80E-01     1.928E+04     1.092E+00
2.00E-01     1.887E+04     1.092E+00
2.50E-01     1.816E+04     1.092E+00
3.00E-01     1.762E+04     1.092E+00
3.50E-01     1.722E+04     1.092E+00
4.00E-01     1.682E+04     1.092E+00
4.50E-01     1.652E+04     1.092E+00
5.00E-01     1.622E+04     1.092E+00
6.00E-01     1.575E+04     1.092E+00
7.00E-01     1.539E+04     1.092E+00
8.00E-01     1.510E+04     1.092E+00
9.00E-01     1.487E+04     1.092E+00
1.00E+00     1.469E+04     1.092E+00
1.25E+00     1.444E+04     1.092E+00
1.50E+00     1.419E+04     1.092E+00
1.75E+00     1.414E+04     1.092E+00
2.00E+00     1.409E+04     1.092E+00
2.50E+00     1.416E+04     1.092E+00
3.00E+00     1.430E+04     1.092E+00
3.50E+00     1.445E+04     1.092E+00
4.00E+00     1.456E+04     1.092E+00
5.00E+00     1.462E+04     1.092E+00
6.00E+00     1.450E+04     1.092E+00
7.00E+00     1.432E+04     1.092E+00
8.00E+00     1.417E+04     1.092E+00
9.00E+00     1.411E+04     1.092E+00
1.00E+01     1.417E+04     1.092E+00
