4      he4 ne21 mg25                       taly      9.88600E+00      
1.00E-03     0.000E+00     1.000E+00
2.00E-03     0.000E+00     1.000E+00
3.00E-03     0.000E+00     1.000E+00
4.00E-03     0.000E+00     1.000E+00
5.00E-03     0.000E+00     1.000E+00
6.00E-03     0.000E+00     1.000E+00
7.00E-03     0.000E+00     1.000E+00
8.00E-03     0.000E+00     1.000E+00
9.00E-03     0.000E+00     1.000E+00
1.00E-02     0.000E+00     1.000E+00
1.10E-02     2.895E-98     1.000E+01
1.20E-02     8.379E-97     1.000E+01
1.30E-02     2.425E-95     1.000E+01
1.40E-02     7.020E-94     1.000E+01
1.50E-02     2.032E-92     1.000E+01
1.60E-02     5.882E-91     1.000E+01
1.80E-02     4.928E-88     1.000E+01
2.00E-02     4.129E-85     1.000E+01
2.50E-02     8.390E-78     1.000E+01
3.00E-02     1.705E-70     1.000E+01
4.00E-02     7.039E-56     1.000E+01
5.00E-02     2.906E-41     1.000E+01
6.00E-02     9.162E-39     1.000E+01
7.00E-02     2.889E-36     1.000E+01
8.00E-02     9.106E-34     1.000E+01
9.00E-02     2.871E-31     1.000E+01
1.00E-01     9.050E-29     1.000E+01
1.10E-01     1.107E-27     1.000E+01
1.20E-01     1.354E-26     1.000E+01
1.30E-01     1.656E-25     1.000E+01
1.40E-01     2.026E-24     1.000E+01
1.50E-01     2.478E-23     1.000E+01
1.60E-01     1.187E-22     1.000E+01
1.80E-01     2.721E-21     1.000E+01
2.00E-01     6.240E-20     1.000E+01
2.50E-01     1.620E-17     1.000E+01
3.00E-01     1.118E-15     1.000E+01
3.50E-01     2.435E-14     1.000E+01
4.00E-01     5.303E-13     1.000E+01
4.50E-01     4.729E-12     1.000E+01
5.00E-01     4.217E-11     1.000E+01
6.00E-01     1.182E-09     1.000E+01
7.00E-01     1.688E-08     1.000E+01
8.00E-01     1.505E-07     1.000E+01
9.00E-01     9.485E-07     1.000E+01
1.00E+00     4.578E-06     1.000E+01
1.25E+00     7.020E-05     1.000E+01
1.50E+00     1.076E-03     1.000E+01
1.75E+00     5.868E-03     1.000E+01
2.00E+00     3.199E-02     1.000E+01
2.50E+00     3.397E-01     1.000E+01
3.00E+00     1.932E+00     1.000E+01
3.50E+00     7.302E+00     1.000E+01
4.00E+00     2.085E+01     1.000E+01
5.00E+00     9.804E+01     1.000E+01
6.00E+00     2.897E+02     1.000E+01
7.00E+00     6.422E+02     1.000E+01
8.00E+00     1.176E+03     1.000E+01
9.00E+00     1.878E+03     1.000E+01
1.00E+01     2.707E+03     1.000E+01
