4        p ni56 cu57                       re98      6.90310E-01      
1.00E-03     0.000E+00     1.000E+00
2.00E-03     0.000E+00     1.000E+00
3.00E-03     0.000E+00     1.000E+00
4.00E-03     0.000E+00     1.000E+00
5.00E-03     0.000E+00     1.000E+00
6.00E-03     0.000E+00     1.000E+00
7.00E-03     0.000E+00     1.000E+00
8.00E-03     0.000E+00     1.000E+00
9.00E-03     0.000E+00     1.000E+00
1.00E-02     0.000E+00     1.000E+00
1.10E-02     0.000E+00     1.000E+00
1.20E-02     0.000E+00     1.000E+00
1.30E-02     0.000E+00     1.000E+00
1.40E-02     0.000E+00     1.000E+00
1.50E-02     0.000E+00     1.000E+00
1.60E-02     0.000E+00     1.000E+00
1.80E-02     6.380E-97     1.000E+01
2.00E-02     1.150E-87     1.000E+01
2.50E-02     5.006E-71     1.000E+01
3.00E-02     5.886E-60     1.000E+01
4.00E-02     3.704E-46     1.000E+01
5.00E-02     6.530E-38     1.000E+01
6.00E-02     1.957E-32     1.000E+01
7.00E-02     1.574E-28     1.000E+01
8.00E-02     1.408E-25     1.000E+01
9.00E-02     3.255E-23     1.000E+01
1.00E-01     3.138E-21     1.000E+01
1.10E-01     1.558E-19     1.000E+01
1.20E-01     4.413E-18     1.000E+01
1.30E-01     7.771E-17     1.000E+01
1.40E-01     9.217E-16     1.000E+01
1.50E-01     7.893E-15     1.000E+01
1.60E-01     5.166E-14     1.000E+01
1.80E-01     1.174E-12     1.000E+01
2.00E-01     1.410E-11     1.000E+01
2.50E-01     1.184E-09     1.000E+01
3.00E-01     2.161E-08     1.000E+01
3.50E-01     1.661E-07     1.000E+01
4.00E-01     7.467E-07     1.000E+01
4.50E-01     2.354E-06     1.000E+01
5.00E-01     5.800E-06     1.000E+01
6.00E-01     2.163E-05     1.000E+01
7.00E-01     5.345E-05     1.000E+01
8.00E-01     1.028E-04     1.000E+01
9.00E-01     1.700E-04     1.000E+01
1.00E+00     2.683E-04     1.000E+01
1.25E+00     1.496E-03     1.000E+01
1.50E+00     1.223E-02     1.000E+01
1.75E+00     6.327E-02     1.000E+01
2.00E+00     2.168E-01     1.000E+01
2.50E+00     1.166E+00     1.000E+01
3.00E+00     3.418E+00     1.000E+01
3.50E+00     7.116E+00     1.000E+01
4.00E+00     1.201E+01     1.000E+01
5.00E+00     2.371E+01     1.000E+01
6.00E+00     3.560E+01     1.000E+01
7.00E+00     4.598E+01     1.000E+01
8.00E+00     5.374E+01     1.000E+01
9.00E+00     5.785E+01     1.000E+01
1.00E+01     5.736E+01     1.000E+01
