4        p ni62 cu63                       taly      6.12200E+00      
1.00E-03     0.000E+00     1.000E+00
2.00E-03     0.000E+00     1.000E+00
3.00E-03     0.000E+00     1.000E+00
4.00E-03     0.000E+00     1.000E+00
5.00E-03     0.000E+00     1.000E+00
6.00E-03     0.000E+00     1.000E+00
7.00E-03     0.000E+00     1.000E+00
8.00E-03     0.000E+00     1.000E+00
9.00E-03     0.000E+00     1.000E+00
1.00E-02     0.000E+00     1.000E+00
1.10E-02     5.615E-98     1.000E+01
1.20E-02     3.153E-96     1.000E+01
1.30E-02     1.771E-94     1.000E+01
1.40E-02     9.943E-93     1.000E+01
1.50E-02     5.583E-91     1.000E+01
1.60E-02     3.135E-89     1.000E+01
1.80E-02     9.887E-86     1.000E+01
2.00E-02     3.117E-82     1.000E+01
2.50E-02     1.741E-73     1.000E+01
3.00E-02     9.719E-65     1.000E+01
4.00E-02     3.030E-47     1.000E+01
5.00E-02     9.445E-30     1.000E+01
6.00E-02     7.846E-28     1.000E+01
7.00E-02     6.518E-26     1.000E+01
8.00E-02     5.415E-24     1.000E+01
9.00E-02     4.498E-22     1.000E+01
1.00E-01     3.737E-20     1.000E+01
1.10E-01     2.967E-19     1.000E+01
1.20E-01     2.356E-18     1.000E+01
1.30E-01     1.870E-17     1.000E+01
1.40E-01     1.485E-16     1.000E+01
1.50E-01     1.179E-15     1.000E+01
1.60E-01     4.345E-15     1.000E+01
1.80E-01     5.901E-14     1.000E+01
2.00E-01     8.013E-13     1.000E+01
2.50E-01     8.222E-11     1.000E+01
3.00E-01     2.797E-09     1.000E+01
3.50E-01     3.636E-08     1.000E+01
4.00E-01     4.725E-07     1.000E+01
4.50E-01     2.911E-06     1.000E+01
5.00E-01     1.793E-05     1.000E+01
6.00E-01     2.834E-04     1.000E+01
7.00E-01     2.530E-03     1.000E+01
8.00E-01     1.516E-02     1.000E+01
9.00E-01     6.774E-02     1.000E+01
1.00E+00     2.418E-01     1.000E+01
1.25E+00     2.085E+00     1.000E+01
1.50E+00     1.798E+01     1.000E+01
1.75E+00     6.382E+01     1.000E+01
2.00E+00     2.265E+02     1.000E+01
2.50E+00     1.261E+03     1.000E+01
3.00E+00     4.460E+03     1.000E+01
3.50E+00     1.181E+04     1.000E+01
4.00E+00     2.538E+04     1.000E+01
5.00E+00     7.024E+04     1.000E+01
6.00E+00     1.021E+05     1.000E+01
7.00E+00     9.491E+04     1.000E+01
8.00E+00     7.484E+04     1.000E+01
9.00E+00     5.781E+04     1.000E+01
1.00E+01     4.584E+04     1.000E+01
