5      he4 ni54    p cu57                  taly      3.22100E+00      
1.00E-03     0.000E+00     1.000E+00
2.00E-03     0.000E+00     1.000E+00
3.00E-03     0.000E+00     1.000E+00
4.00E-03     0.000E+00     1.000E+00
5.00E-03     0.000E+00     1.000E+00
6.00E-03     0.000E+00     1.000E+00
7.00E-03     0.000E+00     1.000E+00
8.00E-03     0.000E+00     1.000E+00
9.00E-03     0.000E+00     1.000E+00
1.00E-02     0.000E+00     1.000E+00
1.10E-02     0.000E+00     1.000E+00
1.20E-02     0.000E+00     1.000E+00
1.30E-02     0.000E+00     1.000E+00
1.40E-02     0.000E+00     1.000E+00
1.50E-02     0.000E+00     1.000E+00
1.60E-02     0.000E+00     1.000E+00
1.80E-02     0.000E+00     1.000E+00
2.00E-02     0.000E+00     1.000E+00
2.50E-02     0.000E+00     1.000E+00
3.00E-02     0.000E+00     1.000E+00
4.00E-02     0.000E+00     1.000E+00
5.00E-02     0.000E+00     1.000E+00
6.00E-02     0.000E+00     1.000E+00
7.00E-02     0.000E+00     1.000E+00
8.00E-02     0.000E+00     1.000E+00
9.00E-02     0.000E+00     1.000E+00
1.00E-01     0.000E+00     1.000E+00
1.10E-01     0.000E+00     1.000E+00
1.20E-01     0.000E+00     1.000E+00
1.30E-01     0.000E+00     1.000E+00
1.40E-01     0.000E+00     1.000E+00
1.50E-01     0.000E+00     1.000E+00
1.60E-01     3.981E-89     1.000E+01
1.80E-01     6.310E-68     1.000E+01
2.00E-01     1.000E-46     1.000E+01
2.50E-01     1.564E-40     1.000E+01
3.00E-01     2.820E-36     1.000E+01
3.50E-01     2.212E-33     1.000E+01
4.00E-01     1.735E-30     1.000E+01
4.50E-01     1.770E-28     1.000E+01
5.00E-01     1.805E-26     1.000E+01
6.00E-01     2.028E-23     1.000E+01
7.00E-01     5.466E-21     1.000E+01
8.00E-01     5.471E-19     1.000E+01
9.00E-01     2.664E-17     1.000E+01
1.00E+00     7.529E-16     1.000E+01
1.25E+00     2.631E-13     1.000E+01
1.50E+00     9.196E-11     1.000E+01
1.75E+00     3.461E-09     1.000E+01
2.00E+00     1.303E-07     1.000E+01
2.50E+00     2.006E-05     1.000E+01
3.00E+00     8.116E-04     1.000E+01
3.50E+00     1.349E-02     1.000E+01
4.00E+00     1.193E-01     1.000E+01
5.00E+00     2.469E+00     1.000E+01
6.00E+00     1.431E+01     1.000E+01
7.00E+00     3.729E+01     1.000E+01
8.00E+00     6.475E+01     1.000E+01
9.00E+00     9.273E+01     1.000E+01
1.00E+01     1.200E+02     1.000E+01
