4        n ni54 ni55                       taly      1.41830E+01      
1.00E-03     7.282E+04     1.000E+01
2.00E-03     7.304E+04     1.000E+01
3.00E-03     7.326E+04     1.000E+01
4.00E-03     7.348E+04     1.000E+01
5.00E-03     7.371E+04     1.000E+01
6.00E-03     7.308E+04     1.000E+01
7.00E-03     7.245E+04     1.000E+01
8.00E-03     7.183E+04     1.000E+01
9.00E-03     7.120E+04     1.000E+01
1.00E-02     7.057E+04     1.000E+01
1.10E-02     7.045E+04     1.000E+01
1.20E-02     7.032E+04     1.000E+01
1.30E-02     7.019E+04     1.000E+01
1.40E-02     7.006E+04     1.000E+01
1.50E-02     6.993E+04     1.000E+01
1.60E-02     6.980E+04     1.000E+01
1.80E-02     6.954E+04     1.000E+01
2.00E-02     6.928E+04     1.000E+01
2.50E-02     6.863E+04     1.000E+01
3.00E-02     6.799E+04     1.000E+01
4.00E-02     6.669E+04     1.000E+01
5.00E-02     6.540E+04     1.000E+01
6.00E-02     6.483E+04     1.000E+01
7.00E-02     6.426E+04     1.000E+01
8.00E-02     6.369E+04     1.000E+01
9.00E-02     6.312E+04     1.000E+01
1.00E-01     6.254E+04     1.000E+01
1.10E-01     6.217E+04     1.000E+01
1.20E-01     6.180E+04     1.000E+01
1.30E-01     6.142E+04     1.000E+01
1.40E-01     6.105E+04     1.000E+01
1.50E-01     6.068E+04     1.000E+01
1.60E-01     6.042E+04     1.000E+01
1.80E-01     5.991E+04     1.000E+01
2.00E-01     5.940E+04     1.000E+01
2.50E-01     5.845E+04     1.000E+01
3.00E-01     5.766E+04     1.000E+01
3.50E-01     5.699E+04     1.000E+01
4.00E-01     5.632E+04     1.000E+01
4.50E-01     5.575E+04     1.000E+01
5.00E-01     5.518E+04     1.000E+01
6.00E-01     5.423E+04     1.000E+01
7.00E-01     5.344E+04     1.000E+01
8.00E-01     5.281E+04     1.000E+01
9.00E-01     5.231E+04     1.000E+01
1.00E+00     5.192E+04     1.000E+01
1.25E+00     5.155E+04     1.000E+01
1.50E+00     5.118E+04     1.000E+01
1.75E+00     5.142E+04     1.000E+01
2.00E+00     5.165E+04     1.000E+01
2.50E+00     5.267E+04     1.000E+01
3.00E+00     5.387E+04     1.000E+01
3.50E+00     5.494E+04     1.000E+01
4.00E+00     5.542E+04     1.000E+01
5.00E+00     5.149E+04     1.000E+01
6.00E+00     3.856E+04     1.000E+01
7.00E+00     2.464E+04     1.000E+01
8.00E+00     1.559E+04     1.000E+01
9.00E+00     1.042E+04     1.000E+01
1.00E+01     7.373E+03     1.000E+01
