4        n ni60 ni61                       taex      7.81900E+00      
1.00E-03     1.621E+07     1.040E+00
2.00E-03     1.424E+07     1.040E+00
3.00E-03     1.227E+07     1.040E+00
4.00E-03     1.029E+07     1.040E+00
5.00E-03     8.319E+06     1.040E+00
6.00E-03     7.936E+06     1.040E+00
7.00E-03     7.552E+06     1.040E+00
8.00E-03     7.169E+06     1.040E+00
9.00E-03     6.785E+06     1.040E+00
1.00E-02     6.402E+06     1.040E+00
1.10E-02     6.347E+06     1.040E+00
1.20E-02     6.292E+06     1.040E+00
1.30E-02     6.238E+06     1.040E+00
1.40E-02     6.183E+06     1.040E+00
1.50E-02     6.129E+06     1.040E+00
1.60E-02     6.074E+06     1.040E+00
1.80E-02     5.965E+06     1.040E+00
2.00E-02     5.856E+06     1.040E+00
2.50E-02     5.583E+06     1.040E+00
3.00E-02     5.310E+06     1.040E+00
4.00E-02     4.763E+06     1.040E+00
5.00E-02     4.217E+06     1.040E+00
6.00E-02     4.142E+06     1.040E+00
7.00E-02     4.067E+06     1.040E+00
8.00E-02     3.992E+06     1.040E+00
9.00E-02     3.918E+06     1.040E+00
1.00E-01     3.843E+06     1.040E+00
1.10E-01     3.827E+06     1.040E+00
1.20E-01     3.812E+06     1.040E+00
1.30E-01     3.797E+06     1.040E+00
1.40E-01     3.782E+06     1.040E+00
1.50E-01     3.766E+06     1.040E+00
1.60E-01     3.769E+06     1.040E+00
1.80E-01     3.775E+06     1.040E+00
2.00E-01     3.781E+06     1.040E+00
2.50E-01     3.825E+06     1.040E+00
3.00E-01     3.874E+06     1.040E+00
3.50E-01     3.914E+06     1.040E+00
4.00E-01     3.954E+06     1.040E+00
4.50E-01     3.981E+06     1.040E+00
5.00E-01     4.008E+06     1.040E+00
6.00E-01     4.046E+06     1.040E+00
7.00E-01     4.074E+06     1.040E+00
8.00E-01     4.097E+06     1.040E+00
9.00E-01     4.118E+06     1.040E+00
1.00E+00     4.138E+06     1.040E+00
1.25E+00     4.196E+06     1.040E+00
1.50E+00     4.254E+06     1.040E+00
1.75E+00     4.332E+06     1.040E+00
2.00E+00     4.411E+06     1.040E+00
2.50E+00     4.602E+06     1.040E+00
3.00E+00     4.812E+06     1.040E+00
3.50E+00     5.018E+06     1.040E+00
4.00E+00     5.181E+06     1.040E+00
5.00E+00     5.039E+06     1.040E+00
6.00E+00     3.849E+06     1.040E+00
7.00E+00     2.381E+06     1.040E+00
8.00E+00     1.428E+06     1.040E+00
9.00E+00     9.190E+05     1.040E+00
1.00E+01     6.475E+05     1.040E+00
