4        n ni53 ni54                       taly      1.76630E+01      
1.00E-03     2.390E+04     1.000E+01
2.00E-03     2.398E+04     1.000E+01
3.00E-03     2.405E+04     1.000E+01
4.00E-03     2.412E+04     1.000E+01
5.00E-03     2.419E+04     1.000E+01
6.00E-03     2.398E+04     1.000E+01
7.00E-03     2.377E+04     1.000E+01
8.00E-03     2.357E+04     1.000E+01
9.00E-03     2.336E+04     1.000E+01
1.00E-02     2.315E+04     1.000E+01
1.10E-02     2.311E+04     1.000E+01
1.20E-02     2.306E+04     1.000E+01
1.30E-02     2.302E+04     1.000E+01
1.40E-02     2.297E+04     1.000E+01
1.50E-02     2.293E+04     1.000E+01
1.60E-02     2.288E+04     1.000E+01
1.80E-02     2.280E+04     1.000E+01
2.00E-02     2.271E+04     1.000E+01
2.50E-02     2.248E+04     1.000E+01
3.00E-02     2.226E+04     1.000E+01
4.00E-02     2.182E+04     1.000E+01
5.00E-02     2.137E+04     1.000E+01
6.00E-02     2.117E+04     1.000E+01
7.00E-02     2.096E+04     1.000E+01
8.00E-02     2.075E+04     1.000E+01
9.00E-02     2.055E+04     1.000E+01
1.00E-01     2.034E+04     1.000E+01
1.10E-01     2.020E+04     1.000E+01
1.20E-01     2.006E+04     1.000E+01
1.30E-01     1.991E+04     1.000E+01
1.40E-01     1.977E+04     1.000E+01
1.50E-01     1.963E+04     1.000E+01
1.60E-01     1.953E+04     1.000E+01
1.80E-01     1.932E+04     1.000E+01
2.00E-01     1.912E+04     1.000E+01
2.50E-01     1.871E+04     1.000E+01
3.00E-01     1.836E+04     1.000E+01
3.50E-01     1.806E+04     1.000E+01
4.00E-01     1.776E+04     1.000E+01
4.50E-01     1.749E+04     1.000E+01
5.00E-01     1.723E+04     1.000E+01
6.00E-01     1.676E+04     1.000E+01
7.00E-01     1.635E+04     1.000E+01
8.00E-01     1.597E+04     1.000E+01
9.00E-01     1.559E+04     1.000E+01
1.00E+00     1.521E+04     1.000E+01
1.25E+00     1.449E+04     1.000E+01
1.50E+00     1.378E+04     1.000E+01
1.75E+00     1.434E+04     1.000E+01
2.00E+00     1.491E+04     1.000E+01
2.50E+00     1.752E+04     1.000E+01
3.00E+00     1.965E+04     1.000E+01
3.50E+00     2.074E+04     1.000E+01
4.00E+00     2.094E+04     1.000E+01
5.00E+00     1.974E+04     1.000E+01
6.00E+00     1.768E+04     1.000E+01
7.00E+00     1.547E+04     1.000E+01
8.00E+00     1.338E+04     1.000E+01
9.00E+00     1.146E+04     1.000E+01
1.00E+01     9.727E+03     1.000E+01
