5        n ni53    p co53                  taly      1.38100E+01      
1.00E-03     1.108E+07     1.000E+01
2.00E-03     1.111E+07     1.000E+01
3.00E-03     1.114E+07     1.000E+01
4.00E-03     1.118E+07     1.000E+01
5.00E-03     1.121E+07     1.000E+01
6.00E-03     1.111E+07     1.000E+01
7.00E-03     1.101E+07     1.000E+01
8.00E-03     1.092E+07     1.000E+01
9.00E-03     1.082E+07     1.000E+01
1.00E-02     1.073E+07     1.000E+01
1.10E-02     1.071E+07     1.000E+01
1.20E-02     1.069E+07     1.000E+01
1.30E-02     1.067E+07     1.000E+01
1.40E-02     1.064E+07     1.000E+01
1.50E-02     1.062E+07     1.000E+01
1.60E-02     1.060E+07     1.000E+01
1.80E-02     1.056E+07     1.000E+01
2.00E-02     1.052E+07     1.000E+01
2.50E-02     1.042E+07     1.000E+01
3.00E-02     1.031E+07     1.000E+01
4.00E-02     1.011E+07     1.000E+01
5.00E-02     9.912E+06     1.000E+01
6.00E-02     9.817E+06     1.000E+01
7.00E-02     9.723E+06     1.000E+01
8.00E-02     9.629E+06     1.000E+01
9.00E-02     9.536E+06     1.000E+01
1.00E-01     9.445E+06     1.000E+01
1.10E-01     9.381E+06     1.000E+01
1.20E-01     9.317E+06     1.000E+01
1.30E-01     9.254E+06     1.000E+01
1.40E-01     9.191E+06     1.000E+01
1.50E-01     9.128E+06     1.000E+01
1.60E-01     9.083E+06     1.000E+01
1.80E-01     8.992E+06     1.000E+01
2.00E-01     8.903E+06     1.000E+01
2.50E-01     8.728E+06     1.000E+01
3.00E-01     8.580E+06     1.000E+01
3.50E-01     8.450E+06     1.000E+01
4.00E-01     8.323E+06     1.000E+01
4.50E-01     8.211E+06     1.000E+01
5.00E-01     8.100E+06     1.000E+01
6.00E-01     7.906E+06     1.000E+01
7.00E-01     7.734E+06     1.000E+01
8.00E-01     7.573E+06     1.000E+01
9.00E-01     7.411E+06     1.000E+01
1.00E+00     7.235E+06     1.000E+01
1.25E+00     6.590E+06     1.000E+01
1.50E+00     6.002E+06     1.000E+01
1.75E+00     5.292E+06     1.000E+01
2.00E+00     4.665E+06     1.000E+01
2.50E+00     3.762E+06     1.000E+01
3.00E+00     3.196E+06     1.000E+01
3.50E+00     2.799E+06     1.000E+01
4.00E+00     2.487E+06     1.000E+01
5.00E+00     1.996E+06     1.000E+01
6.00E+00     1.617E+06     1.000E+01
7.00E+00     1.318E+06     1.000E+01
8.00E+00     1.077E+06     1.000E+01
9.00E+00     8.806E+05     1.000E+01
1.00E+01     7.180E+05     1.000E+01
