5        n ni54    p co54                  taly      9.56800E+00      
1.00E-03     1.537E+09     1.000E+01
2.00E-03     1.542E+09     1.000E+01
3.00E-03     1.547E+09     1.000E+01
4.00E-03     1.551E+09     1.000E+01
5.00E-03     1.556E+09     1.000E+01
6.00E-03     1.542E+09     1.000E+01
7.00E-03     1.529E+09     1.000E+01
8.00E-03     1.516E+09     1.000E+01
9.00E-03     1.503E+09     1.000E+01
1.00E-02     1.490E+09     1.000E+01
1.10E-02     1.487E+09     1.000E+01
1.20E-02     1.484E+09     1.000E+01
1.30E-02     1.481E+09     1.000E+01
1.40E-02     1.478E+09     1.000E+01
1.50E-02     1.475E+09     1.000E+01
1.60E-02     1.473E+09     1.000E+01
1.80E-02     1.467E+09     1.000E+01
2.00E-02     1.461E+09     1.000E+01
2.50E-02     1.447E+09     1.000E+01
3.00E-02     1.434E+09     1.000E+01
4.00E-02     1.406E+09     1.000E+01
5.00E-02     1.380E+09     1.000E+01
6.00E-02     1.367E+09     1.000E+01
7.00E-02     1.355E+09     1.000E+01
8.00E-02     1.343E+09     1.000E+01
9.00E-02     1.331E+09     1.000E+01
1.00E-01     1.319E+09     1.000E+01
1.10E-01     1.310E+09     1.000E+01
1.20E-01     1.302E+09     1.000E+01
1.30E-01     1.294E+09     1.000E+01
1.40E-01     1.286E+09     1.000E+01
1.50E-01     1.278E+09     1.000E+01
1.60E-01     1.273E+09     1.000E+01
1.80E-01     1.262E+09     1.000E+01
2.00E-01     1.250E+09     1.000E+01
2.50E-01     1.230E+09     1.000E+01
3.00E-01     1.212E+09     1.000E+01
3.50E-01     1.197E+09     1.000E+01
4.00E-01     1.182E+09     1.000E+01
4.50E-01     1.169E+09     1.000E+01
5.00E-01     1.157E+09     1.000E+01
6.00E-01     1.135E+09     1.000E+01
7.00E-01     1.117E+09     1.000E+01
8.00E-01     1.102E+09     1.000E+01
9.00E-01     1.089E+09     1.000E+01
1.00E+00     1.079E+09     1.000E+01
1.25E+00     1.066E+09     1.000E+01
1.50E+00     1.052E+09     1.000E+01
1.75E+00     1.050E+09     1.000E+01
2.00E+00     1.049E+09     1.000E+01
2.50E+00     1.053E+09     1.000E+01
3.00E+00     1.055E+09     1.000E+01
3.50E+00     1.049E+09     1.000E+01
4.00E+00     1.023E+09     1.000E+01
5.00E+00     8.655E+08     1.000E+01
6.00E+00     5.696E+08     1.000E+01
7.00E+00     3.136E+08     1.000E+01
8.00E+00     1.709E+08     1.000E+01
9.00E+00     9.950E+07     1.000E+01
1.00E+01     6.234E+07     1.000E+01
