5        n ni57    p co57                  taly      4.04400E+00      
1.00E-03     1.011E+09     1.000E+01
2.00E-03     9.587E+08     1.000E+01
3.00E-03     9.090E+08     1.000E+01
4.00E-03     8.619E+08     1.000E+01
5.00E-03     8.172E+08     1.000E+01
6.00E-03     7.932E+08     1.000E+01
7.00E-03     7.699E+08     1.000E+01
8.00E-03     7.473E+08     1.000E+01
9.00E-03     7.254E+08     1.000E+01
1.00E-02     7.041E+08     1.000E+01
1.10E-02     6.976E+08     1.000E+01
1.20E-02     6.912E+08     1.000E+01
1.30E-02     6.848E+08     1.000E+01
1.40E-02     6.785E+08     1.000E+01
1.50E-02     6.723E+08     1.000E+01
1.60E-02     6.661E+08     1.000E+01
1.80E-02     6.539E+08     1.000E+01
2.00E-02     6.419E+08     1.000E+01
2.50E-02     6.129E+08     1.000E+01
3.00E-02     5.852E+08     1.000E+01
4.00E-02     5.335E+08     1.000E+01
5.00E-02     4.863E+08     1.000E+01
6.00E-02     4.707E+08     1.000E+01
7.00E-02     4.555E+08     1.000E+01
8.00E-02     4.408E+08     1.000E+01
9.00E-02     4.266E+08     1.000E+01
1.00E-01     4.129E+08     1.000E+01
1.10E-01     4.053E+08     1.000E+01
1.20E-01     3.980E+08     1.000E+01
1.30E-01     3.907E+08     1.000E+01
1.40E-01     3.836E+08     1.000E+01
1.50E-01     3.766E+08     1.000E+01
1.60E-01     3.722E+08     1.000E+01
1.80E-01     3.635E+08     1.000E+01
2.00E-01     3.550E+08     1.000E+01
2.50E-01     3.409E+08     1.000E+01
3.00E-01     3.310E+08     1.000E+01
3.50E-01     3.244E+08     1.000E+01
4.00E-01     3.180E+08     1.000E+01
4.50E-01     3.142E+08     1.000E+01
5.00E-01     3.104E+08     1.000E+01
6.00E-01     3.062E+08     1.000E+01
7.00E-01     3.045E+08     1.000E+01
8.00E-01     3.046E+08     1.000E+01
9.00E-01     3.061E+08     1.000E+01
1.00E+00     3.088E+08     1.000E+01
1.25E+00     3.213E+08     1.000E+01
1.50E+00     3.343E+08     1.000E+01
1.75E+00     3.528E+08     1.000E+01
2.00E+00     3.722E+08     1.000E+01
2.50E+00     4.168E+08     1.000E+01
3.00E+00     4.649E+08     1.000E+01
3.50E+00     5.147E+08     1.000E+01
4.00E+00     5.652E+08     1.000E+01
5.00E+00     6.627E+08     1.000E+01
6.00E+00     7.283E+08     1.000E+01
7.00E+00     7.000E+08     1.000E+01
8.00E+00     5.711E+08     1.000E+01
9.00E+00     4.261E+08     1.000E+01
1.00E+01     3.181E+08     1.000E+01
