5        n  o15    p  n15                  taly      3.53700E+00      
1.00E-03     4.274E+08     1.000E+01
2.00E-03     4.246E+08     1.000E+01
3.00E-03     4.217E+08     1.000E+01
4.00E-03     4.189E+08     1.000E+01
5.00E-03     4.161E+08     1.000E+01
6.00E-03     4.110E+08     1.000E+01
7.00E-03     4.059E+08     1.000E+01
8.00E-03     4.008E+08     1.000E+01
9.00E-03     3.958E+08     1.000E+01
1.00E-02     3.909E+08     1.000E+01
1.10E-02     3.896E+08     1.000E+01
1.20E-02     3.884E+08     1.000E+01
1.30E-02     3.871E+08     1.000E+01
1.40E-02     3.858E+08     1.000E+01
1.50E-02     3.845E+08     1.000E+01
1.60E-02     3.833E+08     1.000E+01
1.80E-02     3.808E+08     1.000E+01
2.00E-02     3.783E+08     1.000E+01
2.50E-02     3.721E+08     1.000E+01
3.00E-02     3.661E+08     1.000E+01
4.00E-02     3.542E+08     1.000E+01
5.00E-02     3.428E+08     1.000E+01
6.00E-02     3.382E+08     1.000E+01
7.00E-02     3.336E+08     1.000E+01
8.00E-02     3.291E+08     1.000E+01
9.00E-02     3.247E+08     1.000E+01
1.00E-01     3.203E+08     1.000E+01
1.10E-01     3.175E+08     1.000E+01
1.20E-01     3.148E+08     1.000E+01
1.30E-01     3.121E+08     1.000E+01
1.40E-01     3.095E+08     1.000E+01
1.50E-01     3.068E+08     1.000E+01
1.60E-01     3.050E+08     1.000E+01
1.80E-01     3.015E+08     1.000E+01
2.00E-01     2.980E+08     1.000E+01
2.50E-01     2.915E+08     1.000E+01
3.00E-01     2.864E+08     1.000E+01
3.50E-01     2.823E+08     1.000E+01
4.00E-01     2.782E+08     1.000E+01
4.50E-01     2.748E+08     1.000E+01
5.00E-01     2.715E+08     1.000E+01
6.00E-01     2.661E+08     1.000E+01
7.00E-01     2.616E+08     1.000E+01
8.00E-01     2.579E+08     1.000E+01
9.00E-01     2.548E+08     1.000E+01
1.00E+00     2.523E+08     1.000E+01
1.25E+00     2.487E+08     1.000E+01
1.50E+00     2.451E+08     1.000E+01
1.75E+00     2.440E+08     1.000E+01
2.00E+00     2.430E+08     1.000E+01
2.50E+00     2.435E+08     1.000E+01
3.00E+00     2.453E+08     1.000E+01
3.50E+00     2.479E+08     1.000E+01
4.00E+00     2.510E+08     1.000E+01
5.00E+00     2.583E+08     1.000E+01
6.00E+00     2.666E+08     1.000E+01
7.00E+00     2.756E+08     1.000E+01
8.00E+00     2.853E+08     1.000E+01
9.00E+00     2.958E+08     1.000E+01
1.00E+01     3.069E+08     1.000E+01
