4        n  o13  o14                       taly      2.31790E+01      
1.00E-03     3.607E+04     1.000E+01
2.00E-03     3.625E+04     1.000E+01
3.00E-03     3.644E+04     1.000E+01
4.00E-03     3.663E+04     1.000E+01
5.00E-03     3.682E+04     1.000E+01
6.00E-03     3.655E+04     1.000E+01
7.00E-03     3.628E+04     1.000E+01
8.00E-03     3.601E+04     1.000E+01
9.00E-03     3.573E+04     1.000E+01
1.00E-02     3.546E+04     1.000E+01
1.10E-02     3.542E+04     1.000E+01
1.20E-02     3.537E+04     1.000E+01
1.30E-02     3.533E+04     1.000E+01
1.40E-02     3.529E+04     1.000E+01
1.50E-02     3.524E+04     1.000E+01
1.60E-02     3.520E+04     1.000E+01
1.80E-02     3.511E+04     1.000E+01
2.00E-02     3.502E+04     1.000E+01
2.50E-02     3.480E+04     1.000E+01
3.00E-02     3.458E+04     1.000E+01
4.00E-02     3.413E+04     1.000E+01
5.00E-02     3.369E+04     1.000E+01
6.00E-02     3.351E+04     1.000E+01
7.00E-02     3.332E+04     1.000E+01
8.00E-02     3.313E+04     1.000E+01
9.00E-02     3.295E+04     1.000E+01
1.00E-01     3.276E+04     1.000E+01
1.10E-01     3.264E+04     1.000E+01
1.20E-01     3.252E+04     1.000E+01
1.30E-01     3.240E+04     1.000E+01
1.40E-01     3.227E+04     1.000E+01
1.50E-01     3.215E+04     1.000E+01
1.60E-01     3.208E+04     1.000E+01
1.80E-01     3.192E+04     1.000E+01
2.00E-01     3.176E+04     1.000E+01
2.50E-01     3.149E+04     1.000E+01
3.00E-01     3.125E+04     1.000E+01
3.50E-01     3.103E+04     1.000E+01
4.00E-01     3.081E+04     1.000E+01
4.50E-01     3.059E+04     1.000E+01
5.00E-01     3.038E+04     1.000E+01
6.00E-01     2.998E+04     1.000E+01
7.00E-01     2.963E+04     1.000E+01
8.00E-01     2.933E+04     1.000E+01
9.00E-01     2.906E+04     1.000E+01
1.00E+00     2.883E+04     1.000E+01
1.25E+00     2.846E+04     1.000E+01
1.50E+00     2.808E+04     1.000E+01
1.75E+00     2.791E+04     1.000E+01
2.00E+00     2.773E+04     1.000E+01
2.50E+00     2.759E+04     1.000E+01
3.00E+00     2.755E+04     1.000E+01
3.50E+00     2.757E+04     1.000E+01
4.00E+00     2.762E+04     1.000E+01
5.00E+00     2.777E+04     1.000E+01
6.00E+00     2.800E+04     1.000E+01
7.00E+00     2.854E+04     1.000E+01
8.00E+00     2.978E+04     1.000E+01
9.00E+00     3.213E+04     1.000E+01
1.00E+01     3.581E+04     1.000E+01
