4      he4  o15 ne19                       mc10      3.52910e+00      
1.00E-03     0.000E+00     1.000E+00
2.00E-03     0.000E+00     1.000E+00
3.00E-03     0.000E+00     1.000E+00
4.00E-03     0.000E+00     1.000E+00
5.00E-03     0.000E+00     1.000E+00
6.00E-03     0.000E+00     1.000E+00
7.00E-03     0.000E+00     1.000E+00
8.00E-03     0.000E+00     1.000E+00
9.00E-03     0.000E+00     1.000E+00
1.00E-02     9.198E-68     1.465E+00
1.10E-02     2.668E-65     1.466E+00
1.20E-02     4.090E-63     1.468E+00
1.30E-02     3.683E-61     1.465E+00
1.40E-02     2.110E-59     1.464E+00
1.50E-02     8.496E-58     1.460E+00
1.60E-02     2.482E-56     1.451E+00
1.80E-02     9.607E-54     1.470E+00
2.00E-02     1.660E-51     1.462E+00
2.50E-02     4.932E-47     1.462E+00
3.00E-02     1.277E-43     1.464E+00
4.00E-02     1.213E-38     1.455E+00
5.00E-02     4.172E-35     1.467E+00
6.00E-02     2.083E-32     1.457E+00
7.00E-02     2.994E-30     1.458E+00
8.00E-02     1.788E-28     1.454E+00
9.00E-02     6.530E-27     1.470E+00
1.00E-01     4.481E-25     2.233E+00
1.10E-01     5.998E-23     2.852E+00
1.20E-01     4.382E-21     2.962E+00
1.30E-01     1.668E-19     2.977E+00
1.40E-01     3.731E-18     2.980E+00
1.50E-01     5.482E-17     2.980E+00
1.60E-01     5.729E-16     2.977E+00
1.80E-01     2.823E-14     2.977E+00
2.00E-01     6.283E-13     2.977E+00
2.50E-01     1.582E-10     2.977E+00
3.00E-01     5.995E-09     2.977E+00
3.50E-01     7.767E-08     2.974E+00
4.00E-01     5.163E-07     2.962E+00
4.50E-01     2.223E-06     2.927E+00
5.00E-01     7.127E-06     2.841E+00
6.00E-01     4.428E-05     2.452E+00
7.00E-01     2.583E-04     2.310E+00
8.00E-01     1.142E-03     2.310E+00
9.00E-01     3.813E-03     2.310E+00
1.00E+00     1.027E-02     2.310E+00
1.25E+00     6.529E-02     2.310E+00
1.50E+00     2.263E-01     2.310E+00
1.75E+00     5.685E-01     2.310E+00
2.00E+00     1.158E+00     2.310E+00
2.50E+00     3.228E+00     2.310E+00
3.00E+00     6.589E+00     2.310E+00
3.50E+00     1.121E+01     2.310E+00
4.00E+00     1.700E+01     2.310E+00
5.00E+00     3.163E+01     2.310E+00
6.00E+00     4.976E+01     2.310E+00
7.00E+00     7.083E+01     2.310E+00
8.00E+00     9.437E+01     2.310E+00
9.00E+00     1.200E+02     2.310E+00
1.00E+01     1.525E+02     2.310E+00
