4      he4  o16 ne20                       mc10      4.72985E+00      
1.00E-03     0.000E+00     1.000E+00
2.00E-03     0.000E+00     1.000E+00
3.00E-03     0.000E+00     1.000E+00
4.00E-03     0.000E+00     1.000E+00
5.00E-03     0.000E+00     1.000E+00
6.00E-03     0.000E+00     1.000E+00
7.00E-03     0.000E+00     1.000E+00
8.00E-03     0.000E+00     1.000E+00
9.00E-03     0.000E+00     1.000E+00
1.00E-02     7.337E-69     1.454E+00
1.10E-02     2.217E-66     1.453E+00
1.20E-02     3.508E-64     1.447E+00
1.30E-02     3.169E-62     1.458E+00
1.40E-02     1.872E-60     1.452E+00
1.50E-02     7.540E-59     1.463E+00
1.60E-02     2.272E-57     1.451E+00
1.80E-02     8.996E-55     1.447E+00
2.00E-02     1.558E-52     1.443E+00
2.50E-02     4.932E-48     1.448E+00
3.00E-02     1.322E-44     1.449E+00
4.00E-02     1.304E-39     1.452E+00
5.00E-02     4.663E-36     1.444E+00
6.00E-02     2.389E-33     1.448E+00
7.00E-02     3.451E-31     1.446E+00
8.00E-02     2.112E-29     1.446E+00
9.00E-02     6.782E-28     1.438E+00
1.00E-01     1.332E-26     1.441E+00
1.10E-01     1.826E-25     1.438E+00
1.20E-01     1.845E-24     1.439E+00
1.30E-01     1.446E-23     1.439E+00
1.40E-01     9.485E-23     1.422E+00
1.50E-01     5.117E-22     1.428E+00
1.60E-01     2.381E-21     1.423E+00
1.80E-01     3.731E-20     1.423E+00
2.00E-01     4.121E-19     1.395E+00
2.50E-01     4.216E-16     1.272E+00
3.00E-01     2.859E-13     1.297E+00
3.50E-01     3.215E-11     1.286E+00
4.00E-01     1.111E-09     1.271E+00
4.50E-01     1.752E-08     1.252E+00
5.00E-01     1.605E-07     1.233E+00
6.00E-01     4.556E-06     1.200E+00
7.00E-01     5.081E-05     1.175E+00
8.00E-01     3.119E-04     1.160E+00
9.00E-01     1.279E-03     1.150E+00
1.00E+00     3.937E-03     1.145E+00
1.25E+00     2.899E-02     1.139E+00
1.50E+00     1.063E-01     1.138E+00
1.75E+00     2.622E-01     1.138E+00
2.00E+00     5.061E-01     1.137E+00
2.50E+00     1.231E+00     1.135E+00
3.00E+00     2.201E+00     1.129E+00
3.50E+00     3.371E+00     1.120E+00
4.00E+00     4.761E+00     1.108E+00
5.00E+00     8.705E+00     1.083E+00
6.00E+00     1.579E+01     1.061E+00
7.00E+00     2.864E+01     1.052E+00
8.00E+00     4.985E+01     1.053E+00
9.00E+00     8.198E+01     1.056E+00
1.00E+01     1.270E+02     1.060E+00
