5      he4  o17    n ne20                  nacr      5.86720e-01      
1.00E-03     0.000E+00     1.000E+00
2.00E-03     0.000E+00     1.000E+00
3.00E-03     0.000E+00     1.000E+00
4.00E-03     0.000E+00     1.000E+00
5.00E-03     0.000E+00     1.000E+00
6.00E-03     0.000E+00     1.000E+00
7.00E-03     0.000E+00     1.000E+00
8.00E-03     0.000E+00     1.000E+00
9.00E-03     0.000E+00     1.000E+00
1.00E-02     0.000E+00     1.000E+00
1.10E-02     0.000E+00     1.000E+00
1.20E-02     0.000E+00     1.000E+00
1.30E-02     0.000E+00     1.000E+00
1.40E-02     0.000E+00     1.000E+00
1.50E-02     0.000E+00     1.000E+00
1.60E-02     0.000E+00     1.000E+00
1.80E-02     0.000E+00     1.000E+00
2.00E-02     0.000E+00     1.000E+00
2.50E-02     0.000E+00     1.000E+00
3.00E-02     0.000E+00     1.000E+00
4.00E-02     0.000E+00     1.000E+00
5.00E-02     0.000E+00     1.000E+00
6.00E-02     0.000E+00     1.000E+00
7.00E-02     1.871E-24     2.079E+01
8.00E-02     1.342E-22     2.236E+01
9.00E-02     4.696E-21     2.236E+01
1.00E-01     9.829E-20     2.137E+01
1.10E-01     1.387E-18     1.982E+01
1.20E-01     1.434E-17     1.792E+01
1.30E-01     1.132E-16     1.617E+01
1.40E-01     7.599E-16     1.382E+01
1.50E-01     4.184E-15     1.231E+01
1.60E-01     2.003E-14     1.113E+01
1.80E-01     3.351E-13     9.309E+00
2.00E-01     3.864E-12     8.049E+00
2.50E-01     5.648E-10     4.869E+00
3.00E-01     2.649E-08     2.623E+00
3.50E-01     5.540E-07     1.679E+00
4.00E-01     6.557E-06     1.333E+00
4.50E-01     5.000E-05     1.202E+00
5.00E-01     2.689E-04     1.149E+00
6.00E-01     3.710E-03     1.111E+00
7.00E-01     2.733E-02     1.098E+00
8.00E-01     1.414E-01     1.096E+00
9.00E-01     5.845E-01     1.097E+00
1.00E+00     2.065E+00     1.104E+00
1.25E+00     2.762E+01     1.137E+00
1.50E+00     1.961E+02     1.168E+00
1.75E+00     8.785E+02     1.195E+00
2.00E+00     2.841E+03     1.214E+00
2.50E+00     1.612E+04     1.240E+00
3.00E+00     5.520E+04     1.258E+00
3.50E+00     1.413E+05     1.266E+00
4.00E+00     2.962E+05     1.275E+00
5.00E+00     9.051E+05     1.280E+00
6.00E+00     2.046E+06     1.283E+00
7.00E+00     3.818E+06     1.289E+00
8.00E+00     6.287E+06     1.288E+00
9.00E+00     9.441E+06     1.289E+00
1.00E+01     1.323E+07     1.290E+00
