5      he4  o14    p  f17                  taly      1.19100E+00      
1.00E-03     0.000E+00     1.000E+00
2.00E-03     0.000E+00     1.000E+00
3.00E-03     0.000E+00     1.000E+00
4.00E-03     0.000E+00     1.000E+00
5.00E-03     0.000E+00     1.000E+00
6.00E-03     0.000E+00     1.000E+00
7.00E-03     0.000E+00     1.000E+00
8.00E-03     0.000E+00     1.000E+00
9.00E-03     0.000E+00     1.000E+00
1.00E-02     0.000E+00     1.000E+00
1.10E-02     5.761E-98     1.000E+01
1.20E-02     3.319E-96     1.000E+01
1.30E-02     1.912E-94     1.000E+01
1.40E-02     1.102E-92     1.000E+01
1.50E-02     6.347E-91     1.000E+01
1.60E-02     3.657E-89     1.000E+01
1.80E-02     1.214E-85     1.000E+01
2.00E-02     4.029E-82     1.000E+01
2.50E-02     2.557E-73     1.000E+01
3.00E-02     1.623E-64     1.000E+01
4.00E-02     6.538E-47     1.000E+01
5.00E-02     2.634E-29     1.000E+01
6.00E-02     2.086E-27     1.000E+01
7.00E-02     1.652E-25     1.000E+01
8.00E-02     1.309E-23     1.000E+01
9.00E-02     1.037E-21     1.000E+01
1.00E-01     8.210E-20     1.000E+01
1.10E-01     6.618E-19     1.000E+01
1.20E-01     5.335E-18     1.000E+01
1.30E-01     4.300E-17     1.000E+01
1.40E-01     3.467E-16     1.000E+01
1.50E-01     2.794E-15     1.000E+01
1.60E-01     1.039E-14     1.000E+01
1.80E-01     1.437E-13     1.000E+01
2.00E-01     1.988E-12     1.000E+01
2.50E-01     2.105E-10     1.000E+01
3.00E-01     7.327E-09     1.000E+01
3.50E-01     9.682E-08     1.000E+01
4.00E-01     1.279E-06     1.000E+01
4.50E-01     7.981E-06     1.000E+01
5.00E-01     4.979E-05     1.000E+01
6.00E-01     8.069E-04     1.000E+01
7.00E-01     7.434E-03     1.000E+01
8.00E-01     4.638E-02     1.000E+01
9.00E-01     2.179E-01     1.000E+01
1.00E+00     8.257E-01     1.000E+01
1.25E+00     8.561E+00     1.000E+01
1.50E+00     8.876E+01     1.000E+01
1.75E+00     3.740E+02     1.000E+01
2.00E+00     1.576E+03     1.000E+01
2.50E+00     1.122E+04     1.000E+01
3.00E+00     4.672E+04     1.000E+01
3.50E+00     1.382E+05     1.000E+01
4.00E+00     3.250E+05     1.000E+01
5.00E+00     1.153E+06     1.000E+01
6.00E+00     2.834E+06     1.000E+01
7.00E+00     5.567E+06     1.000E+01
8.00E+00     9.428E+06     1.000E+01
9.00E+00     1.438E+07     1.000E+01
1.00E+01     2.029E+07     1.000E+01
