5        n  o14    p  n14                  taly      5.92600E+00      
1.00E-03     7.926E+08     1.000E+01
2.00E-03     7.943E+08     1.000E+01
3.00E-03     7.960E+08     1.000E+01
4.00E-03     7.977E+08     1.000E+01
5.00E-03     7.993E+08     1.000E+01
6.00E-03     7.921E+08     1.000E+01
7.00E-03     7.849E+08     1.000E+01
8.00E-03     7.778E+08     1.000E+01
9.00E-03     7.708E+08     1.000E+01
1.00E-02     7.638E+08     1.000E+01
1.10E-02     7.623E+08     1.000E+01
1.20E-02     7.607E+08     1.000E+01
1.30E-02     7.592E+08     1.000E+01
1.40E-02     7.576E+08     1.000E+01
1.50E-02     7.561E+08     1.000E+01
1.60E-02     7.545E+08     1.000E+01
1.80E-02     7.514E+08     1.000E+01
2.00E-02     7.484E+08     1.000E+01
2.50E-02     7.407E+08     1.000E+01
3.00E-02     7.332E+08     1.000E+01
4.00E-02     7.184E+08     1.000E+01
5.00E-02     7.038E+08     1.000E+01
6.00E-02     6.974E+08     1.000E+01
7.00E-02     6.910E+08     1.000E+01
8.00E-02     6.846E+08     1.000E+01
9.00E-02     6.784E+08     1.000E+01
1.00E-01     6.722E+08     1.000E+01
1.10E-01     6.681E+08     1.000E+01
1.20E-01     6.640E+08     1.000E+01
1.30E-01     6.600E+08     1.000E+01
1.40E-01     6.560E+08     1.000E+01
1.50E-01     6.520E+08     1.000E+01
1.60E-01     6.493E+08     1.000E+01
1.80E-01     6.439E+08     1.000E+01
2.00E-01     6.386E+08     1.000E+01
2.50E-01     6.288E+08     1.000E+01
3.00E-01     6.207E+08     1.000E+01
3.50E-01     6.138E+08     1.000E+01
4.00E-01     6.070E+08     1.000E+01
4.50E-01     6.011E+08     1.000E+01
5.00E-01     5.953E+08     1.000E+01
6.00E-01     5.853E+08     1.000E+01
7.00E-01     5.768E+08     1.000E+01
8.00E-01     5.698E+08     1.000E+01
9.00E-01     5.639E+08     1.000E+01
1.00E+00     5.590E+08     1.000E+01
1.25E+00     5.521E+08     1.000E+01
1.50E+00     5.452E+08     1.000E+01
1.75E+00     5.436E+08     1.000E+01
2.00E+00     5.419E+08     1.000E+01
2.50E+00     5.443E+08     1.000E+01
3.00E+00     5.499E+08     1.000E+01
3.50E+00     5.575E+08     1.000E+01
4.00E+00     5.665E+08     1.000E+01
5.00E+00     5.866E+08     1.000E+01
6.00E+00     6.074E+08     1.000E+01
7.00E+00     6.269E+08     1.000E+01
8.00E+00     6.436E+08     1.000E+01
9.00E+00     6.561E+08     1.000E+01
1.00E+01     6.632E+08     1.000E+01
