4        n  o15  o16                       taly      1.56640E+01      
1.00E-03     7.423E+04     1.000E+01
2.00E-03     7.407E+04     1.000E+01
3.00E-03     7.391E+04     1.000E+01
4.00E-03     7.375E+04     1.000E+01
5.00E-03     7.360E+04     1.000E+01
6.00E-03     7.283E+04     1.000E+01
7.00E-03     7.207E+04     1.000E+01
8.00E-03     7.131E+04     1.000E+01
9.00E-03     7.054E+04     1.000E+01
1.00E-02     6.978E+04     1.000E+01
1.10E-02     6.961E+04     1.000E+01
1.20E-02     6.945E+04     1.000E+01
1.30E-02     6.928E+04     1.000E+01
1.40E-02     6.911E+04     1.000E+01
1.50E-02     6.894E+04     1.000E+01
1.60E-02     6.877E+04     1.000E+01
1.80E-02     6.844E+04     1.000E+01
2.00E-02     6.810E+04     1.000E+01
2.50E-02     6.726E+04     1.000E+01
3.00E-02     6.642E+04     1.000E+01
4.00E-02     6.474E+04     1.000E+01
5.00E-02     6.307E+04     1.000E+01
6.00E-02     6.246E+04     1.000E+01
7.00E-02     6.185E+04     1.000E+01
8.00E-02     6.124E+04     1.000E+01
9.00E-02     6.063E+04     1.000E+01
1.00E-01     6.002E+04     1.000E+01
1.10E-01     5.968E+04     1.000E+01
1.20E-01     5.934E+04     1.000E+01
1.30E-01     5.900E+04     1.000E+01
1.40E-01     5.867E+04     1.000E+01
1.50E-01     5.833E+04     1.000E+01
1.60E-01     5.813E+04     1.000E+01
1.80E-01     5.775E+04     1.000E+01
2.00E-01     5.736E+04     1.000E+01
2.50E-01     5.677E+04     1.000E+01
3.00E-01     5.636E+04     1.000E+01
3.50E-01     5.607E+04     1.000E+01
4.00E-01     5.578E+04     1.000E+01
4.50E-01     5.558E+04     1.000E+01
5.00E-01     5.537E+04     1.000E+01
6.00E-01     5.510E+04     1.000E+01
7.00E-01     5.494E+04     1.000E+01
8.00E-01     5.488E+04     1.000E+01
9.00E-01     5.490E+04     1.000E+01
1.00E+00     5.499E+04     1.000E+01
1.25E+00     5.548E+04     1.000E+01
1.50E+00     5.598E+04     1.000E+01
1.75E+00     5.669E+04     1.000E+01
2.00E+00     5.741E+04     1.000E+01
2.50E+00     5.896E+04     1.000E+01
3.00E+00     6.051E+04     1.000E+01
3.50E+00     6.204E+04     1.000E+01
4.00E+00     6.354E+04     1.000E+01
5.00E+00     6.647E+04     1.000E+01
6.00E+00     6.938E+04     1.000E+01
7.00E+00     7.228E+04     1.000E+01
8.00E+00     7.513E+04     1.000E+01
9.00E+00     7.786E+04     1.000E+01
1.00E+01     8.040E+04     1.000E+01
