4        n  p28  p29                       taly      1.78750E+01      
1.00E-03     7.887E+03     1.000E+01
2.00E-03     7.974E+03     1.000E+01
3.00E-03     8.061E+03     1.000E+01
4.00E-03     8.149E+03     1.000E+01
5.00E-03     8.236E+03     1.000E+01
6.00E-03     8.211E+03     1.000E+01
7.00E-03     8.187E+03     1.000E+01
8.00E-03     8.162E+03     1.000E+01
9.00E-03     8.138E+03     1.000E+01
1.00E-02     8.113E+03     1.000E+01
1.10E-02     8.136E+03     1.000E+01
1.20E-02     8.159E+03     1.000E+01
1.30E-02     8.182E+03     1.000E+01
1.40E-02     8.205E+03     1.000E+01
1.50E-02     8.228E+03     1.000E+01
1.60E-02     8.251E+03     1.000E+01
1.80E-02     8.297E+03     1.000E+01
2.00E-02     8.343E+03     1.000E+01
2.50E-02     8.457E+03     1.000E+01
3.00E-02     8.572E+03     1.000E+01
4.00E-02     8.802E+03     1.000E+01
5.00E-02     9.031E+03     1.000E+01
6.00E-02     9.285E+03     1.000E+01
7.00E-02     9.539E+03     1.000E+01
8.00E-02     9.793E+03     1.000E+01
9.00E-02     1.005E+04     1.000E+01
1.00E-01     1.030E+04     1.000E+01
1.10E-01     1.056E+04     1.000E+01
1.20E-01     1.082E+04     1.000E+01
1.30E-01     1.108E+04     1.000E+01
1.40E-01     1.134E+04     1.000E+01
1.50E-01     1.160E+04     1.000E+01
1.60E-01     1.186E+04     1.000E+01
1.80E-01     1.239E+04     1.000E+01
2.00E-01     1.292E+04     1.000E+01
2.50E-01     1.423E+04     1.000E+01
3.00E-01     1.549E+04     1.000E+01
3.50E-01     1.669E+04     1.000E+01
4.00E-01     1.789E+04     1.000E+01
4.50E-01     1.902E+04     1.000E+01
5.00E-01     2.015E+04     1.000E+01
6.00E-01     2.232E+04     1.000E+01
7.00E-01     2.440E+04     1.000E+01
8.00E-01     2.639E+04     1.000E+01
9.00E-01     2.827E+04     1.000E+01
1.00E+00     3.005E+04     1.000E+01
1.25E+00     3.381E+04     1.000E+01
1.50E+00     3.756E+04     1.000E+01
1.75E+00     4.035E+04     1.000E+01
2.00E+00     4.314E+04     1.000E+01
2.50E+00     4.729E+04     1.000E+01
3.00E+00     5.035E+04     1.000E+01
3.50E+00     5.257E+04     1.000E+01
4.00E+00     5.410E+04     1.000E+01
5.00E+00     5.554E+04     1.000E+01
6.00E+00     5.502E+04     1.000E+01
7.00E+00     5.217E+04     1.000E+01
8.00E+00     4.646E+04     1.000E+01
9.00E+00     3.835E+04     1.000E+01
1.00E+01     2.954E+04     1.000E+01
