4        n  p26  p27                       taly      1.97660E+01      
1.00E-03     1.805E+02     1.000E+01
2.00E-03     1.862E+02     1.000E+01
3.00E-03     1.919E+02     1.000E+01
4.00E-03     1.976E+02     1.000E+01
5.00E-03     2.033E+02     1.000E+01
6.00E-03     2.060E+02     1.000E+01
7.00E-03     2.088E+02     1.000E+01
8.00E-03     2.115E+02     1.000E+01
9.00E-03     2.142E+02     1.000E+01
1.00E-02     2.170E+02     1.000E+01
1.10E-02     2.210E+02     1.000E+01
1.20E-02     2.250E+02     1.000E+01
1.30E-02     2.290E+02     1.000E+01
1.40E-02     2.330E+02     1.000E+01
1.50E-02     2.371E+02     1.000E+01
1.60E-02     2.411E+02     1.000E+01
1.80E-02     2.491E+02     1.000E+01
2.00E-02     2.571E+02     1.000E+01
2.50E-02     2.772E+02     1.000E+01
3.00E-02     2.973E+02     1.000E+01
4.00E-02     3.375E+02     1.000E+01
5.00E-02     3.776E+02     1.000E+01
6.00E-02     4.169E+02     1.000E+01
7.00E-02     4.562E+02     1.000E+01
8.00E-02     4.955E+02     1.000E+01
9.00E-02     5.348E+02     1.000E+01
1.00E-01     5.741E+02     1.000E+01
1.10E-01     6.131E+02     1.000E+01
1.20E-01     6.522E+02     1.000E+01
1.30E-01     6.913E+02     1.000E+01
1.40E-01     7.303E+02     1.000E+01
1.50E-01     7.694E+02     1.000E+01
1.60E-01     8.084E+02     1.000E+01
1.80E-01     8.864E+02     1.000E+01
2.00E-01     9.644E+02     1.000E+01
2.50E-01     1.155E+03     1.000E+01
3.00E-01     1.336E+03     1.000E+01
3.50E-01     1.503E+03     1.000E+01
4.00E-01     1.671E+03     1.000E+01
4.50E-01     1.822E+03     1.000E+01
5.00E-01     1.974E+03     1.000E+01
6.00E-01     2.253E+03     1.000E+01
7.00E-01     2.512E+03     1.000E+01
8.00E-01     2.755E+03     1.000E+01
9.00E-01     2.989E+03     1.000E+01
1.00E+00     3.227E+03     1.000E+01
1.25E+00     4.300E+03     1.000E+01
1.50E+00     5.373E+03     1.000E+01
1.75E+00     8.550E+03     1.000E+01
2.00E+00     1.173E+04     1.000E+01
2.50E+00     2.255E+04     1.000E+01
3.00E+00     3.342E+04     1.000E+01
3.50E+00     4.041E+04     1.000E+01
4.00E+00     4.314E+04     1.000E+01
5.00E+00     4.131E+04     1.000E+01
6.00E+00     3.642E+04     1.000E+01
7.00E+00     3.147E+04     1.000E+01
8.00E+00     2.713E+04     1.000E+01
9.00E+00     2.345E+04     1.000E+01
1.00E+01     2.036E+04     1.000E+01
