4      he4  p29 cl33                       taly      6.47600E+00      
1.00E-03     0.000E+00     1.000E+00
2.00E-03     0.000E+00     1.000E+00
3.00E-03     0.000E+00     1.000E+00
4.00E-03     0.000E+00     1.000E+00
5.00E-03     0.000E+00     1.000E+00
6.00E-03     0.000E+00     1.000E+00
7.00E-03     0.000E+00     1.000E+00
8.00E-03     0.000E+00     1.000E+00
9.00E-03     0.000E+00     1.000E+00
1.00E-02     0.000E+00     1.000E+00
1.10E-02     0.000E+00     1.000E+00
1.20E-02     0.000E+00     1.000E+00
1.30E-02     0.000E+00     1.000E+00
1.40E-02     0.000E+00     1.000E+00
1.50E-02     0.000E+00     1.000E+00
1.60E-02     0.000E+00     1.000E+00
1.80E-02     0.000E+00     1.000E+00
2.00E-02     0.000E+00     1.000E+00
2.50E-02     0.000E+00     1.000E+00
3.00E-02     0.000E+00     1.000E+00
4.00E-02     0.000E+00     1.000E+00
5.00E-02     0.000E+00     1.000E+00
6.00E-02     4.088E-88     1.000E+01
7.00E-02     1.671E-76     1.000E+01
8.00E-02     6.829E-65     1.000E+01
9.00E-02     2.792E-53     1.000E+01
1.00E-01     1.141E-41     1.000E+01
1.10E-01     4.604E-40     1.000E+01
1.20E-01     1.857E-38     1.000E+01
1.30E-01     7.493E-37     1.000E+01
1.40E-01     3.023E-35     1.000E+01
1.50E-01     1.220E-33     1.000E+01
1.60E-01     1.012E-32     1.000E+01
1.80E-01     6.968E-31     1.000E+01
2.00E-01     4.798E-29     1.000E+01
2.50E-01     7.878E-26     1.000E+01
3.00E-01     2.181E-23     1.000E+01
3.50E-01     1.290E-21     1.000E+01
4.00E-01     7.630E-20     1.000E+01
4.50E-01     1.366E-18     1.000E+01
5.00E-01     2.445E-17     1.000E+01
6.00E-01     1.943E-15     1.000E+01
7.00E-01     6.275E-14     1.000E+01
8.00E-01     1.087E-12     1.000E+01
9.00E-01     1.198E-11     1.000E+01
1.00E+00     9.376E-11     1.000E+01
1.25E+00     3.309E-09     1.000E+01
1.50E+00     1.168E-07     1.000E+01
1.75E+00     1.051E-06     1.000E+01
2.00E+00     9.454E-06     1.000E+01
2.50E+00     2.145E-04     1.000E+01
3.00E+00     2.262E-03     1.000E+01
3.50E+00     1.414E-02     1.000E+01
4.00E+00     6.080E-02     1.000E+01
5.00E+00     5.256E-01     1.000E+01
6.00E+00     2.357E+00     1.000E+01
7.00E+00     7.004E+00     1.000E+01
8.00E+00     1.578E+01     1.000E+01
9.00E+00     2.902E+01     1.000E+01
1.00E+01     4.542E+01     1.000E+01
