4        n  p29  p30                       taly      1.13200E+01      
1.00E-03     2.884E+04     1.000E+01
2.00E-03     2.885E+04     1.000E+01
3.00E-03     2.885E+04     1.000E+01
4.00E-03     2.886E+04     1.000E+01
5.00E-03     2.886E+04     1.000E+01
6.00E-03     2.860E+04     1.000E+01
7.00E-03     2.835E+04     1.000E+01
8.00E-03     2.810E+04     1.000E+01
9.00E-03     2.784E+04     1.000E+01
1.00E-02     2.759E+04     1.000E+01
1.10E-02     2.756E+04     1.000E+01
1.20E-02     2.753E+04     1.000E+01
1.30E-02     2.750E+04     1.000E+01
1.40E-02     2.748E+04     1.000E+01
1.50E-02     2.745E+04     1.000E+01
1.60E-02     2.742E+04     1.000E+01
1.80E-02     2.737E+04     1.000E+01
2.00E-02     2.731E+04     1.000E+01
2.50E-02     2.718E+04     1.000E+01
3.00E-02     2.704E+04     1.000E+01
4.00E-02     2.677E+04     1.000E+01
5.00E-02     2.649E+04     1.000E+01
6.00E-02     2.659E+04     1.000E+01
7.00E-02     2.669E+04     1.000E+01
8.00E-02     2.678E+04     1.000E+01
9.00E-02     2.688E+04     1.000E+01
1.00E-01     2.697E+04     1.000E+01
1.10E-01     2.716E+04     1.000E+01
1.20E-01     2.734E+04     1.000E+01
1.30E-01     2.752E+04     1.000E+01
1.40E-01     2.771E+04     1.000E+01
1.50E-01     2.789E+04     1.000E+01
1.60E-01     2.812E+04     1.000E+01
1.80E-01     2.858E+04     1.000E+01
2.00E-01     2.905E+04     1.000E+01
2.50E-01     3.028E+04     1.000E+01
3.00E-01     3.150E+04     1.000E+01
3.50E-01     3.263E+04     1.000E+01
4.00E-01     3.377E+04     1.000E+01
4.50E-01     3.480E+04     1.000E+01
5.00E-01     3.583E+04     1.000E+01
6.00E-01     3.774E+04     1.000E+01
7.00E-01     3.953E+04     1.000E+01
8.00E-01     4.123E+04     1.000E+01
9.00E-01     4.284E+04     1.000E+01
1.00E+00     4.437E+04     1.000E+01
1.25E+00     4.773E+04     1.000E+01
1.50E+00     5.109E+04     1.000E+01
1.75E+00     5.386E+04     1.000E+01
2.00E+00     5.663E+04     1.000E+01
2.50E+00     6.137E+04     1.000E+01
3.00E+00     6.556E+04     1.000E+01
3.50E+00     6.933E+04     1.000E+01
4.00E+00     7.279E+04     1.000E+01
5.00E+00     7.896E+04     1.000E+01
6.00E+00     8.419E+04     1.000E+01
7.00E+00     8.826E+04     1.000E+01
8.00E+00     9.059E+04     1.000E+01
9.00E+00     9.028E+04     1.000E+01
1.00E+01     8.636E+04     1.000E+01
