4        p  p28  s29                       taly      3.29700E+00      
1.00E-03     0.000E+00     1.000E+00
2.00E-03     0.000E+00     1.000E+00
3.00E-03     0.000E+00     1.000E+00
4.00E-03     0.000E+00     1.000E+00
5.00E-03     0.000E+00     1.000E+00
6.00E-03     2.337E-88     1.000E+01
7.00E-03     5.460E-77     1.000E+01
8.00E-03     1.276E-65     1.000E+01
9.00E-03     2.981E-54     1.000E+01
1.00E-02     6.966E-43     1.000E+01
1.10E-02     3.289E-42     1.000E+01
1.20E-02     1.552E-41     1.000E+01
1.30E-02     7.328E-41     1.000E+01
1.40E-02     3.459E-40     1.000E+01
1.50E-02     1.633E-39     1.000E+01
1.60E-02     7.709E-39     1.000E+01
1.80E-02     1.718E-37     1.000E+01
2.00E-02     3.828E-36     1.000E+01
2.50E-02     8.974E-33     1.000E+01
3.00E-02     2.104E-29     1.000E+01
4.00E-02     1.156E-22     1.000E+01
5.00E-02     6.353E-16     1.000E+01
6.00E-02     1.016E-14     1.000E+01
7.00E-02     1.623E-13     1.000E+01
8.00E-02     2.595E-12     1.000E+01
9.00E-02     4.148E-11     1.000E+01
1.00E-01     6.631E-10     1.000E+01
1.10E-01     2.519E-09     1.000E+01
1.20E-01     9.567E-09     1.000E+01
1.30E-01     3.634E-08     1.000E+01
1.40E-01     1.380E-07     1.000E+01
1.50E-01     5.243E-07     1.000E+01
1.60E-01     1.199E-06     1.000E+01
1.80E-01     6.267E-06     1.000E+01
2.00E-01     3.276E-05     1.000E+01
2.50E-01     5.628E-04     1.000E+01
3.00E-01     4.477E-03     1.000E+01
3.50E-01     1.825E-02     1.000E+01
4.00E-01     7.440E-02     1.000E+01
4.50E-01     1.835E-01     1.000E+01
5.00E-01     4.526E-01     1.000E+01
6.00E-01     1.583E+00     1.000E+01
7.00E-01     3.959E+00     1.000E+01
8.00E-01     7.966E+00     1.000E+01
9.00E-01     1.381E+01     1.000E+01
1.00E+00     2.154E+01     1.000E+01
1.25E+00     4.245E+01     1.000E+01
1.50E+00     8.366E+01     1.000E+01
1.75E+00     1.186E+02     1.000E+01
2.00E+00     1.681E+02     1.000E+01
2.50E+00     2.586E+02     1.000E+01
3.00E+00     3.477E+02     1.000E+01
3.50E+00     4.326E+02     1.000E+01
4.00E+00     5.126E+02     1.000E+01
5.00E+00     6.599E+02     1.000E+01
6.00E+00     7.919E+02     1.000E+01
7.00E+00     9.002E+02     1.000E+01
8.00E+00     9.619E+02     1.000E+01
9.00E+00     9.580E+02     1.000E+01
1.00E+01     8.975E+02     1.000E+01
