5        n  p28  he4 al25                  taly      7.41400E+00      
1.00E-03     3.140E+07     1.000E+01
2.00E-03     3.167E+07     1.000E+01
3.00E-03     3.194E+07     1.000E+01
4.00E-03     3.221E+07     1.000E+01
5.00E-03     3.248E+07     1.000E+01
6.00E-03     3.231E+07     1.000E+01
7.00E-03     3.215E+07     1.000E+01
8.00E-03     3.198E+07     1.000E+01
9.00E-03     3.181E+07     1.000E+01
1.00E-02     3.165E+07     1.000E+01
1.10E-02     3.166E+07     1.000E+01
1.20E-02     3.168E+07     1.000E+01
1.30E-02     3.170E+07     1.000E+01
1.40E-02     3.172E+07     1.000E+01
1.50E-02     3.174E+07     1.000E+01
1.60E-02     3.175E+07     1.000E+01
1.80E-02     3.179E+07     1.000E+01
2.00E-02     3.183E+07     1.000E+01
2.50E-02     3.192E+07     1.000E+01
3.00E-02     3.201E+07     1.000E+01
4.00E-02     3.219E+07     1.000E+01
5.00E-02     3.237E+07     1.000E+01
6.00E-02     3.268E+07     1.000E+01
7.00E-02     3.298E+07     1.000E+01
8.00E-02     3.329E+07     1.000E+01
9.00E-02     3.360E+07     1.000E+01
1.00E-01     3.392E+07     1.000E+01
1.10E-01     3.425E+07     1.000E+01
1.20E-01     3.458E+07     1.000E+01
1.30E-01     3.492E+07     1.000E+01
1.40E-01     3.526E+07     1.000E+01
1.50E-01     3.560E+07     1.000E+01
1.60E-01     3.596E+07     1.000E+01
1.80E-01     3.667E+07     1.000E+01
2.00E-01     3.740E+07     1.000E+01
2.50E-01     3.920E+07     1.000E+01
3.00E-01     4.091E+07     1.000E+01
3.50E-01     4.246E+07     1.000E+01
4.00E-01     4.407E+07     1.000E+01
4.50E-01     4.549E+07     1.000E+01
5.00E-01     4.697E+07     1.000E+01
6.00E-01     4.970E+07     1.000E+01
7.00E-01     5.230E+07     1.000E+01
8.00E-01     5.477E+07     1.000E+01
9.00E-01     5.712E+07     1.000E+01
1.00E+00     5.935E+07     1.000E+01
1.25E+00     6.393E+07     1.000E+01
1.50E+00     6.887E+07     1.000E+01
1.75E+00     7.245E+07     1.000E+01
2.00E+00     7.621E+07     1.000E+01
2.50E+00     8.190E+07     1.000E+01
3.00E+00     8.630E+07     1.000E+01
3.50E+00     8.964E+07     1.000E+01
4.00E+00     9.208E+07     1.000E+01
5.00E+00     9.472E+07     1.000E+01
6.00E+00     9.436E+07     1.000E+01
7.00E+00     8.998E+07     1.000E+01
8.00E+00     8.039E+07     1.000E+01
9.00E+00     6.626E+07     1.000E+01
1.00E+01     5.068E+07     1.000E+01
