4      he4  p30 cl34                       taly      6.66400E+00      
1.00E-03     0.000E+00     1.000E+00
2.00E-03     0.000E+00     1.000E+00
3.00E-03     0.000E+00     1.000E+00
4.00E-03     0.000E+00     1.000E+00
5.00E-03     0.000E+00     1.000E+00
6.00E-03     0.000E+00     1.000E+00
7.00E-03     0.000E+00     1.000E+00
8.00E-03     0.000E+00     1.000E+00
9.00E-03     0.000E+00     1.000E+00
1.00E-02     0.000E+00     1.000E+00
1.10E-02     0.000E+00     1.000E+00
1.20E-02     0.000E+00     1.000E+00
1.30E-02     0.000E+00     1.000E+00
1.40E-02     0.000E+00     1.000E+00
1.50E-02     0.000E+00     1.000E+00
1.60E-02     0.000E+00     1.000E+00
1.80E-02     0.000E+00     1.000E+00
2.00E-02     0.000E+00     1.000E+00
2.50E-02     0.000E+00     1.000E+00
3.00E-02     0.000E+00     1.000E+00
4.00E-02     0.000E+00     1.000E+00
5.00E-02     0.000E+00     1.000E+00
6.00E-02     3.781E-88     1.000E+01
7.00E-02     1.430E-76     1.000E+01
8.00E-02     5.406E-65     1.000E+01
9.00E-02     2.044E-53     1.000E+01
1.00E-01     7.729E-42     1.000E+01
1.10E-01     3.420E-40     1.000E+01
1.20E-01     1.513E-38     1.000E+01
1.30E-01     6.696E-37     1.000E+01
1.40E-01     2.963E-35     1.000E+01
1.50E-01     1.311E-33     1.000E+01
1.60E-01     1.121E-32     1.000E+01
1.80E-01     8.201E-31     1.000E+01
2.00E-01     5.998E-29     1.000E+01
2.50E-01     9.587E-26     1.000E+01
3.00E-01     2.503E-23     1.000E+01
3.50E-01     1.394E-21     1.000E+01
4.00E-01     7.767E-20     1.000E+01
4.50E-01     1.308E-18     1.000E+01
5.00E-01     2.203E-17     1.000E+01
6.00E-01     1.517E-15     1.000E+01
7.00E-01     4.114E-14     1.000E+01
8.00E-01     5.909E-13     1.000E+01
9.00E-01     5.497E-12     1.000E+01
1.00E+00     3.782E-11     1.000E+01
1.25E+00     1.298E-09     1.000E+01
1.50E+00     4.458E-08     1.000E+01
1.75E+00     4.472E-07     1.000E+01
2.00E+00     4.487E-06     1.000E+01
2.50E+00     1.174E-04     1.000E+01
3.00E+00     1.338E-03     1.000E+01
3.50E+00     8.771E-03     1.000E+01
4.00E+00     3.899E-02     1.000E+01
5.00E+00     3.558E-01     1.000E+01
6.00E+00     1.682E+00     1.000E+01
7.00E+00     5.264E+00     1.000E+01
8.00E+00     1.241E+01     1.000E+01
9.00E+00     2.366E+01     1.000E+01
1.00E+01     3.805E+01     1.000E+01
