4        p pd93 ag94                       taly      5.60000E-01      
1.00E-03     0.000E+00     1.000E+00
2.00E-03     0.000E+00     1.000E+00
3.00E-03     0.000E+00     1.000E+00
4.00E-03     0.000E+00     1.000E+00
5.00E-03     0.000E+00     1.000E+00
6.00E-03     0.000E+00     1.000E+00
7.00E-03     0.000E+00     1.000E+00
8.00E-03     0.000E+00     1.000E+00
9.00E-03     0.000E+00     1.000E+00
1.00E-02     0.000E+00     1.000E+00
1.10E-02     0.000E+00     1.000E+00
1.20E-02     0.000E+00     1.000E+00
1.30E-02     0.000E+00     1.000E+00
1.40E-02     0.000E+00     1.000E+00
1.50E-02     0.000E+00     1.000E+00
1.60E-02     0.000E+00     1.000E+00
1.80E-02     0.000E+00     1.000E+00
2.00E-02     0.000E+00     1.000E+00
2.50E-02     0.000E+00     1.000E+00
3.00E-02     0.000E+00     1.000E+00
4.00E-02     0.000E+00     1.000E+00
5.00E-02     0.000E+00     1.000E+00
6.00E-02     1.225E-86     1.000E+01
7.00E-02     1.500E-73     1.000E+01
8.00E-02     1.836E-60     1.000E+01
9.00E-02     2.249E-47     1.000E+01
1.00E-01     2.753E-34     1.000E+01
1.10E-01     6.271E-33     1.000E+01
1.20E-01     1.428E-31     1.000E+01
1.30E-01     3.253E-30     1.000E+01
1.40E-01     7.410E-29     1.000E+01
1.50E-01     1.688E-27     1.000E+01
1.60E-01     1.069E-26     1.000E+01
1.80E-01     4.293E-25     1.000E+01
2.00E-01     1.723E-23     1.000E+01
2.50E-01     1.162E-20     1.000E+01
3.00E-01     1.652E-18     1.000E+01
3.50E-01     6.014E-17     1.000E+01
4.00E-01     2.190E-15     1.000E+01
4.50E-01     2.697E-14     1.000E+01
5.00E-01     3.322E-13     1.000E+01
6.00E-01     1.342E-11     1.000E+01
7.00E-01     2.258E-10     1.000E+01
8.00E-01     2.081E-09     1.000E+01
9.00E-01     1.254E-08     1.000E+01
1.00E+00     5.566E-08     1.000E+01
1.25E+00     6.805E-07     1.000E+01
1.50E+00     8.320E-06     1.000E+01
1.75E+00     4.056E-05     1.000E+01
2.00E+00     1.977E-04     1.000E+01
2.50E+00     1.839E-03     1.000E+01
3.00E+00     9.305E-03     1.000E+01
3.50E+00     3.151E-02     1.000E+01
4.00E+00     8.121E-02     1.000E+01
5.00E+00     3.186E-01     1.000E+01
6.00E+00     7.719E-01     1.000E+01
7.00E+00     1.023E+00     1.000E+01
8.00E+00     6.566E-01     1.000E+01
9.00E+00     3.361E-01     1.000E+01
1.00E+01     1.880E-01     1.000E+01
