5        n pd93  he4 ru90                  taly      1.13900E+01      
1.00E-03     6.495E+03     1.000E+01
2.00E-03     6.593E+03     1.000E+01
3.00E-03     6.692E+03     1.000E+01
4.00E-03     6.792E+03     1.000E+01
5.00E-03     6.894E+03     1.000E+01
6.00E-03     6.899E+03     1.000E+01
7.00E-03     6.903E+03     1.000E+01
8.00E-03     6.907E+03     1.000E+01
9.00E-03     6.911E+03     1.000E+01
1.00E-02     6.915E+03     1.000E+01
1.10E-02     6.955E+03     1.000E+01
1.20E-02     6.995E+03     1.000E+01
1.30E-02     7.035E+03     1.000E+01
1.40E-02     7.075E+03     1.000E+01
1.50E-02     7.116E+03     1.000E+01
1.60E-02     7.157E+03     1.000E+01
1.80E-02     7.239E+03     1.000E+01
2.00E-02     7.322E+03     1.000E+01
2.50E-02     7.534E+03     1.000E+01
3.00E-02     7.753E+03     1.000E+01
4.00E-02     8.209E+03     1.000E+01
5.00E-02     8.692E+03     1.000E+01
6.00E-02     9.102E+03     1.000E+01
7.00E-02     9.532E+03     1.000E+01
8.00E-02     9.982E+03     1.000E+01
9.00E-02     1.045E+04     1.000E+01
1.00E-01     1.095E+04     1.000E+01
1.10E-01     1.136E+04     1.000E+01
1.20E-01     1.180E+04     1.000E+01
1.30E-01     1.224E+04     1.000E+01
1.40E-01     1.271E+04     1.000E+01
1.50E-01     1.319E+04     1.000E+01
1.60E-01     1.361E+04     1.000E+01
1.80E-01     1.450E+04     1.000E+01
2.00E-01     1.543E+04     1.000E+01
2.50E-01     1.761E+04     1.000E+01
3.00E-01     1.966E+04     1.000E+01
3.50E-01     2.145E+04     1.000E+01
4.00E-01     2.340E+04     1.000E+01
4.50E-01     2.500E+04     1.000E+01
5.00E-01     2.672E+04     1.000E+01
6.00E-01     2.975E+04     1.000E+01
7.00E-01     3.256E+04     1.000E+01
8.00E-01     3.518E+04     1.000E+01
9.00E-01     3.765E+04     1.000E+01
1.00E+00     3.999E+04     1.000E+01
1.25E+00     4.488E+04     1.000E+01
1.50E+00     5.037E+04     1.000E+01
1.75E+00     5.470E+04     1.000E+01
2.00E+00     5.941E+04     1.000E+01
2.50E+00     6.771E+04     1.000E+01
3.00E+00     7.554E+04     1.000E+01
3.50E+00     8.305E+04     1.000E+01
4.00E+00     9.044E+04     1.000E+01
5.00E+00     1.180E+05     1.000E+01
6.00E+00     4.369E+05     1.000E+01
7.00E+00     2.261E+06     1.000E+01
8.00E+00     4.593E+06     1.000E+01
9.00E+00     5.569E+06     1.000E+01
1.00E+01     5.839E+06     1.000E+01
