4        p pd94 ag95                       taly      7.85000E-01      
1.00E-03     0.000E+00     1.000E+00
2.00E-03     0.000E+00     1.000E+00
3.00E-03     0.000E+00     1.000E+00
4.00E-03     0.000E+00     1.000E+00
5.00E-03     0.000E+00     1.000E+00
6.00E-03     0.000E+00     1.000E+00
7.00E-03     0.000E+00     1.000E+00
8.00E-03     0.000E+00     1.000E+00
9.00E-03     0.000E+00     1.000E+00
1.00E-02     0.000E+00     1.000E+00
1.10E-02     0.000E+00     1.000E+00
1.20E-02     0.000E+00     1.000E+00
1.30E-02     0.000E+00     1.000E+00
1.40E-02     0.000E+00     1.000E+00
1.50E-02     0.000E+00     1.000E+00
1.60E-02     0.000E+00     1.000E+00
1.80E-02     0.000E+00     1.000E+00
2.00E-02     0.000E+00     1.000E+00
2.50E-02     0.000E+00     1.000E+00
3.00E-02     0.000E+00     1.000E+00
4.00E-02     0.000E+00     1.000E+00
5.00E-02     0.000E+00     1.000E+00
6.00E-02     2.785E-86     1.000E+01
7.00E-02     7.754E-73     1.000E+01
8.00E-02     2.159E-59     1.000E+01
9.00E-02     6.012E-46     1.000E+01
1.00E-01     1.674E-32     1.000E+01
1.10E-01     3.804E-31     1.000E+01
1.20E-01     8.643E-30     1.000E+01
1.30E-01     1.964E-28     1.000E+01
1.40E-01     4.463E-27     1.000E+01
1.50E-01     1.014E-25     1.000E+01
1.60E-01     6.433E-25     1.000E+01
1.80E-01     2.589E-23     1.000E+01
2.00E-01     1.042E-21     1.000E+01
2.50E-01     7.103E-19     1.000E+01
3.00E-01     1.023E-16     1.000E+01
3.50E-01     3.803E-15     1.000E+01
4.00E-01     1.414E-13     1.000E+01
4.50E-01     1.826E-12     1.000E+01
5.00E-01     2.358E-11     1.000E+01
6.00E-01     1.112E-09     1.000E+01
7.00E-01     2.258E-08     1.000E+01
8.00E-01     2.525E-07     1.000E+01
9.00E-01     1.825E-06     1.000E+01
1.00E+00     9.506E-06     1.000E+01
1.25E+00     1.398E-04     1.000E+01
1.50E+00     2.057E-03     1.000E+01
1.75E+00     9.380E-03     1.000E+01
2.00E+00     4.278E-02     1.000E+01
2.50E+00     3.264E-01     1.000E+01
3.00E+00     1.465E+00     1.000E+01
3.50E+00     4.766E+00     1.000E+01
4.00E+00     1.257E+01     1.000E+01
5.00E+00     5.902E+01     1.000E+01
6.00E+00     1.853E+02     1.000E+01
7.00E+00     3.157E+02     1.000E+01
8.00E+00     2.741E+02     1.000E+01
9.00E+00     1.928E+02     1.000E+01
1.00E+01     1.408E+02     1.000E+01
