5        n pd91  he4 ru88                  taly      1.37680E+01      
1.00E-03     3.747E+04     1.000E+01
2.00E-03     3.809E+04     1.000E+01
3.00E-03     3.872E+04     1.000E+01
4.00E-03     3.935E+04     1.000E+01
5.00E-03     4.000E+04     1.000E+01
6.00E-03     4.007E+04     1.000E+01
7.00E-03     4.015E+04     1.000E+01
8.00E-03     4.022E+04     1.000E+01
9.00E-03     4.030E+04     1.000E+01
1.00E-02     4.037E+04     1.000E+01
1.10E-02     4.064E+04     1.000E+01
1.20E-02     4.092E+04     1.000E+01
1.30E-02     4.119E+04     1.000E+01
1.40E-02     4.146E+04     1.000E+01
1.50E-02     4.174E+04     1.000E+01
1.60E-02     4.202E+04     1.000E+01
1.80E-02     4.259E+04     1.000E+01
2.00E-02     4.316E+04     1.000E+01
2.50E-02     4.462E+04     1.000E+01
3.00E-02     4.614E+04     1.000E+01
4.00E-02     4.932E+04     1.000E+01
5.00E-02     5.272E+04     1.000E+01
6.00E-02     5.550E+04     1.000E+01
7.00E-02     5.842E+04     1.000E+01
8.00E-02     6.150E+04     1.000E+01
9.00E-02     6.474E+04     1.000E+01
1.00E-01     6.815E+04     1.000E+01
1.10E-01     7.096E+04     1.000E+01
1.20E-01     7.389E+04     1.000E+01
1.30E-01     7.693E+04     1.000E+01
1.40E-01     8.010E+04     1.000E+01
1.50E-01     8.341E+04     1.000E+01
1.60E-01     8.623E+04     1.000E+01
1.80E-01     9.216E+04     1.000E+01
2.00E-01     9.851E+04     1.000E+01
2.50E-01     1.131E+05     1.000E+01
3.00E-01     1.267E+05     1.000E+01
3.50E-01     1.383E+05     1.000E+01
4.00E-01     1.510E+05     1.000E+01
4.50E-01     1.599E+05     1.000E+01
5.00E-01     1.694E+05     1.000E+01
6.00E-01     1.784E+05     1.000E+01
7.00E-01     1.751E+05     1.000E+01
8.00E-01     1.612E+05     1.000E+01
9.00E-01     1.420E+05     1.000E+01
1.00E+00     1.226E+05     1.000E+01
1.25E+00     9.300E+04     1.000E+01
1.50E+00     7.055E+04     1.000E+01
1.75E+00     6.899E+04     1.000E+01
2.00E+00     6.747E+04     1.000E+01
2.50E+00     7.988E+04     1.000E+01
3.00E+00     9.631E+04     1.000E+01
3.50E+00     1.131E+05     1.000E+01
4.00E+00     1.294E+05     1.000E+01
5.00E+00     1.625E+05     1.000E+01
6.00E+00     2.018E+05     1.000E+01
7.00E+00     2.518E+05     1.000E+01
8.00E+00     3.099E+05     1.000E+01
9.00E+00     3.658E+05     1.000E+01
1.00E+01     4.062E+05     1.000E+01
