4      he4 rb75  y79                       taly      3.56300E+00      
1.00E-03     0.000E+00     1.000E+00
2.00E-03     0.000E+00     1.000E+00
3.00E-03     0.000E+00     1.000E+00
4.00E-03     0.000E+00     1.000E+00
5.00E-03     0.000E+00     1.000E+00
6.00E-03     0.000E+00     1.000E+00
7.00E-03     0.000E+00     1.000E+00
8.00E-03     0.000E+00     1.000E+00
9.00E-03     0.000E+00     1.000E+00
1.00E-02     0.000E+00     1.000E+00
1.10E-02     0.000E+00     1.000E+00
1.20E-02     0.000E+00     1.000E+00
1.30E-02     0.000E+00     1.000E+00
1.40E-02     0.000E+00     1.000E+00
1.50E-02     0.000E+00     1.000E+00
1.60E-02     0.000E+00     1.000E+00
1.80E-02     0.000E+00     1.000E+00
2.00E-02     0.000E+00     1.000E+00
2.50E-02     0.000E+00     1.000E+00
3.00E-02     0.000E+00     1.000E+00
4.00E-02     0.000E+00     1.000E+00
5.00E-02     0.000E+00     1.000E+00
6.00E-02     0.000E+00     1.000E+00
7.00E-02     0.000E+00     1.000E+00
8.00E-02     0.000E+00     1.000E+00
9.00E-02     0.000E+00     1.000E+00
1.00E-01     0.000E+00     1.000E+00
1.10E-01     0.000E+00     1.000E+00
1.20E-01     0.000E+00     1.000E+00
1.30E-01     0.000E+00     1.000E+00
1.40E-01     0.000E+00     1.000E+00
1.50E-01     0.000E+00     1.000E+00
1.60E-01     0.000E+00     1.000E+00
1.80E-01     0.000E+00     1.000E+00
2.00E-01     0.000E+00     1.000E+00
2.50E-01     0.000E+00     1.000E+00
3.00E-01     4.810E-49     1.000E+01
3.50E-01     5.243E-45     1.000E+01
4.00E-01     5.714E-41     1.000E+01
4.50E-01     1.936E-38     1.000E+01
5.00E-01     6.557E-36     1.000E+01
6.00E-01     2.756E-32     1.000E+01
7.00E-01     1.691E-29     1.000E+01
8.00E-01     3.005E-27     1.000E+01
9.00E-01     2.285E-25     1.000E+01
1.00E+00     9.412E-24     1.000E+01
1.25E+00     6.714E-21     1.000E+01
1.50E+00     4.789E-18     1.000E+01
1.75E+00     2.810E-16     1.000E+01
2.00E+00     1.649E-14     1.000E+01
2.50E+00     4.869E-12     1.000E+01
3.00E+00     3.740E-10     1.000E+01
3.50E+00     1.206E-08     1.000E+01
4.00E+00     2.072E-07     1.000E+01
5.00E+00     1.623E-05     1.000E+01
6.00E+00     3.884E-04     1.000E+01
7.00E+00     4.283E-03     1.000E+01
8.00E+00     2.611E-02     1.000E+01
9.00E+00     8.125E-02     1.000E+01
1.00E+01     1.162E-01     1.000E+01
