4        p rb76 sr77                       taly      4.61300E+00      
1.00E-03     0.000E+00     1.000E+00
2.00E-03     0.000E+00     1.000E+00
3.00E-03     0.000E+00     1.000E+00
4.00E-03     0.000E+00     1.000E+00
5.00E-03     0.000E+00     1.000E+00
6.00E-03     0.000E+00     1.000E+00
7.00E-03     0.000E+00     1.000E+00
8.00E-03     0.000E+00     1.000E+00
9.00E-03     0.000E+00     1.000E+00
1.00E-02     0.000E+00     1.000E+00
1.10E-02     3.216E-98     1.000E+01
1.20E-02     1.034E-96     1.000E+01
1.30E-02     3.326E-95     1.000E+01
1.40E-02     1.070E-93     1.000E+01
1.50E-02     3.440E-92     1.000E+01
1.60E-02     1.106E-90     1.000E+01
1.80E-02     1.144E-87     1.000E+01
2.00E-02     1.183E-84     1.000E+01
2.50E-02     4.071E-77     1.000E+01
3.00E-02     1.401E-69     1.000E+01
4.00E-02     1.657E-54     1.000E+01
5.00E-02     1.962E-39     1.000E+01
6.00E-02     7.650E-37     1.000E+01
7.00E-02     2.983E-34     1.000E+01
8.00E-02     1.163E-31     1.000E+01
9.00E-02     4.537E-29     1.000E+01
1.00E-01     1.769E-26     1.000E+01
1.10E-01     2.207E-25     1.000E+01
1.20E-01     2.754E-24     1.000E+01
1.30E-01     3.435E-23     1.000E+01
1.40E-01     4.285E-22     1.000E+01
1.50E-01     5.345E-21     1.000E+01
1.60E-01     2.610E-20     1.000E+01
1.80E-01     6.223E-19     1.000E+01
2.00E-01     1.484E-17     1.000E+01
2.50E-01     4.174E-15     1.000E+01
3.00E-01     3.059E-13     1.000E+01
3.50E-01     6.937E-12     1.000E+01
4.00E-01     1.573E-10     1.000E+01
4.50E-01     1.442E-09     1.000E+01
5.00E-01     1.322E-08     1.000E+01
6.00E-01     3.842E-07     1.000E+01
7.00E-01     5.592E-06     1.000E+01
8.00E-01     5.022E-05     1.000E+01
9.00E-01     3.152E-04     1.000E+01
1.00E+00     1.501E-03     1.000E+01
1.25E+00     2.040E-02     1.000E+01
1.50E+00     2.773E-01     1.000E+01
1.75E+00     1.201E+00     1.000E+01
2.00E+00     5.201E+00     1.000E+01
2.50E+00     3.244E+01     1.000E+01
3.00E+00     1.002E+02     1.000E+01
3.50E+00     1.822E+02     1.000E+01
4.00E+00     2.353E+02     1.000E+01
5.00E+00     2.610E+02     1.000E+01
6.00E+00     2.542E+02     1.000E+01
7.00E+00     2.452E+02     1.000E+01
8.00E+00     2.383E+02     1.000E+01
9.00E+00     2.330E+02     1.000E+01
1.00E+01     2.278E+02     1.000E+01
