5        p rb77  he4 kr74                  taly      2.36600E+00      
1.00E-03     0.000E+00     1.000E+00
2.00E-03     0.000E+00     1.000E+00
3.00E-03     0.000E+00     1.000E+00
4.00E-03     0.000E+00     1.000E+00
5.00E-03     0.000E+00     1.000E+00
6.00E-03     0.000E+00     1.000E+00
7.00E-03     0.000E+00     1.000E+00
8.00E-03     0.000E+00     1.000E+00
9.00E-03     0.000E+00     1.000E+00
1.00E-02     0.000E+00     1.000E+00
1.10E-02     2.493E-98     1.000E+01
1.20E-02     6.215E-97     1.000E+01
1.30E-02     1.550E-95     1.000E+01
1.40E-02     3.863E-94     1.000E+01
1.50E-02     9.631E-93     1.000E+01
1.60E-02     2.401E-91     1.000E+01
1.80E-02     1.492E-88     1.000E+01
2.00E-02     9.276E-86     1.000E+01
2.50E-02     8.933E-79     1.000E+01
3.00E-02     8.604E-72     1.000E+01
4.00E-02     7.981E-58     1.000E+01
5.00E-02     7.403E-44     1.000E+01
6.00E-02     2.123E-41     1.000E+01
7.00E-02     6.086E-39     1.000E+01
8.00E-02     1.745E-36     1.000E+01
9.00E-02     5.004E-34     1.000E+01
1.00E-01     1.435E-31     1.000E+01
1.10E-01     9.164E-31     1.000E+01
1.20E-01     5.853E-30     1.000E+01
1.30E-01     3.739E-29     1.000E+01
1.40E-01     2.388E-28     1.000E+01
1.50E-01     1.525E-27     1.000E+01
1.60E-01     3.813E-27     1.000E+01
1.80E-01     2.383E-26     1.000E+01
2.00E-01     1.489E-25     1.000E+01
2.50E-01     2.280E-24     1.000E+01
3.00E-01     1.729E-23     1.000E+01
3.50E-01     4.360E-22     1.000E+01
4.00E-01     1.099E-20     1.000E+01
4.50E-01     2.178E-19     1.000E+01
5.00E-01     4.316E-18     1.000E+01
6.00E-01     5.373E-16     1.000E+01
7.00E-01     2.892E-14     1.000E+01
8.00E-01     7.700E-13     1.000E+01
9.00E-01     1.168E-11     1.000E+01
1.00E+00     1.150E-10     1.000E+01
1.25E+00     5.285E-09     1.000E+01
1.50E+00     2.428E-07     1.000E+01
1.75E+00     2.487E-06     1.000E+01
2.00E+00     2.549E-05     1.000E+01
2.50E+00     8.136E-04     1.000E+01
3.00E+00     1.404E-02     1.000E+01
3.50E+00     1.586E-01     1.000E+01
4.00E+00     1.277E+00     1.000E+01
5.00E+00     3.621E+01     1.000E+01
6.00E+00     4.111E+02     1.000E+01
7.00E+00     2.432E+03     1.000E+01
8.00E+00     9.568E+03     1.000E+01
9.00E+00     2.847E+04     1.000E+01
1.00E+01     6.808E+04     1.000E+01
