5        p rb75  he4 kr72                  taly      1.58600E+00      
1.00E-03     0.000E+00     1.000E+00
2.00E-03     0.000E+00     1.000E+00
3.00E-03     0.000E+00     1.000E+00
4.00E-03     0.000E+00     1.000E+00
5.00E-03     0.000E+00     1.000E+00
6.00E-03     0.000E+00     1.000E+00
7.00E-03     0.000E+00     1.000E+00
8.00E-03     0.000E+00     1.000E+00
9.00E-03     0.000E+00     1.000E+00
1.00E-02     0.000E+00     1.000E+00
1.10E-02     2.535E-98     1.000E+01
1.20E-02     6.425E-97     1.000E+01
1.30E-02     1.629E-95     1.000E+01
1.40E-02     4.128E-94     1.000E+01
1.50E-02     1.046E-92     1.000E+01
1.60E-02     2.652E-91     1.000E+01
1.80E-02     1.704E-88     1.000E+01
2.00E-02     1.095E-85     1.000E+01
2.50E-02     1.145E-78     1.000E+01
3.00E-02     1.198E-71     1.000E+01
4.00E-02     1.312E-57     1.000E+01
5.00E-02     1.436E-43     1.000E+01
6.00E-02     3.838E-41     1.000E+01
7.00E-02     1.026E-38     1.000E+01
8.00E-02     2.740E-36     1.000E+01
9.00E-02     7.322E-34     1.000E+01
1.00E-01     1.957E-31     1.000E+01
1.10E-01     1.212E-30     1.000E+01
1.20E-01     7.512E-30     1.000E+01
1.30E-01     4.655E-29     1.000E+01
1.40E-01     2.884E-28     1.000E+01
1.50E-01     1.787E-27     1.000E+01
1.60E-01     4.372E-27     1.000E+01
1.80E-01     2.616E-26     1.000E+01
2.00E-01     1.565E-25     1.000E+01
2.50E-01     2.184E-24     1.000E+01
3.00E-01     1.230E-23     1.000E+01
3.50E-01     5.072E-23     1.000E+01
4.00E-01     2.092E-22     1.000E+01
4.50E-01     3.527E-21     1.000E+01
5.00E-01     5.948E-20     1.000E+01
6.00E-01     6.219E-18     1.000E+01
7.00E-01     2.342E-16     1.000E+01
8.00E-01     4.508E-15     1.000E+01
9.00E-01     5.524E-14     1.000E+01
1.00E+00     4.963E-13     1.000E+01
1.25E+00     3.011E-11     1.000E+01
1.50E+00     1.827E-09     1.000E+01
1.75E+00     2.723E-08     1.000E+01
2.00E+00     4.059E-07     1.000E+01
2.50E+00     2.221E-05     1.000E+01
3.00E+00     5.514E-04     1.000E+01
3.50E+00     8.073E-03     1.000E+01
4.00E+00     7.929E-02     1.000E+01
5.00E+00     3.100E+00     1.000E+01
6.00E+00     5.263E+01     1.000E+01
7.00E+00     5.610E+02     1.000E+01
8.00E+00     4.417E+03     1.000E+01
9.00E+00     2.081E+04     1.000E+01
1.00E+01     4.642E+04     1.000E+01
