4        n rb74 rb75                       taly      1.33740E+01      
1.00E-03     8.054E+03     1.000E+01
2.00E-03     8.123E+03     1.000E+01
3.00E-03     8.193E+03     1.000E+01
4.00E-03     8.263E+03     1.000E+01
5.00E-03     8.332E+03     1.000E+01
6.00E-03     8.290E+03     1.000E+01
7.00E-03     8.248E+03     1.000E+01
8.00E-03     8.205E+03     1.000E+01
9.00E-03     8.163E+03     1.000E+01
1.00E-02     8.121E+03     1.000E+01
1.10E-02     8.127E+03     1.000E+01
1.20E-02     8.132E+03     1.000E+01
1.30E-02     8.138E+03     1.000E+01
1.40E-02     8.144E+03     1.000E+01
1.50E-02     8.149E+03     1.000E+01
1.60E-02     8.155E+03     1.000E+01
1.80E-02     8.166E+03     1.000E+01
2.00E-02     8.178E+03     1.000E+01
2.50E-02     8.206E+03     1.000E+01
3.00E-02     8.235E+03     1.000E+01
4.00E-02     8.292E+03     1.000E+01
5.00E-02     8.348E+03     1.000E+01
6.00E-02     8.440E+03     1.000E+01
7.00E-02     8.531E+03     1.000E+01
8.00E-02     8.622E+03     1.000E+01
9.00E-02     8.713E+03     1.000E+01
1.00E-01     8.804E+03     1.000E+01
1.10E-01     8.904E+03     1.000E+01
1.20E-01     9.004E+03     1.000E+01
1.30E-01     9.104E+03     1.000E+01
1.40E-01     9.204E+03     1.000E+01
1.50E-01     9.305E+03     1.000E+01
1.60E-01     9.413E+03     1.000E+01
1.80E-01     9.628E+03     1.000E+01
2.00E-01     9.844E+03     1.000E+01
2.50E-01     1.039E+04     1.000E+01
3.00E-01     1.092E+04     1.000E+01
3.50E-01     1.141E+04     1.000E+01
4.00E-01     1.191E+04     1.000E+01
4.50E-01     1.236E+04     1.000E+01
5.00E-01     1.281E+04     1.000E+01
6.00E-01     1.366E+04     1.000E+01
7.00E-01     1.447E+04     1.000E+01
8.00E-01     1.524E+04     1.000E+01
9.00E-01     1.598E+04     1.000E+01
1.00E+00     1.668E+04     1.000E+01
1.25E+00     1.812E+04     1.000E+01
1.50E+00     1.957E+04     1.000E+01
1.75E+00     2.049E+04     1.000E+01
2.00E+00     2.141E+04     1.000E+01
2.50E+00     2.234E+04     1.000E+01
3.00E+00     2.264E+04     1.000E+01
3.50E+00     2.260E+04     1.000E+01
4.00E+00     2.238E+04     1.000E+01
5.00E+00     2.176E+04     1.000E+01
6.00E+00     2.105E+04     1.000E+01
7.00E+00     2.028E+04     1.000E+01
8.00E+00     1.948E+04     1.000E+01
9.00E+00     1.864E+04     1.000E+01
1.00E+01     1.752E+04     1.000E+01
