5        p rb76  he4 kr73                  taly      9.37000E-01      
1.00E-03     0.000E+00     1.000E+00
2.00E-03     0.000E+00     1.000E+00
3.00E-03     0.000E+00     1.000E+00
4.00E-03     0.000E+00     1.000E+00
5.00E-03     0.000E+00     1.000E+00
6.00E-03     0.000E+00     1.000E+00
7.00E-03     0.000E+00     1.000E+00
8.00E-03     0.000E+00     1.000E+00
9.00E-03     0.000E+00     1.000E+00
1.00E-02     0.000E+00     1.000E+00
1.10E-02     2.535E-98     1.000E+01
1.20E-02     6.424E-97     1.000E+01
1.30E-02     1.628E-95     1.000E+01
1.40E-02     4.127E-94     1.000E+01
1.50E-02     1.046E-92     1.000E+01
1.60E-02     2.651E-91     1.000E+01
1.80E-02     1.703E-88     1.000E+01
2.00E-02     1.094E-85     1.000E+01
2.50E-02     1.144E-78     1.000E+01
3.00E-02     1.196E-71     1.000E+01
4.00E-02     1.309E-57     1.000E+01
5.00E-02     1.432E-43     1.000E+01
6.00E-02     3.836E-41     1.000E+01
7.00E-02     1.028E-38     1.000E+01
8.00E-02     2.754E-36     1.000E+01
9.00E-02     7.378E-34     1.000E+01
1.00E-01     1.977E-31     1.000E+01
1.10E-01     1.235E-30     1.000E+01
1.20E-01     7.711E-30     1.000E+01
1.30E-01     4.816E-29     1.000E+01
1.40E-01     3.008E-28     1.000E+01
1.50E-01     1.878E-27     1.000E+01
1.60E-01     4.641E-27     1.000E+01
1.80E-01     2.833E-26     1.000E+01
2.00E-01     1.729E-25     1.000E+01
2.50E-01     2.522E-24     1.000E+01
3.00E-01     1.468E-23     1.000E+01
3.50E-01     4.300E-23     1.000E+01
4.00E-01     1.259E-22     1.000E+01
4.50E-01     2.341E-22     1.000E+01
5.00E-01     4.351E-22     1.000E+01
6.00E-01     1.582E-21     1.000E+01
7.00E-01     8.758E-20     1.000E+01
8.00E-01     4.691E-18     1.000E+01
9.00E-01     1.342E-16     1.000E+01
1.00E+00     2.419E-15     1.000E+01
1.25E+00     4.462E-13     1.000E+01
1.50E+00     8.232E-11     1.000E+01
1.75E+00     2.304E-09     1.000E+01
2.00E+00     6.451E-08     1.000E+01
2.50E+00     7.889E-06     1.000E+01
3.00E+00     3.060E-04     1.000E+01
3.50E+00     4.925E-03     1.000E+01
4.00E+00     4.193E-02     1.000E+01
5.00E+00     1.019E+00     1.000E+01
6.00E+00     1.130E+01     1.000E+01
7.00E+00     7.857E+01     1.000E+01
8.00E+00     3.881E+02     1.000E+01
9.00E+00     1.444E+03     1.000E+01
1.00E+01     4.206E+03     1.000E+01
