4        p rh93 pd94                       taly      4.37800E+00      
1.00E-03     0.000E+00     1.000E+00
2.00E-03     0.000E+00     1.000E+00
3.00E-03     0.000E+00     1.000E+00
4.00E-03     0.000E+00     1.000E+00
5.00E-03     0.000E+00     1.000E+00
6.00E-03     0.000E+00     1.000E+00
7.00E-03     0.000E+00     1.000E+00
8.00E-03     0.000E+00     1.000E+00
9.00E-03     0.000E+00     1.000E+00
1.00E-02     0.000E+00     1.000E+00
1.10E-02     1.899E-98     1.000E+01
1.20E-02     3.605E-97     1.000E+01
1.30E-02     6.845E-96     1.000E+01
1.40E-02     1.300E-94     1.000E+01
1.50E-02     2.468E-93     1.000E+01
1.60E-02     4.686E-92     1.000E+01
1.80E-02     1.689E-89     1.000E+01
2.00E-02     6.090E-87     1.000E+01
2.50E-02     1.503E-80     1.000E+01
3.00E-02     3.709E-74     1.000E+01
4.00E-02     2.259E-61     1.000E+01
5.00E-02     1.376E-48     1.000E+01
6.00E-02     3.475E-45     1.000E+01
7.00E-02     8.775E-42     1.000E+01
8.00E-02     2.216E-38     1.000E+01
9.00E-02     5.598E-35     1.000E+01
1.00E-01     1.414E-31     1.000E+01
1.10E-01     2.739E-30     1.000E+01
1.20E-01     5.307E-29     1.000E+01
1.30E-01     1.028E-27     1.000E+01
1.40E-01     1.992E-26     1.000E+01
1.50E-01     3.860E-25     1.000E+01
1.60E-01     2.360E-24     1.000E+01
1.80E-01     8.825E-23     1.000E+01
2.00E-01     3.300E-21     1.000E+01
2.50E-01     2.034E-18     1.000E+01
3.00E-01     2.716E-16     1.000E+01
3.50E-01     9.560E-15     1.000E+01
4.00E-01     3.365E-13     1.000E+01
4.50E-01     4.209E-12     1.000E+01
5.00E-01     5.265E-11     1.000E+01
6.00E-01     2.451E-09     1.000E+01
7.00E-01     5.173E-08     1.000E+01
8.00E-01     6.278E-07     1.000E+01
9.00E-01     5.064E-06     1.000E+01
1.00E+00     2.986E-05     1.000E+01
1.25E+00     5.909E-04     1.000E+01
1.50E+00     1.169E-02     1.000E+01
1.75E+00     6.487E-02     1.000E+01
2.00E+00     3.599E-01     1.000E+01
2.50E+00     3.425E+00     1.000E+01
3.00E+00     1.728E+01     1.000E+01
3.50E+00     5.964E+01     1.000E+01
4.00E+00     1.614E+02     1.000E+01
5.00E+00     7.521E+02     1.000E+01
6.00E+00     2.301E+03     1.000E+01
7.00E+00     4.241E+03     1.000E+01
8.00E+00     4.382E+03     1.000E+01
9.00E+00     3.484E+03     1.000E+01
1.00E+01     2.742E+03     1.000E+01
