4        n rh89 rh90                       taly      1.40000E+01      
1.00E-03     3.860E+02     1.000E+01
2.00E-03     3.992E+02     1.000E+01
3.00E-03     4.124E+02     1.000E+01
4.00E-03     4.257E+02     1.000E+01
5.00E-03     4.389E+02     1.000E+01
6.00E-03     4.457E+02     1.000E+01
7.00E-03     4.525E+02     1.000E+01
8.00E-03     4.593E+02     1.000E+01
9.00E-03     4.661E+02     1.000E+01
1.00E-02     4.729E+02     1.000E+01
1.10E-02     4.825E+02     1.000E+01
1.20E-02     4.920E+02     1.000E+01
1.30E-02     5.015E+02     1.000E+01
1.40E-02     5.110E+02     1.000E+01
1.50E-02     5.205E+02     1.000E+01
1.60E-02     5.300E+02     1.000E+01
1.80E-02     5.490E+02     1.000E+01
2.00E-02     5.681E+02     1.000E+01
2.50E-02     6.156E+02     1.000E+01
3.00E-02     6.632E+02     1.000E+01
4.00E-02     7.583E+02     1.000E+01
5.00E-02     8.535E+02     1.000E+01
6.00E-02     9.449E+02     1.000E+01
7.00E-02     1.036E+03     1.000E+01
8.00E-02     1.128E+03     1.000E+01
9.00E-02     1.219E+03     1.000E+01
1.00E-01     1.311E+03     1.000E+01
1.10E-01     1.400E+03     1.000E+01
1.20E-01     1.489E+03     1.000E+01
1.30E-01     1.578E+03     1.000E+01
1.40E-01     1.667E+03     1.000E+01
1.50E-01     1.756E+03     1.000E+01
1.60E-01     1.843E+03     1.000E+01
1.80E-01     2.016E+03     1.000E+01
2.00E-01     2.190E+03     1.000E+01
2.50E-01     2.603E+03     1.000E+01
3.00E-01     2.987E+03     1.000E+01
3.50E-01     3.324E+03     1.000E+01
4.00E-01     3.661E+03     1.000E+01
4.50E-01     3.924E+03     1.000E+01
5.00E-01     4.188E+03     1.000E+01
6.00E-01     4.505E+03     1.000E+01
7.00E-01     4.544E+03     1.000E+01
8.00E-01     4.312E+03     1.000E+01
9.00E-01     3.900E+03     1.000E+01
1.00E+00     3.424E+03     1.000E+01
1.25E+00     2.600E+03     1.000E+01
1.50E+00     1.776E+03     1.000E+01
1.75E+00     1.515E+03     1.000E+01
2.00E+00     1.254E+03     1.000E+01
2.50E+00     1.109E+03     1.000E+01
3.00E+00     1.070E+03     1.000E+01
3.50E+00     1.053E+03     1.000E+01
4.00E+00     1.031E+03     1.000E+01
5.00E+00     9.450E+02     1.000E+01
6.00E+00     8.130E+02     1.000E+01
7.00E+00     6.582E+02     1.000E+01
8.00E+00     5.047E+02     1.000E+01
9.00E+00     3.706E+02     1.000E+01
1.00E+01     2.641E+02     1.000E+01
