5        p rh93  he4 ru90                  taly      7.36000E-01      
1.00E-03     0.000E+00     1.000E+00
2.00E-03     0.000E+00     1.000E+00
3.00E-03     0.000E+00     1.000E+00
4.00E-03     0.000E+00     1.000E+00
5.00E-03     0.000E+00     1.000E+00
6.00E-03     0.000E+00     1.000E+00
7.00E-03     0.000E+00     1.000E+00
8.00E-03     0.000E+00     1.000E+00
9.00E-03     0.000E+00     1.000E+00
1.00E-02     0.000E+00     1.000E+00
1.10E-02     1.524E-98     1.000E+01
1.20E-02     2.322E-97     1.000E+01
1.30E-02     3.538E-96     1.000E+01
1.40E-02     5.391E-95     1.000E+01
1.50E-02     8.215E-94     1.000E+01
1.60E-02     1.252E-92     1.000E+01
1.80E-02     2.907E-90     1.000E+01
2.00E-02     6.749E-88     1.000E+01
2.50E-02     5.544E-82     1.000E+01
3.00E-02     4.555E-76     1.000E+01
4.00E-02     3.074E-64     1.000E+01
5.00E-02     2.075E-52     1.000E+01
6.00E-02     4.479E-49     1.000E+01
7.00E-02     9.671E-46     1.000E+01
8.00E-02     2.088E-42     1.000E+01
9.00E-02     4.508E-39     1.000E+01
1.00E-01     9.734E-36     1.000E+01
1.10E-01     1.210E-34     1.000E+01
1.20E-01     1.504E-33     1.000E+01
1.30E-01     1.869E-32     1.000E+01
1.40E-01     2.323E-31     1.000E+01
1.50E-01     2.887E-30     1.000E+01
1.60E-01     1.004E-29     1.000E+01
1.80E-01     1.214E-28     1.000E+01
2.00E-01     1.468E-27     1.000E+01
2.50E-01     5.981E-26     1.000E+01
3.00E-01     6.956E-25     1.000E+01
3.50E-01     3.180E-24     1.000E+01
4.00E-01     1.454E-23     1.000E+01
4.50E-01     3.580E-23     1.000E+01
5.00E-01     8.817E-23     1.000E+01
6.00E-01     2.892E-22     1.000E+01
7.00E-01     6.687E-22     1.000E+01
8.00E-01     1.244E-21     1.000E+01
9.00E-01     2.006E-21     1.000E+01
1.00E+00     3.160E-21     1.000E+01
1.25E+00     8.115E-19     1.000E+01
1.50E+00     2.084E-16     1.000E+01
1.75E+00     1.415E-14     1.000E+01
2.00E+00     9.605E-13     1.000E+01
2.50E+00     4.533E-10     1.000E+01
3.00E+00     5.477E-08     1.000E+01
3.50E+00     2.562E-06     1.000E+01
4.00E+00     6.012E-05     1.000E+01
5.00E+00     8.006E-03     1.000E+01
6.00E+00     3.112E-01     1.000E+01
7.00E+00     5.452E+00     1.000E+01
8.00E+00     4.665E+01     1.000E+01
9.00E+00     2.304E+02     1.000E+01
1.00E+01     8.066E+02     1.000E+01
