5        n ru87    p tc87                  taly      1.25400E+01      
1.00E-03     4.308E+07     1.000E+01
2.00E-03     4.374E+07     1.000E+01
3.00E-03     4.441E+07     1.000E+01
4.00E-03     4.508E+07     1.000E+01
5.00E-03     4.577E+07     1.000E+01
6.00E-03     4.580E+07     1.000E+01
7.00E-03     4.584E+07     1.000E+01
8.00E-03     4.587E+07     1.000E+01
9.00E-03     4.591E+07     1.000E+01
1.00E-02     4.595E+07     1.000E+01
1.10E-02     4.622E+07     1.000E+01
1.20E-02     4.649E+07     1.000E+01
1.30E-02     4.676E+07     1.000E+01
1.40E-02     4.703E+07     1.000E+01
1.50E-02     4.731E+07     1.000E+01
1.60E-02     4.758E+07     1.000E+01
1.80E-02     4.814E+07     1.000E+01
2.00E-02     4.871E+07     1.000E+01
2.50E-02     5.015E+07     1.000E+01
3.00E-02     5.164E+07     1.000E+01
4.00E-02     5.474E+07     1.000E+01
5.00E-02     5.803E+07     1.000E+01
6.00E-02     6.079E+07     1.000E+01
7.00E-02     6.369E+07     1.000E+01
8.00E-02     6.672E+07     1.000E+01
9.00E-02     6.989E+07     1.000E+01
1.00E-01     7.322E+07     1.000E+01
1.10E-01     7.600E+07     1.000E+01
1.20E-01     7.889E+07     1.000E+01
1.30E-01     8.189E+07     1.000E+01
1.40E-01     8.500E+07     1.000E+01
1.50E-01     8.823E+07     1.000E+01
1.60E-01     9.101E+07     1.000E+01
1.80E-01     9.684E+07     1.000E+01
2.00E-01     1.030E+08     1.000E+01
2.50E-01     1.173E+08     1.000E+01
3.00E-01     1.305E+08     1.000E+01
3.50E-01     1.410E+08     1.000E+01
4.00E-01     1.524E+08     1.000E+01
4.50E-01     1.566E+08     1.000E+01
5.00E-01     1.609E+08     1.000E+01
6.00E-01     1.458E+08     1.000E+01
7.00E-01     1.132E+08     1.000E+01
8.00E-01     8.113E+07     1.000E+01
9.00E-01     5.766E+07     1.000E+01
1.00E+00     4.219E+07     1.000E+01
1.25E+00     2.549E+07     1.000E+01
1.50E+00     1.540E+07     1.000E+01
1.75E+00     1.224E+07     1.000E+01
2.00E+00     9.729E+06     1.000E+01
2.50E+00     7.649E+06     1.000E+01
3.00E+00     6.622E+06     1.000E+01
3.50E+00     6.022E+06     1.000E+01
4.00E+00     5.632E+06     1.000E+01
5.00E+00     5.126E+06     1.000E+01
6.00E+00     4.715E+06     1.000E+01
7.00E+00     4.273E+06     1.000E+01
8.00E+00     3.783E+06     1.000E+01
9.00E+00     3.270E+06     1.000E+01
1.00E+01     2.763E+06     1.000E+01
