5        n ru88    p tc88                  taly      8.06400E+00      
1.00E-03     2.152E+08     1.000E+01
2.00E-03     2.184E+08     1.000E+01
3.00E-03     2.217E+08     1.000E+01
4.00E-03     2.250E+08     1.000E+01
5.00E-03     2.283E+08     1.000E+01
6.00E-03     2.284E+08     1.000E+01
7.00E-03     2.285E+08     1.000E+01
8.00E-03     2.286E+08     1.000E+01
9.00E-03     2.287E+08     1.000E+01
1.00E-02     2.288E+08     1.000E+01
1.10E-02     2.301E+08     1.000E+01
1.20E-02     2.314E+08     1.000E+01
1.30E-02     2.327E+08     1.000E+01
1.40E-02     2.340E+08     1.000E+01
1.50E-02     2.353E+08     1.000E+01
1.60E-02     2.367E+08     1.000E+01
1.80E-02     2.393E+08     1.000E+01
2.00E-02     2.420E+08     1.000E+01
2.50E-02     2.489E+08     1.000E+01
3.00E-02     2.560E+08     1.000E+01
4.00E-02     2.708E+08     1.000E+01
5.00E-02     2.864E+08     1.000E+01
6.00E-02     2.997E+08     1.000E+01
7.00E-02     3.137E+08     1.000E+01
8.00E-02     3.282E+08     1.000E+01
9.00E-02     3.435E+08     1.000E+01
1.00E-01     3.595E+08     1.000E+01
1.10E-01     3.729E+08     1.000E+01
1.20E-01     3.869E+08     1.000E+01
1.30E-01     4.014E+08     1.000E+01
1.40E-01     4.165E+08     1.000E+01
1.50E-01     4.321E+08     1.000E+01
1.60E-01     4.457E+08     1.000E+01
1.80E-01     4.741E+08     1.000E+01
2.00E-01     5.044E+08     1.000E+01
2.50E-01     5.741E+08     1.000E+01
3.00E-01     6.397E+08     1.000E+01
3.50E-01     6.960E+08     1.000E+01
4.00E-01     7.574E+08     1.000E+01
4.50E-01     8.070E+08     1.000E+01
5.00E-01     8.599E+08     1.000E+01
6.00E-01     9.505E+08     1.000E+01
7.00E-01     1.031E+09     1.000E+01
8.00E-01     1.104E+09     1.000E+01
9.00E-01     1.170E+09     1.000E+01
1.00E+00     1.229E+09     1.000E+01
1.25E+00     1.332E+09     1.000E+01
1.50E+00     1.445E+09     1.000E+01
1.75E+00     1.503E+09     1.000E+01
2.00E+00     1.564E+09     1.000E+01
2.50E+00     1.619E+09     1.000E+01
3.00E+00     1.627E+09     1.000E+01
3.50E+00     1.560E+09     1.000E+01
4.00E+00     1.327E+09     1.000E+01
5.00E+00     5.475E+08     1.000E+01
6.00E+00     1.890E+08     1.000E+01
7.00E+00     9.016E+07     1.000E+01
8.00E+00     5.690E+07     1.000E+01
9.00E+00     4.145E+07     1.000E+01
1.00E+01     3.198E+07     1.000E+01
