5        n ru86    p tc86                  taly      1.13370E+01      
1.00E-03     4.190E+07     1.000E+01
2.00E-03     4.247E+07     1.000E+01
3.00E-03     4.306E+07     1.000E+01
4.00E-03     4.365E+07     1.000E+01
5.00E-03     4.425E+07     1.000E+01
6.00E-03     4.423E+07     1.000E+01
7.00E-03     4.421E+07     1.000E+01
8.00E-03     4.419E+07     1.000E+01
9.00E-03     4.417E+07     1.000E+01
1.00E-02     4.415E+07     1.000E+01
1.10E-02     4.436E+07     1.000E+01
1.20E-02     4.458E+07     1.000E+01
1.30E-02     4.479E+07     1.000E+01
1.40E-02     4.501E+07     1.000E+01
1.50E-02     4.523E+07     1.000E+01
1.60E-02     4.545E+07     1.000E+01
1.80E-02     4.589E+07     1.000E+01
2.00E-02     4.633E+07     1.000E+01
2.50E-02     4.747E+07     1.000E+01
3.00E-02     4.863E+07     1.000E+01
4.00E-02     5.103E+07     1.000E+01
5.00E-02     5.355E+07     1.000E+01
6.00E-02     5.576E+07     1.000E+01
7.00E-02     5.806E+07     1.000E+01
8.00E-02     6.045E+07     1.000E+01
9.00E-02     6.294E+07     1.000E+01
1.00E-01     6.554E+07     1.000E+01
1.10E-01     6.775E+07     1.000E+01
1.20E-01     7.004E+07     1.000E+01
1.30E-01     7.241E+07     1.000E+01
1.40E-01     7.486E+07     1.000E+01
1.50E-01     7.739E+07     1.000E+01
1.60E-01     7.961E+07     1.000E+01
1.80E-01     8.423E+07     1.000E+01
2.00E-01     8.912E+07     1.000E+01
2.50E-01     1.004E+08     1.000E+01
3.00E-01     1.109E+08     1.000E+01
3.50E-01     1.196E+08     1.000E+01
4.00E-01     1.290E+08     1.000E+01
4.50E-01     1.351E+08     1.000E+01
5.00E-01     1.414E+08     1.000E+01
6.00E-01     1.440E+08     1.000E+01
7.00E-01     1.347E+08     1.000E+01
8.00E-01     1.171E+08     1.000E+01
9.00E-01     9.769E+07     1.000E+01
1.00E+00     8.043E+07     1.000E+01
1.25E+00     5.419E+07     1.000E+01
1.50E+00     3.651E+07     1.000E+01
1.75E+00     2.869E+07     1.000E+01
2.00E+00     2.254E+07     1.000E+01
2.50E+00     1.594E+07     1.000E+01
3.00E+00     1.198E+07     1.000E+01
3.50E+00     9.330E+06     1.000E+01
4.00E+00     7.470E+06     1.000E+01
5.00E+00     5.108E+06     1.000E+01
6.00E+00     3.694E+06     1.000E+01
7.00E+00     2.722E+06     1.000E+01
8.00E+00     1.993E+06     1.000E+01
9.00E+00     1.434E+06     1.000E+01
1.00E+01     1.017E+06     1.000E+01
