4      he4 ru86 pd90                       taly      2.89200E+00      
1.00E-03     0.000E+00     1.000E+00
2.00E-03     0.000E+00     1.000E+00
3.00E-03     0.000E+00     1.000E+00
4.00E-03     0.000E+00     1.000E+00
5.00E-03     0.000E+00     1.000E+00
6.00E-03     0.000E+00     1.000E+00
7.00E-03     0.000E+00     1.000E+00
8.00E-03     0.000E+00     1.000E+00
9.00E-03     0.000E+00     1.000E+00
1.00E-02     0.000E+00     1.000E+00
1.10E-02     0.000E+00     1.000E+00
1.20E-02     0.000E+00     1.000E+00
1.30E-02     0.000E+00     1.000E+00
1.40E-02     0.000E+00     1.000E+00
1.50E-02     0.000E+00     1.000E+00
1.60E-02     0.000E+00     1.000E+00
1.80E-02     0.000E+00     1.000E+00
2.00E-02     0.000E+00     1.000E+00
2.50E-02     0.000E+00     1.000E+00
3.00E-02     0.000E+00     1.000E+00
4.00E-02     0.000E+00     1.000E+00
5.00E-02     0.000E+00     1.000E+00
6.00E-02     0.000E+00     1.000E+00
7.00E-02     0.000E+00     1.000E+00
8.00E-02     0.000E+00     1.000E+00
9.00E-02     0.000E+00     1.000E+00
1.00E-01     0.000E+00     1.000E+00
1.10E-01     0.000E+00     1.000E+00
1.20E-01     0.000E+00     1.000E+00
1.30E-01     0.000E+00     1.000E+00
1.40E-01     0.000E+00     1.000E+00
1.50E-01     0.000E+00     1.000E+00
1.60E-01     0.000E+00     1.000E+00
1.80E-01     0.000E+00     1.000E+00
2.00E-01     0.000E+00     1.000E+00
2.50E-01     0.000E+00     1.000E+00
3.00E-01     0.000E+00     1.000E+00
3.50E-01     6.910E-74     1.000E+01
4.00E-01     4.774E-48     1.000E+01
4.50E-01     7.742E-45     1.000E+01
5.00E-01     1.255E-41     1.000E+01
6.00E-01     2.616E-37     1.000E+01
7.00E-01     3.827E-34     1.000E+01
8.00E-01     1.121E-31     1.000E+01
9.00E-01     1.162E-29     1.000E+01
1.00E+00     5.930E-28     1.000E+01
1.25E+00     5.842E-25     1.000E+01
1.50E+00     5.756E-22     1.000E+01
1.75E+00     3.831E-20     1.000E+01
2.00E+00     2.550E-18     1.000E+01
2.50E+00     7.981E-16     1.000E+01
3.00E+00     5.818E-14     1.000E+01
3.50E+00     1.748E-12     1.000E+01
4.00E+00     2.915E-11     1.000E+01
5.00E+00     2.479E-09     1.000E+01
6.00E+00     6.921E-08     1.000E+01
7.00E+00     8.628E-07     1.000E+01
8.00E+00     5.854E-06     1.000E+01
9.00E+00     2.501E-05     1.000E+01
1.00E+01     7.521E-05     1.000E+01
