5        n ru87  he4 mo84                  taly      1.42160E+01      
1.00E-03     6.672E+04     1.000E+01
2.00E-03     6.774E+04     1.000E+01
3.00E-03     6.878E+04     1.000E+01
4.00E-03     6.983E+04     1.000E+01
5.00E-03     7.089E+04     1.000E+01
6.00E-03     7.095E+04     1.000E+01
7.00E-03     7.102E+04     1.000E+01
8.00E-03     7.108E+04     1.000E+01
9.00E-03     7.114E+04     1.000E+01
1.00E-02     7.120E+04     1.000E+01
1.10E-02     7.163E+04     1.000E+01
1.20E-02     7.206E+04     1.000E+01
1.30E-02     7.249E+04     1.000E+01
1.40E-02     7.293E+04     1.000E+01
1.50E-02     7.336E+04     1.000E+01
1.60E-02     7.380E+04     1.000E+01
1.80E-02     7.469E+04     1.000E+01
2.00E-02     7.560E+04     1.000E+01
2.50E-02     7.790E+04     1.000E+01
3.00E-02     8.026E+04     1.000E+01
4.00E-02     8.522E+04     1.000E+01
5.00E-02     9.049E+04     1.000E+01
6.00E-02     9.504E+04     1.000E+01
7.00E-02     9.981E+04     1.000E+01
8.00E-02     1.048E+05     1.000E+01
9.00E-02     1.101E+05     1.000E+01
1.00E-01     1.156E+05     1.000E+01
1.10E-01     1.204E+05     1.000E+01
1.20E-01     1.254E+05     1.000E+01
1.30E-01     1.305E+05     1.000E+01
1.40E-01     1.359E+05     1.000E+01
1.50E-01     1.415E+05     1.000E+01
1.60E-01     1.465E+05     1.000E+01
1.80E-01     1.569E+05     1.000E+01
2.00E-01     1.681E+05     1.000E+01
2.50E-01     1.945E+05     1.000E+01
3.00E-01     2.200E+05     1.000E+01
3.50E-01     2.416E+05     1.000E+01
4.00E-01     2.653E+05     1.000E+01
4.50E-01     2.771E+05     1.000E+01
5.00E-01     2.894E+05     1.000E+01
6.00E-01     2.709E+05     1.000E+01
7.00E-01     2.177E+05     1.000E+01
8.00E-01     1.616E+05     1.000E+01
9.00E-01     1.195E+05     1.000E+01
1.00E+00     9.161E+04     1.000E+01
1.25E+00     6.710E+04     1.000E+01
1.50E+00     4.915E+04     1.000E+01
1.75E+00     5.140E+04     1.000E+01
2.00E+00     5.376E+04     1.000E+01
2.50E+00     6.962E+04     1.000E+01
3.00E+00     9.117E+04     1.000E+01
3.50E+00     1.185E+05     1.000E+01
4.00E+00     1.527E+05     1.000E+01
5.00E+00     2.442E+05     1.000E+01
6.00E+00     3.583E+05     1.000E+01
7.00E+00     4.764E+05     1.000E+01
8.00E+00     5.788E+05     1.000E+01
9.00E+00     6.523E+05     1.000E+01
1.00E+01     6.908E+05     1.000E+01
