5        n ru88  he4 mo85                  taly      8.75700E+00      
1.00E-03     1.010E+03     1.000E+01
2.00E-03     1.024E+03     1.000E+01
3.00E-03     1.038E+03     1.000E+01
4.00E-03     1.052E+03     1.000E+01
5.00E-03     1.067E+03     1.000E+01
6.00E-03     1.066E+03     1.000E+01
7.00E-03     1.065E+03     1.000E+01
8.00E-03     1.065E+03     1.000E+01
9.00E-03     1.064E+03     1.000E+01
1.00E-02     1.064E+03     1.000E+01
1.10E-02     1.069E+03     1.000E+01
1.20E-02     1.074E+03     1.000E+01
1.30E-02     1.080E+03     1.000E+01
1.40E-02     1.085E+03     1.000E+01
1.50E-02     1.090E+03     1.000E+01
1.60E-02     1.096E+03     1.000E+01
1.80E-02     1.106E+03     1.000E+01
2.00E-02     1.117E+03     1.000E+01
2.50E-02     1.145E+03     1.000E+01
3.00E-02     1.173E+03     1.000E+01
4.00E-02     1.232E+03     1.000E+01
5.00E-02     1.294E+03     1.000E+01
6.00E-02     1.350E+03     1.000E+01
7.00E-02     1.408E+03     1.000E+01
8.00E-02     1.469E+03     1.000E+01
9.00E-02     1.532E+03     1.000E+01
1.00E-01     1.598E+03     1.000E+01
1.10E-01     1.657E+03     1.000E+01
1.20E-01     1.717E+03     1.000E+01
1.30E-01     1.780E+03     1.000E+01
1.40E-01     1.845E+03     1.000E+01
1.50E-01     1.912E+03     1.000E+01
1.60E-01     1.973E+03     1.000E+01
1.80E-01     2.100E+03     1.000E+01
2.00E-01     2.235E+03     1.000E+01
2.50E-01     2.557E+03     1.000E+01
3.00E-01     2.870E+03     1.000E+01
3.50E-01     3.152E+03     1.000E+01
4.00E-01     3.463E+03     1.000E+01
4.50E-01     3.733E+03     1.000E+01
5.00E-01     4.023E+03     1.000E+01
6.00E-01     4.562E+03     1.000E+01
7.00E-01     5.087E+03     1.000E+01
8.00E-01     5.605E+03     1.000E+01
9.00E-01     6.120E+03     1.000E+01
1.00E+00     6.642E+03     1.000E+01
1.25E+00     7.999E+03     1.000E+01
1.50E+00     9.633E+03     1.000E+01
1.75E+00     1.154E+04     1.000E+01
2.00E+00     1.383E+04     1.000E+01
2.50E+00     1.983E+04     1.000E+01
3.00E+00     2.901E+04     1.000E+01
3.50E+00     4.711E+04     1.000E+01
4.00E+00     8.933E+04     1.000E+01
5.00E+00     2.740E+05     1.000E+01
6.00E+00     5.223E+05     1.000E+01
7.00E+00     8.420E+05     1.000E+01
8.00E+00     1.235E+06     1.000E+01
9.00E+00     1.658E+06     1.000E+01
1.00E+01     2.047E+06     1.000E+01
