5        n  s29  he4 si26                  taly      9.63100E+00      
1.00E-03     6.924E+06     1.000E+01
2.00E-03     6.983E+06     1.000E+01
3.00E-03     7.042E+06     1.000E+01
4.00E-03     7.102E+06     1.000E+01
5.00E-03     7.162E+06     1.000E+01
6.00E-03     7.125E+06     1.000E+01
7.00E-03     7.088E+06     1.000E+01
8.00E-03     7.051E+06     1.000E+01
9.00E-03     7.015E+06     1.000E+01
1.00E-02     6.978E+06     1.000E+01
1.10E-02     6.982E+06     1.000E+01
1.20E-02     6.986E+06     1.000E+01
1.30E-02     6.990E+06     1.000E+01
1.40E-02     6.995E+06     1.000E+01
1.50E-02     6.999E+06     1.000E+01
1.60E-02     7.003E+06     1.000E+01
1.80E-02     7.011E+06     1.000E+01
2.00E-02     7.019E+06     1.000E+01
2.50E-02     7.040E+06     1.000E+01
3.00E-02     7.060E+06     1.000E+01
4.00E-02     7.102E+06     1.000E+01
5.00E-02     7.143E+06     1.000E+01
6.00E-02     7.211E+06     1.000E+01
7.00E-02     7.279E+06     1.000E+01
8.00E-02     7.348E+06     1.000E+01
9.00E-02     7.417E+06     1.000E+01
1.00E-01     7.487E+06     1.000E+01
1.10E-01     7.560E+06     1.000E+01
1.20E-01     7.634E+06     1.000E+01
1.30E-01     7.709E+06     1.000E+01
1.40E-01     7.784E+06     1.000E+01
1.50E-01     7.860E+06     1.000E+01
1.60E-01     7.939E+06     1.000E+01
1.80E-01     8.097E+06     1.000E+01
2.00E-01     8.259E+06     1.000E+01
2.50E-01     8.657E+06     1.000E+01
3.00E-01     9.037E+06     1.000E+01
3.50E-01     9.375E+06     1.000E+01
4.00E-01     9.725E+06     1.000E+01
4.50E-01     1.002E+07     1.000E+01
5.00E-01     1.033E+07     1.000E+01
6.00E-01     1.089E+07     1.000E+01
7.00E-01     1.140E+07     1.000E+01
8.00E-01     1.187E+07     1.000E+01
9.00E-01     1.232E+07     1.000E+01
1.00E+00     1.275E+07     1.000E+01
1.25E+00     1.371E+07     1.000E+01
1.50E+00     1.475E+07     1.000E+01
1.75E+00     1.600E+07     1.000E+01
2.00E+00     1.735E+07     1.000E+01
2.50E+00     2.067E+07     1.000E+01
3.00E+00     2.348E+07     1.000E+01
3.50E+00     2.465E+07     1.000E+01
4.00E+00     2.420E+07     1.000E+01
5.00E+00     2.085E+07     1.000E+01
6.00E+00     1.706E+07     1.000E+01
7.00E+00     1.390E+07     1.000E+01
8.00E+00     1.144E+07     1.000E+01
9.00E+00     9.512E+06     1.000E+01
1.00E+01     7.983E+06     1.000E+01
