5        n  s27  he4 si24                  taly      1.19300E+01      
1.00E-03     1.557E+06     1.000E+01
2.00E-03     1.571E+06     1.000E+01
3.00E-03     1.585E+06     1.000E+01
4.00E-03     1.599E+06     1.000E+01
5.00E-03     1.614E+06     1.000E+01
6.00E-03     1.606E+06     1.000E+01
7.00E-03     1.599E+06     1.000E+01
8.00E-03     1.591E+06     1.000E+01
9.00E-03     1.584E+06     1.000E+01
1.00E-02     1.576E+06     1.000E+01
1.10E-02     1.578E+06     1.000E+01
1.20E-02     1.580E+06     1.000E+01
1.30E-02     1.581E+06     1.000E+01
1.40E-02     1.583E+06     1.000E+01
1.50E-02     1.585E+06     1.000E+01
1.60E-02     1.587E+06     1.000E+01
1.80E-02     1.590E+06     1.000E+01
2.00E-02     1.593E+06     1.000E+01
2.50E-02     1.602E+06     1.000E+01
3.00E-02     1.611E+06     1.000E+01
4.00E-02     1.628E+06     1.000E+01
5.00E-02     1.646E+06     1.000E+01
6.00E-02     1.668E+06     1.000E+01
7.00E-02     1.691E+06     1.000E+01
8.00E-02     1.714E+06     1.000E+01
9.00E-02     1.737E+06     1.000E+01
1.00E-01     1.761E+06     1.000E+01
1.10E-01     1.784E+06     1.000E+01
1.20E-01     1.807E+06     1.000E+01
1.30E-01     1.831E+06     1.000E+01
1.40E-01     1.856E+06     1.000E+01
1.50E-01     1.880E+06     1.000E+01
1.60E-01     1.904E+06     1.000E+01
1.80E-01     1.954E+06     1.000E+01
2.00E-01     2.004E+06     1.000E+01
2.50E-01     2.126E+06     1.000E+01
3.00E-01     2.241E+06     1.000E+01
3.50E-01     2.342E+06     1.000E+01
4.00E-01     2.448E+06     1.000E+01
4.50E-01     2.536E+06     1.000E+01
5.00E-01     2.628E+06     1.000E+01
6.00E-01     2.789E+06     1.000E+01
7.00E-01     2.934E+06     1.000E+01
8.00E-01     3.067E+06     1.000E+01
9.00E-01     3.188E+06     1.000E+01
1.00E+00     3.299E+06     1.000E+01
1.25E+00     3.500E+06     1.000E+01
1.50E+00     3.714E+06     1.000E+01
1.75E+00     3.805E+06     1.000E+01
2.00E+00     3.898E+06     1.000E+01
2.50E+00     3.834E+06     1.000E+01
3.00E+00     3.552E+06     1.000E+01
3.50E+00     3.131E+06     1.000E+01
4.00E+00     2.662E+06     1.000E+01
5.00E+00     1.808E+06     1.000E+01
6.00E+00     1.190E+06     1.000E+01
7.00E+00     7.843E+05     1.000E+01
8.00E+00     5.253E+05     1.000E+01
9.00E+00     3.593E+05     1.000E+01
1.00E+01     2.511E+05     1.000E+01
