4      he4  s28 ar32                       taly      8.69800E+00      
1.00E-03     0.000E+00     1.000E+00
2.00E-03     0.000E+00     1.000E+00
3.00E-03     0.000E+00     1.000E+00
4.00E-03     0.000E+00     1.000E+00
5.00E-03     0.000E+00     1.000E+00
6.00E-03     0.000E+00     1.000E+00
7.00E-03     0.000E+00     1.000E+00
8.00E-03     0.000E+00     1.000E+00
9.00E-03     0.000E+00     1.000E+00
1.00E-02     0.000E+00     1.000E+00
1.10E-02     0.000E+00     1.000E+00
1.20E-02     0.000E+00     1.000E+00
1.30E-02     0.000E+00     1.000E+00
1.40E-02     0.000E+00     1.000E+00
1.50E-02     0.000E+00     1.000E+00
1.60E-02     0.000E+00     1.000E+00
1.80E-02     0.000E+00     1.000E+00
2.00E-02     0.000E+00     1.000E+00
2.50E-02     0.000E+00     1.000E+00
3.00E-02     0.000E+00     1.000E+00
4.00E-02     0.000E+00     1.000E+00
5.00E-02     0.000E+00     1.000E+00
6.00E-02     8.759E-89     1.000E+01
7.00E-02     7.673E-78     1.000E+01
8.00E-02     6.721E-67     1.000E+01
9.00E-02     5.887E-56     1.000E+01
1.00E-01     5.157E-45     1.000E+01
1.10E-01     2.724E-43     1.000E+01
1.20E-01     1.439E-41     1.000E+01
1.30E-01     7.600E-40     1.000E+01
1.40E-01     4.015E-38     1.000E+01
1.50E-01     2.121E-36     1.000E+01
1.60E-01     1.678E-35     1.000E+01
1.80E-01     1.051E-33     1.000E+01
2.00E-01     6.587E-32     1.000E+01
2.50E-01     1.083E-28     1.000E+01
3.00E-01     4.038E-26     1.000E+01
3.50E-01     3.182E-24     1.000E+01
4.00E-01     2.508E-22     1.000E+01
4.50E-01     5.617E-21     1.000E+01
5.00E-01     1.258E-19     1.000E+01
6.00E-01     1.435E-17     1.000E+01
7.00E-01     6.225E-16     1.000E+01
8.00E-01     1.381E-14     1.000E+01
9.00E-01     1.881E-13     1.000E+01
1.00E+00     1.775E-12     1.000E+01
1.25E+00     9.170E-11     1.000E+01
1.50E+00     4.736E-09     1.000E+01
1.75E+00     5.649E-08     1.000E+01
2.00E+00     6.737E-07     1.000E+01
2.50E+00     2.270E-05     1.000E+01
3.00E+00     3.214E-04     1.000E+01
3.50E+00     2.526E-03     1.000E+01
4.00E+00     1.297E-02     1.000E+01
5.00E+00     1.423E-01     1.000E+01
6.00E+00     7.246E-01     1.000E+01
7.00E+00     2.259E+00     1.000E+01
8.00E+00     5.011E+00     1.000E+01
9.00E+00     8.665E+00     1.000E+01
1.00E+01     1.249E+01     1.000E+01
