5        n  s28    p  p28                  taly      1.20030E+01      
1.00E-03     1.145E+07     1.000E+01
2.00E-03     1.156E+07     1.000E+01
3.00E-03     1.167E+07     1.000E+01
4.00E-03     1.178E+07     1.000E+01
5.00E-03     1.188E+07     1.000E+01
6.00E-03     1.183E+07     1.000E+01
7.00E-03     1.178E+07     1.000E+01
8.00E-03     1.173E+07     1.000E+01
9.00E-03     1.167E+07     1.000E+01
1.00E-02     1.162E+07     1.000E+01
1.10E-02     1.164E+07     1.000E+01
1.20E-02     1.165E+07     1.000E+01
1.30E-02     1.167E+07     1.000E+01
1.40E-02     1.168E+07     1.000E+01
1.50E-02     1.170E+07     1.000E+01
1.60E-02     1.171E+07     1.000E+01
1.80E-02     1.174E+07     1.000E+01
2.00E-02     1.177E+07     1.000E+01
2.50E-02     1.185E+07     1.000E+01
3.00E-02     1.192E+07     1.000E+01
4.00E-02     1.208E+07     1.000E+01
5.00E-02     1.223E+07     1.000E+01
6.00E-02     1.242E+07     1.000E+01
7.00E-02     1.261E+07     1.000E+01
8.00E-02     1.280E+07     1.000E+01
9.00E-02     1.300E+07     1.000E+01
1.00E-01     1.319E+07     1.000E+01
1.10E-01     1.339E+07     1.000E+01
1.20E-01     1.358E+07     1.000E+01
1.30E-01     1.378E+07     1.000E+01
1.40E-01     1.399E+07     1.000E+01
1.50E-01     1.419E+07     1.000E+01
1.60E-01     1.439E+07     1.000E+01
1.80E-01     1.480E+07     1.000E+01
2.00E-01     1.521E+07     1.000E+01
2.50E-01     1.622E+07     1.000E+01
3.00E-01     1.716E+07     1.000E+01
3.50E-01     1.799E+07     1.000E+01
4.00E-01     1.886E+07     1.000E+01
4.50E-01     1.958E+07     1.000E+01
5.00E-01     2.033E+07     1.000E+01
6.00E-01     2.165E+07     1.000E+01
7.00E-01     2.284E+07     1.000E+01
8.00E-01     2.392E+07     1.000E+01
9.00E-01     2.491E+07     1.000E+01
1.00E+00     2.581E+07     1.000E+01
1.25E+00     2.750E+07     1.000E+01
1.50E+00     2.931E+07     1.000E+01
1.75E+00     3.040E+07     1.000E+01
2.00E+00     3.153E+07     1.000E+01
2.50E+00     3.281E+07     1.000E+01
3.00E+00     3.328E+07     1.000E+01
3.50E+00     3.299E+07     1.000E+01
4.00E+00     3.204E+07     1.000E+01
5.00E+00     2.878E+07     1.000E+01
6.00E+00     2.469E+07     1.000E+01
7.00E+00     2.041E+07     1.000E+01
8.00E+00     1.618E+07     1.000E+01
9.00E+00     1.227E+07     1.000E+01
1.00E+01     8.978E+06     1.000E+01
