5        n  s28  he4 si25                  taly      5.89200E+00      
1.00E-03     1.972E+06     1.000E+01
2.00E-03     1.988E+06     1.000E+01
3.00E-03     2.005E+06     1.000E+01
4.00E-03     2.021E+06     1.000E+01
5.00E-03     2.037E+06     1.000E+01
6.00E-03     2.026E+06     1.000E+01
7.00E-03     2.015E+06     1.000E+01
8.00E-03     2.004E+06     1.000E+01
9.00E-03     1.992E+06     1.000E+01
1.00E-02     1.981E+06     1.000E+01
1.10E-02     1.982E+06     1.000E+01
1.20E-02     1.982E+06     1.000E+01
1.30E-02     1.983E+06     1.000E+01
1.40E-02     1.983E+06     1.000E+01
1.50E-02     1.984E+06     1.000E+01
1.60E-02     1.984E+06     1.000E+01
1.80E-02     1.985E+06     1.000E+01
2.00E-02     1.986E+06     1.000E+01
2.50E-02     1.989E+06     1.000E+01
3.00E-02     1.991E+06     1.000E+01
4.00E-02     1.996E+06     1.000E+01
5.00E-02     2.001E+06     1.000E+01
6.00E-02     2.014E+06     1.000E+01
7.00E-02     2.027E+06     1.000E+01
8.00E-02     2.040E+06     1.000E+01
9.00E-02     2.053E+06     1.000E+01
1.00E-01     2.066E+06     1.000E+01
1.10E-01     2.081E+06     1.000E+01
1.20E-01     2.096E+06     1.000E+01
1.30E-01     2.111E+06     1.000E+01
1.40E-01     2.126E+06     1.000E+01
1.50E-01     2.141E+06     1.000E+01
1.60E-01     2.158E+06     1.000E+01
1.80E-01     2.191E+06     1.000E+01
2.00E-01     2.224E+06     1.000E+01
2.50E-01     2.308E+06     1.000E+01
3.00E-01     2.389E+06     1.000E+01
3.50E-01     2.461E+06     1.000E+01
4.00E-01     2.535E+06     1.000E+01
4.50E-01     2.599E+06     1.000E+01
5.00E-01     2.664E+06     1.000E+01
6.00E-01     2.783E+06     1.000E+01
7.00E-01     2.893E+06     1.000E+01
8.00E-01     2.997E+06     1.000E+01
9.00E-01     3.095E+06     1.000E+01
1.00E+00     3.188E+06     1.000E+01
1.25E+00     3.379E+06     1.000E+01
1.50E+00     3.582E+06     1.000E+01
1.75E+00     3.729E+06     1.000E+01
2.00E+00     3.882E+06     1.000E+01
2.50E+00     4.110E+06     1.000E+01
3.00E+00     4.278E+06     1.000E+01
3.50E+00     4.396E+06     1.000E+01
4.00E+00     4.474E+06     1.000E+01
5.00E+00     4.550E+06     1.000E+01
6.00E+00     4.567E+06     1.000E+01
7.00E+00     4.515E+06     1.000E+01
8.00E+00     4.329E+06     1.000E+01
9.00E+00     3.973E+06     1.000E+01
1.00E+01     3.487E+06     1.000E+01
