5        n  s30    p  p30                  taly      6.92400E+00      
1.00E-03     3.195E+08     1.000E+01
2.00E-03     3.222E+08     1.000E+01
3.00E-03     3.249E+08     1.000E+01
4.00E-03     3.276E+08     1.000E+01
5.00E-03     3.303E+08     1.000E+01
6.00E-03     3.287E+08     1.000E+01
7.00E-03     3.271E+08     1.000E+01
8.00E-03     3.254E+08     1.000E+01
9.00E-03     3.238E+08     1.000E+01
1.00E-02     3.222E+08     1.000E+01
1.10E-02     3.226E+08     1.000E+01
1.20E-02     3.229E+08     1.000E+01
1.30E-02     3.233E+08     1.000E+01
1.40E-02     3.237E+08     1.000E+01
1.50E-02     3.240E+08     1.000E+01
1.60E-02     3.244E+08     1.000E+01
1.80E-02     3.251E+08     1.000E+01
2.00E-02     3.258E+08     1.000E+01
2.50E-02     3.276E+08     1.000E+01
3.00E-02     3.294E+08     1.000E+01
4.00E-02     3.330E+08     1.000E+01
5.00E-02     3.367E+08     1.000E+01
6.00E-02     3.417E+08     1.000E+01
7.00E-02     3.468E+08     1.000E+01
8.00E-02     3.520E+08     1.000E+01
9.00E-02     3.572E+08     1.000E+01
1.00E-01     3.625E+08     1.000E+01
1.10E-01     3.678E+08     1.000E+01
1.20E-01     3.733E+08     1.000E+01
1.30E-01     3.787E+08     1.000E+01
1.40E-01     3.843E+08     1.000E+01
1.50E-01     3.900E+08     1.000E+01
1.60E-01     3.955E+08     1.000E+01
1.80E-01     4.069E+08     1.000E+01
2.00E-01     4.186E+08     1.000E+01
2.50E-01     4.469E+08     1.000E+01
3.00E-01     4.739E+08     1.000E+01
3.50E-01     4.977E+08     1.000E+01
4.00E-01     5.228E+08     1.000E+01
4.50E-01     5.441E+08     1.000E+01
5.00E-01     5.662E+08     1.000E+01
6.00E-01     6.055E+08     1.000E+01
7.00E-01     6.416E+08     1.000E+01
8.00E-01     6.751E+08     1.000E+01
9.00E-01     7.062E+08     1.000E+01
1.00E+00     7.352E+08     1.000E+01
1.25E+00     7.927E+08     1.000E+01
1.50E+00     8.547E+08     1.000E+01
1.75E+00     8.974E+08     1.000E+01
2.00E+00     9.423E+08     1.000E+01
2.50E+00     1.008E+09     1.000E+01
3.00E+00     1.058E+09     1.000E+01
3.50E+00     1.095E+09     1.000E+01
4.00E+00     1.122E+09     1.000E+01
5.00E+00     1.150E+09     1.000E+01
6.00E+00     1.146E+09     1.000E+01
7.00E+00     1.107E+09     1.000E+01
8.00E+00     1.024E+09     1.000E+01
9.00E+00     8.806E+08     1.000E+01
1.00E+01     6.800E+08     1.000E+01
