4      he4  s32 ar36                       taly      6.64100E+00      
1.00E-03     0.000E+00     1.000E+00
2.00E-03     0.000E+00     1.000E+00
3.00E-03     0.000E+00     1.000E+00
4.00E-03     0.000E+00     1.000E+00
5.00E-03     0.000E+00     1.000E+00
6.00E-03     0.000E+00     1.000E+00
7.00E-03     0.000E+00     1.000E+00
8.00E-03     0.000E+00     1.000E+00
9.00E-03     0.000E+00     1.000E+00
1.00E-02     0.000E+00     1.000E+00
1.10E-02     0.000E+00     1.000E+00
1.20E-02     0.000E+00     1.000E+00
1.30E-02     0.000E+00     1.000E+00
1.40E-02     0.000E+00     1.000E+00
1.50E-02     0.000E+00     1.000E+00
1.60E-02     0.000E+00     1.000E+00
1.80E-02     0.000E+00     1.000E+00
2.00E-02     0.000E+00     1.000E+00
2.50E-02     0.000E+00     1.000E+00
3.00E-02     0.000E+00     1.000E+00
4.00E-02     0.000E+00     1.000E+00
5.00E-02     0.000E+00     1.000E+00
6.00E-02     6.734E-88     1.000E+01
7.00E-02     4.535E-76     1.000E+01
8.00E-02     3.054E-64     1.000E+01
9.00E-02     2.057E-52     1.000E+01
1.00E-01     1.385E-40     1.000E+01
1.10E-01     8.507E-39     1.000E+01
1.20E-01     5.225E-37     1.000E+01
1.30E-01     3.209E-35     1.000E+01
1.40E-01     1.971E-33     1.000E+01
1.50E-01     1.210E-31     1.000E+01
1.60E-01     1.177E-30     1.000E+01
1.80E-01     1.114E-28     1.000E+01
2.00E-01     1.054E-26     1.000E+01
2.50E-01     2.728E-23     1.000E+01
3.00E-01     1.064E-20     1.000E+01
3.50E-01     8.132E-19     1.000E+01
4.00E-01     6.217E-17     1.000E+01
4.50E-01     1.344E-15     1.000E+01
5.00E-01     2.904E-14     1.000E+01
6.00E-01     3.087E-12     1.000E+01
7.00E-01     1.255E-10     1.000E+01
8.00E-01     2.598E-09     1.000E+01
9.00E-01     3.244E-08     1.000E+01
1.00E+00     2.735E-07     1.000E+01
1.25E+00     9.009E-06     1.000E+01
1.50E+00     2.968E-04     1.000E+01
1.75E+00     1.976E-03     1.000E+01
2.00E+00     1.316E-02     1.000E+01
2.50E+00     1.377E-01     1.000E+01
3.00E+00     6.751E-01     1.000E+01
3.50E+00     2.130E+00     1.000E+01
4.00E+00     5.098E+00     1.000E+01
5.00E+00     1.791E+01     1.000E+01
6.00E+00     4.394E+01     1.000E+01
7.00E+00     8.967E+01     1.000E+01
8.00E+00     1.636E+02     1.000E+01
9.00E+00     2.710E+02     1.000E+01
1.00E+01     4.014E+02     1.000E+01
