4        p  s32 cl33                       mc10      2.27670E+00      
1.00E-03     0.000E+00     1.000E+00
2.00E-03     0.000E+00     1.000E+00
3.00E-03     0.000E+00     1.000E+00
4.00E-03     0.000E+00     1.000E+00
5.00E-03     0.000E+00     1.000E+00
6.00E-03     0.000E+00     1.000E+00
7.00E-03     0.000E+00     1.000E+00
8.00E-03     0.000E+00     1.000E+00
9.00E-03     0.000E+00     1.000E+00
1.00E-02     4.786E-44     1.466E+00
1.10E-02     2.216E-42     1.457E+00
1.20E-02     9.372E-41     1.366E+00
1.30E-02     7.723E-39     1.471E+00
1.40E-02     7.098E-37     1.542E+00
1.50E-02     3.985E-35     1.539E+00
1.60E-02     1.373E-33     1.527E+00
1.80E-02     4.959E-31     1.505E+00
2.00E-02     5.427E-29     1.491E+00
2.50E-02     2.424E-25     1.475E+00
3.00E-02     6.248E-23     1.471E+00
4.00E-02     5.894E-20     1.474E+00
5.00E-02     3.329E-18     1.480E+00
6.00E-02     4.672E-17     1.486E+00
7.00E-02     2.975E-16     1.489E+00
8.00E-02     1.167E-15     1.489E+00
9.00E-02     3.374E-15     1.476E+00
1.00E-01     8.222E-15     1.442E+00
1.10E-01     1.914E-14     1.378E+00
1.20E-01     4.782E-14     1.327E+00
1.30E-01     1.427E-13     1.300E+00
1.40E-01     5.627E-13     1.247E+00
1.50E-01     2.853E-12     1.206E+00
1.60E-01     1.514E-11     1.202E+00
1.80E-01     3.278E-10     1.194E+00
2.00E-01     4.699E-09     1.162E+00
2.50E-01     9.968E-07     1.111E+00
3.00E-01     4.941E-05     1.118E+00
3.50E-01     8.506E-04     1.124E+00
4.00E-01     7.164E-03     1.127E+00
4.50E-01     3.709E-02     1.129E+00
5.00E-01     1.362E-01     1.130E+00
6.00E-01     9.277E-01     1.131E+00
7.00E-01     3.527E+00     1.132E+00
8.00E-01     9.353E+00     1.132E+00
9.00E-01     1.957E+01     1.133E+00
1.00E+00     3.474E+01     1.133E+00
1.25E+00     9.283E+01     1.133E+00
1.50E+00     1.700E+02     1.134E+00
1.75E+00     2.530E+02     1.134E+00
2.00E+00     3.322E+02     1.134E+00
2.50E+00     4.638E+02     1.133E+00
3.00E+00     5.584E+02     1.130E+00
3.50E+00     6.261E+02     1.126E+00
4.00E+00     6.778E+02     1.120E+00
5.00E+00     7.579E+02     1.107E+00
6.00E+00     8.242E+02     1.095E+00
7.00E+00     8.833E+02     1.085E+00
8.00E+00     9.358E+02     1.078E+00
9.00E+00     1.041E+03     1.075E+00
1.00E+01     1.251E+03     1.075E+00
