5        n  s33  he4 si30                  taly      3.49300E+00      
1.00E-03     3.809E+07     1.000E+01
2.00E-03     3.432E+07     1.000E+01
3.00E-03     3.092E+07     1.000E+01
4.00E-03     2.786E+07     1.000E+01
5.00E-03     2.510E+07     1.000E+01
6.00E-03     2.417E+07     1.000E+01
7.00E-03     2.328E+07     1.000E+01
8.00E-03     2.242E+07     1.000E+01
9.00E-03     2.160E+07     1.000E+01
1.00E-02     2.080E+07     1.000E+01
1.10E-02     2.067E+07     1.000E+01
1.20E-02     2.055E+07     1.000E+01
1.30E-02     2.043E+07     1.000E+01
1.40E-02     2.031E+07     1.000E+01
1.50E-02     2.019E+07     1.000E+01
1.60E-02     2.007E+07     1.000E+01
1.80E-02     1.983E+07     1.000E+01
2.00E-02     1.959E+07     1.000E+01
2.50E-02     1.902E+07     1.000E+01
3.00E-02     1.846E+07     1.000E+01
4.00E-02     1.739E+07     1.000E+01
5.00E-02     1.638E+07     1.000E+01
6.00E-02     1.634E+07     1.000E+01
7.00E-02     1.630E+07     1.000E+01
8.00E-02     1.626E+07     1.000E+01
9.00E-02     1.623E+07     1.000E+01
1.00E-01     1.619E+07     1.000E+01
1.10E-01     1.622E+07     1.000E+01
1.20E-01     1.625E+07     1.000E+01
1.30E-01     1.628E+07     1.000E+01
1.40E-01     1.631E+07     1.000E+01
1.50E-01     1.634E+07     1.000E+01
1.60E-01     1.638E+07     1.000E+01
1.80E-01     1.647E+07     1.000E+01
2.00E-01     1.656E+07     1.000E+01
2.50E-01     1.678E+07     1.000E+01
3.00E-01     1.698E+07     1.000E+01
3.50E-01     1.714E+07     1.000E+01
4.00E-01     1.730E+07     1.000E+01
4.50E-01     1.743E+07     1.000E+01
5.00E-01     1.755E+07     1.000E+01
6.00E-01     1.780E+07     1.000E+01
7.00E-01     1.805E+07     1.000E+01
8.00E-01     1.833E+07     1.000E+01
9.00E-01     1.864E+07     1.000E+01
1.00E+00     1.897E+07     1.000E+01
1.25E+00     1.999E+07     1.000E+01
1.50E+00     2.107E+07     1.000E+01
1.75E+00     2.241E+07     1.000E+01
2.00E+00     2.382E+07     1.000E+01
2.50E+00     2.713E+07     1.000E+01
3.00E+00     3.090E+07     1.000E+01
3.50E+00     3.511E+07     1.000E+01
4.00E+00     3.977E+07     1.000E+01
5.00E+00     5.049E+07     1.000E+01
6.00E+00     6.301E+07     1.000E+01
7.00E+00     7.638E+07     1.000E+01
8.00E+00     8.815E+07     1.000E+01
9.00E+00     9.511E+07     1.000E+01
1.00E+01     9.552E+07     1.000E+01
