4        p  s31 cl32                       mc10      1.57400E+00      
1.00E-03     0.000E+00     1.000E+00
2.00E-03     0.000E+00     1.000E+00
3.00E-03     0.000E+00     1.000E+00
4.00E-03     0.000E+00     1.000E+00
5.00E-03     0.000E+00     1.000E+00
6.00E-03     0.000E+00     1.000E+00
7.00E-03     0.000E+00     1.000E+00
8.00E-03     0.000E+00     1.000E+00
9.00E-03     0.000E+00     1.000E+00
1.00E-02     3.480E-44     1.475E+00
1.10E-02     1.572E-42     1.470E+00
1.20E-02     4.664E-41     1.463E+00
1.30E-02     9.521E-40     1.466E+00
1.40E-02     1.443E-38     1.477E+00
1.50E-02     1.735E-37     1.476E+00
1.60E-02     1.699E-36     1.469E+00
1.80E-02     9.126E-35     1.462E+00
2.00E-02     2.893E-33     1.470E+00
2.50E-02     2.946E-30     1.472E+00
3.00E-02     5.836E-28     1.469E+00
4.00E-02     1.175E-23     2.770E+00
5.00E-02     7.183E-20     2.303E+00
6.00E-02     2.445E-17     1.843E+00
7.00E-02     1.514E-15     1.610E+00
8.00E-02     3.241E-14     1.502E+00
9.00E-02     3.448E-13     1.466E+00
1.00E-01     2.259E-12     1.471E+00
1.10E-01     1.038E-11     1.498E+00
1.20E-01     3.669E-11     1.535E+00
1.30E-01     1.063E-10     1.575E+00
1.40E-01     2.613E-10     1.616E+00
1.50E-01     5.647E-10     1.655E+00
1.60E-01     1.101E-09     1.693E+00
1.80E-01     3.311E-09     1.760E+00
2.00E-01     7.865E-09     1.811E+00
2.50E-01     4.929E-08     1.606E+00
3.00E-01     9.095E-07     1.338E+00
3.50E-01     1.591E-05     1.353E+00
4.00E-01     1.478E-04     1.357E+00
4.50E-01     8.436E-04     1.363E+00
5.00E-01     3.401E-03     1.370E+00
6.00E-01     2.723E-02     1.382E+00
7.00E-01     1.182E-01     1.390E+00
8.00E-01     3.502E-01     1.395E+00
9.00E-01     8.051E-01     1.396E+00
1.00E+00     1.556E+00     1.395E+00
1.25E+00     4.988E+00     1.383E+00
1.50E+00     1.074E+01     1.365E+00
1.75E+00     1.852E+01     1.346E+00
2.00E+00     2.788E+01     1.332E+00
2.50E+00     4.924E+01     1.316E+00
3.00E+00     7.083E+01     1.312E+00
3.50E+00     9.039E+01     1.312E+00
4.00E+00     1.064E+02     1.315E+00
5.00E+00     1.284E+02     1.320E+00
6.00E+00     1.405E+02     1.324E+00
7.00E+00     1.464E+02     1.327E+00
8.00E+00     1.481E+02     1.330E+00
9.00E+00     1.469E+02     1.331E+00
1.00E+01     1.438E+02     1.333E+00
