4        p sc44 ti45                       taly      8.48200E+00      
1.00E-03     0.000E+00     1.000E+00
2.00E-03     0.000E+00     1.000E+00
3.00E-03     0.000E+00     1.000E+00
4.00E-03     0.000E+00     1.000E+00
5.00E-03     0.000E+00     1.000E+00
6.00E-03     0.000E+00     1.000E+00
7.00E-03     0.000E+00     1.000E+00
8.00E-03     0.000E+00     1.000E+00
9.00E-03     0.000E+00     1.000E+00
1.00E-02     0.000E+00     1.000E+00
1.10E-02     8.678E-98     1.000E+01
1.20E-02     7.531E-96     1.000E+01
1.30E-02     6.535E-94     1.000E+01
1.40E-02     5.671E-92     1.000E+01
1.50E-02     4.922E-90     1.000E+01
1.60E-02     4.271E-88     1.000E+01
1.80E-02     3.216E-84     1.000E+01
2.00E-02     2.422E-80     1.000E+01
2.50E-02     1.192E-70     1.000E+01
3.00E-02     5.868E-61     1.000E+01
4.00E-02     1.421E-41     1.000E+01
5.00E-02     3.443E-22     1.000E+01
6.00E-02     1.151E-20     1.000E+01
7.00E-02     3.845E-19     1.000E+01
8.00E-02     1.285E-17     1.000E+01
9.00E-02     4.295E-16     1.000E+01
1.00E-01     1.435E-14     1.000E+01
1.10E-01     7.812E-14     1.000E+01
1.20E-01     4.252E-13     1.000E+01
1.30E-01     2.314E-12     1.000E+01
1.40E-01     1.259E-11     1.000E+01
1.50E-01     6.854E-11     1.000E+01
1.60E-01     1.994E-10     1.000E+01
1.80E-01     1.688E-09     1.000E+01
2.00E-01     1.429E-08     1.000E+01
2.50E-01     6.344E-07     1.000E+01
3.00E-01     1.129E-05     1.000E+01
3.50E-01     9.061E-05     1.000E+01
4.00E-01     7.270E-04     1.000E+01
4.50E-01     3.147E-03     1.000E+01
5.00E-01     1.362E-02     1.000E+01
6.00E-01     1.231E-01     1.000E+01
7.00E-01     6.852E-01     1.000E+01
8.00E-01     2.703E+00     1.000E+01
9.00E-01     8.261E+00     1.000E+01
1.00E+00     2.079E+01     1.000E+01
1.25E+00     8.886E+01     1.000E+01
1.50E+00     3.798E+02     1.000E+01
1.75E+00     8.079E+02     1.000E+01
2.00E+00     1.719E+03     1.000E+01
2.50E+00     4.190E+03     1.000E+01
3.00E+00     7.075E+03     1.000E+01
3.50E+00     9.228E+03     1.000E+01
4.00E+00     1.008E+04     1.000E+01
5.00E+00     9.218E+03     1.000E+01
6.00E+00     7.589E+03     1.000E+01
7.00E+00     6.279E+03     1.000E+01
8.00E+00     5.342E+03     1.000E+01
9.00E+00     4.675E+03     1.000E+01
1.00E+01     4.183E+03     1.000E+01
