5        n sc39    p ca39                  taly      1.38920E+01      
1.00E-03     1.418E+08     1.000E+01
2.00E-03     1.426E+08     1.000E+01
3.00E-03     1.433E+08     1.000E+01
4.00E-03     1.441E+08     1.000E+01
5.00E-03     1.448E+08     1.000E+01
6.00E-03     1.438E+08     1.000E+01
7.00E-03     1.427E+08     1.000E+01
8.00E-03     1.416E+08     1.000E+01
9.00E-03     1.406E+08     1.000E+01
1.00E-02     1.395E+08     1.000E+01
1.10E-02     1.394E+08     1.000E+01
1.20E-02     1.392E+08     1.000E+01
1.30E-02     1.391E+08     1.000E+01
1.40E-02     1.389E+08     1.000E+01
1.50E-02     1.387E+08     1.000E+01
1.60E-02     1.386E+08     1.000E+01
1.80E-02     1.383E+08     1.000E+01
2.00E-02     1.380E+08     1.000E+01
2.50E-02     1.372E+08     1.000E+01
3.00E-02     1.364E+08     1.000E+01
4.00E-02     1.348E+08     1.000E+01
5.00E-02     1.333E+08     1.000E+01
6.00E-02     1.328E+08     1.000E+01
7.00E-02     1.322E+08     1.000E+01
8.00E-02     1.317E+08     1.000E+01
9.00E-02     1.311E+08     1.000E+01
1.00E-01     1.306E+08     1.000E+01
1.10E-01     1.303E+08     1.000E+01
1.20E-01     1.300E+08     1.000E+01
1.30E-01     1.297E+08     1.000E+01
1.40E-01     1.294E+08     1.000E+01
1.50E-01     1.292E+08     1.000E+01
1.60E-01     1.290E+08     1.000E+01
1.80E-01     1.288E+08     1.000E+01
2.00E-01     1.286E+08     1.000E+01
2.50E-01     1.284E+08     1.000E+01
3.00E-01     1.283E+08     1.000E+01
3.50E-01     1.282E+08     1.000E+01
4.00E-01     1.280E+08     1.000E+01
4.50E-01     1.278E+08     1.000E+01
5.00E-01     1.276E+08     1.000E+01
6.00E-01     1.272E+08     1.000E+01
7.00E-01     1.269E+08     1.000E+01
8.00E-01     1.266E+08     1.000E+01
9.00E-01     1.263E+08     1.000E+01
1.00E+00     1.261E+08     1.000E+01
1.25E+00     1.259E+08     1.000E+01
1.50E+00     1.256E+08     1.000E+01
1.75E+00     1.255E+08     1.000E+01
2.00E+00     1.255E+08     1.000E+01
2.50E+00     1.253E+08     1.000E+01
3.00E+00     1.250E+08     1.000E+01
3.50E+00     1.245E+08     1.000E+01
4.00E+00     1.240E+08     1.000E+01
5.00E+00     1.225E+08     1.000E+01
6.00E+00     1.207E+08     1.000E+01
7.00E+00     1.186E+08     1.000E+01
8.00E+00     1.159E+08     1.000E+01
9.00E+00     1.109E+08     1.000E+01
1.00E+01     9.965E+07     1.000E+01
