4        p sc41 ti42                       taly      3.75200E+00      
1.00E-03     0.000E+00     1.000E+00
2.00E-03     0.000E+00     1.000E+00
3.00E-03     0.000E+00     1.000E+00
4.00E-03     0.000E+00     1.000E+00
5.00E-03     0.000E+00     1.000E+00
6.00E-03     0.000E+00     1.000E+00
7.00E-03     0.000E+00     1.000E+00
8.00E-03     0.000E+00     1.000E+00
9.00E-03     0.000E+00     1.000E+00
1.00E-02     0.000E+00     1.000E+00
1.10E-02     8.618E-98     1.000E+01
1.20E-02     7.427E-96     1.000E+01
1.30E-02     6.400E-94     1.000E+01
1.40E-02     5.516E-92     1.000E+01
1.50E-02     4.754E-90     1.000E+01
1.60E-02     4.097E-88     1.000E+01
1.80E-02     3.042E-84     1.000E+01
2.00E-02     2.260E-80     1.000E+01
2.50E-02     1.074E-70     1.000E+01
3.00E-02     5.106E-61     1.000E+01
4.00E-02     1.154E-41     1.000E+01
5.00E-02     2.607E-22     1.000E+01
6.00E-02     8.743E-21     1.000E+01
7.00E-02     2.933E-19     1.000E+01
8.00E-02     9.836E-18     1.000E+01
9.00E-02     3.299E-16     1.000E+01
1.00E-01     1.107E-14     1.000E+01
1.10E-01     6.043E-14     1.000E+01
1.20E-01     3.300E-13     1.000E+01
1.30E-01     1.803E-12     1.000E+01
1.40E-01     9.845E-12     1.000E+01
1.50E-01     5.377E-11     1.000E+01
1.60E-01     1.557E-10     1.000E+01
1.80E-01     1.305E-09     1.000E+01
2.00E-01     1.094E-08     1.000E+01
2.50E-01     4.441E-07     1.000E+01
3.00E-01     6.820E-06     1.000E+01
3.50E-01     4.442E-05     1.000E+01
4.00E-01     2.893E-04     1.000E+01
4.50E-01     9.829E-04     1.000E+01
5.00E-01     3.339E-03     1.000E+01
6.00E-01     1.871E-02     1.000E+01
7.00E-01     6.750E-02     1.000E+01
8.00E-01     1.827E-01     1.000E+01
9.00E-01     4.056E-01     1.000E+01
1.00E+00     7.814E-01     1.000E+01
1.25E+00     2.240E+00     1.000E+01
1.50E+00     6.422E+00     1.000E+01
1.75E+00     1.164E+01     1.000E+01
2.00E+00     2.110E+01     1.000E+01
2.50E+00     4.683E+01     1.000E+01
3.00E+00     8.431E+01     1.000E+01
3.50E+00     1.338E+02     1.000E+01
4.00E+00     1.957E+02     1.000E+01
5.00E+00     3.586E+02     1.000E+01
6.00E+00     5.739E+02     1.000E+01
7.00E+00     8.167E+02     1.000E+01
8.00E+00     1.011E+03     1.000E+01
9.00E+00     1.073E+03     1.000E+01
1.00E+01     1.008E+03     1.000E+01
