4      he4 sc42  v46                       taly      7.37900E+00      
1.00E-03     0.000E+00     1.000E+00
2.00E-03     0.000E+00     1.000E+00
3.00E-03     0.000E+00     1.000E+00
4.00E-03     0.000E+00     1.000E+00
5.00E-03     0.000E+00     1.000E+00
6.00E-03     0.000E+00     1.000E+00
7.00E-03     0.000E+00     1.000E+00
8.00E-03     0.000E+00     1.000E+00
9.00E-03     0.000E+00     1.000E+00
1.00E-02     0.000E+00     1.000E+00
1.10E-02     0.000E+00     1.000E+00
1.20E-02     0.000E+00     1.000E+00
1.30E-02     0.000E+00     1.000E+00
1.40E-02     0.000E+00     1.000E+00
1.50E-02     0.000E+00     1.000E+00
1.60E-02     0.000E+00     1.000E+00
1.80E-02     0.000E+00     1.000E+00
2.00E-02     0.000E+00     1.000E+00
2.50E-02     0.000E+00     1.000E+00
3.00E-02     0.000E+00     1.000E+00
4.00E-02     0.000E+00     1.000E+00
5.00E-02     0.000E+00     1.000E+00
6.00E-02     0.000E+00     1.000E+00
7.00E-02     0.000E+00     1.000E+00
8.00E-02     0.000E+00     1.000E+00
9.00E-02     0.000E+00     1.000E+00
1.00E-01     0.000E+00     1.000E+00
1.10E-01     7.411E-89     1.000E+01
1.20E-01     5.493E-78     1.000E+01
1.30E-01     4.071E-67     1.000E+01
1.40E-01     3.017E-56     1.000E+01
1.50E-01     2.236E-45     1.000E+01
1.60E-01     5.173E-44     1.000E+01
1.80E-01     2.768E-41     1.000E+01
2.00E-01     1.482E-38     1.000E+01
2.50E-01     3.050E-34     1.000E+01
3.00E-01     4.137E-31     1.000E+01
3.50E-01     7.177E-29     1.000E+01
4.00E-01     1.245E-26     1.000E+01
4.50E-01     4.617E-25     1.000E+01
5.00E-01     1.712E-23     1.000E+01
6.00E-01     3.937E-21     1.000E+01
7.00E-01     3.046E-19     1.000E+01
8.00E-01     1.150E-17     1.000E+01
9.00E-01     2.579E-16     1.000E+01
1.00E+00     3.877E-15     1.000E+01
1.25E+00     5.072E-13     1.000E+01
1.50E+00     6.635E-11     1.000E+01
1.75E+00     1.421E-09     1.000E+01
2.00E+00     3.043E-08     1.000E+01
2.50E+00     2.049E-06     1.000E+01
3.00E+00     4.399E-05     1.000E+01
3.50E+00     4.519E-04     1.000E+01
4.00E+00     2.796E-03     1.000E+01
5.00E+00     3.871E-02     1.000E+01
6.00E+00     2.206E-01     1.000E+01
7.00E+00     7.238E-01     1.000E+01
8.00E+00     1.673E+00     1.000E+01
9.00E+00     3.077E+00     1.000E+01
1.00E+01     4.837E+00     1.000E+01
