5      he4 sc43    p ti46                  taly      3.07500E+00      
1.00E-03     0.000E+00     1.000E+00
2.00E-03     0.000E+00     1.000E+00
3.00E-03     0.000E+00     1.000E+00
4.00E-03     0.000E+00     1.000E+00
5.00E-03     0.000E+00     1.000E+00
6.00E-03     0.000E+00     1.000E+00
7.00E-03     0.000E+00     1.000E+00
8.00E-03     0.000E+00     1.000E+00
9.00E-03     0.000E+00     1.000E+00
1.00E-02     0.000E+00     1.000E+00
1.10E-02     0.000E+00     1.000E+00
1.20E-02     0.000E+00     1.000E+00
1.30E-02     0.000E+00     1.000E+00
1.40E-02     0.000E+00     1.000E+00
1.50E-02     0.000E+00     1.000E+00
1.60E-02     0.000E+00     1.000E+00
1.80E-02     0.000E+00     1.000E+00
2.00E-02     0.000E+00     1.000E+00
2.50E-02     0.000E+00     1.000E+00
3.00E-02     0.000E+00     1.000E+00
4.00E-02     0.000E+00     1.000E+00
5.00E-02     0.000E+00     1.000E+00
6.00E-02     0.000E+00     1.000E+00
7.00E-02     0.000E+00     1.000E+00
8.00E-02     0.000E+00     1.000E+00
9.00E-02     0.000E+00     1.000E+00
1.00E-01     0.000E+00     1.000E+00
1.10E-01     3.590E-88     1.000E+01
1.20E-01     1.289E-76     1.000E+01
1.30E-01     4.627E-65     1.000E+01
1.40E-01     1.661E-53     1.000E+01
1.50E-01     5.963E-42     1.000E+01
1.60E-01     1.400E-40     1.000E+01
1.80E-01     7.718E-38     1.000E+01
2.00E-01     4.255E-35     1.000E+01
2.50E-01     9.943E-31     1.000E+01
3.00E-01     1.576E-27     1.000E+01
3.50E-01     3.188E-25     1.000E+01
4.00E-01     6.451E-23     1.000E+01
4.50E-01     2.795E-21     1.000E+01
5.00E-01     1.211E-19     1.000E+01
6.00E-01     3.773E-17     1.000E+01
7.00E-01     3.665E-15     1.000E+01
8.00E-01     1.591E-13     1.000E+01
9.00E-01     3.851E-12     1.000E+01
1.00E+00     5.968E-11     1.000E+01
1.25E+00     7.164E-09     1.000E+01
1.50E+00     8.601E-07     1.000E+01
1.75E+00     1.646E-05     1.000E+01
2.00E+00     3.149E-04     1.000E+01
2.50E+00     1.921E-02     1.000E+01
3.00E+00     4.145E-01     1.000E+01
3.50E+00     4.543E+00     1.000E+01
4.00E+00     3.059E+01     1.000E+01
5.00E+00     4.799E+02     1.000E+01
6.00E+00     2.825E+03     1.000E+01
7.00E+00     9.361E+03     1.000E+01
8.00E+00     2.253E+04     1.000E+01
9.00E+00     4.479E+04     1.000E+01
1.00E+01     7.821E+04     1.000E+01
