5        p sc44  he4 ca41                  taly      2.18600E+00      
1.00E-03     0.000E+00     1.000E+00
2.00E-03     0.000E+00     1.000E+00
3.00E-03     0.000E+00     1.000E+00
4.00E-03     0.000E+00     1.000E+00
5.00E-03     0.000E+00     1.000E+00
6.00E-03     0.000E+00     1.000E+00
7.00E-03     0.000E+00     1.000E+00
8.00E-03     0.000E+00     1.000E+00
9.00E-03     0.000E+00     1.000E+00
1.00E-02     0.000E+00     1.000E+00
1.10E-02     6.749E-98     1.000E+01
1.20E-02     4.555E-96     1.000E+01
1.30E-02     3.075E-94     1.000E+01
1.40E-02     2.075E-92     1.000E+01
1.50E-02     1.401E-90     1.000E+01
1.60E-02     9.454E-89     1.000E+01
1.80E-02     4.306E-85     1.000E+01
2.00E-02     1.962E-81     1.000E+01
2.50E-02     2.748E-72     1.000E+01
3.00E-02     3.849E-63     1.000E+01
4.00E-02     7.550E-45     1.000E+01
5.00E-02     1.481E-26     1.000E+01
6.00E-02     5.567E-25     1.000E+01
7.00E-02     2.093E-23     1.000E+01
8.00E-02     7.865E-22     1.000E+01
9.00E-02     2.956E-20     1.000E+01
1.00E-01     1.111E-18     1.000E+01
1.10E-01     6.846E-18     1.000E+01
1.20E-01     4.218E-17     1.000E+01
1.30E-01     2.599E-16     1.000E+01
1.40E-01     1.601E-15     1.000E+01
1.50E-01     9.865E-15     1.000E+01
1.60E-01     3.153E-14     1.000E+01
1.80E-01     3.221E-13     1.000E+01
2.00E-01     3.291E-12     1.000E+01
2.50E-01     2.206E-10     1.000E+01
3.00E-01     5.802E-09     1.000E+01
3.50E-01     6.619E-08     1.000E+01
4.00E-01     7.550E-07     1.000E+01
4.50E-01     4.432E-06     1.000E+01
5.00E-01     2.601E-05     1.000E+01
6.00E-01     3.968E-04     1.000E+01
7.00E-01     3.460E-03     1.000E+01
8.00E-01     2.011E-02     1.000E+01
9.00E-01     8.640E-02     1.000E+01
1.00E+00     2.953E-01     1.000E+01
1.25E+00     2.311E+00     1.000E+01
1.50E+00     1.809E+01     1.000E+01
1.75E+00     6.056E+01     1.000E+01
2.00E+00     2.027E+02     1.000E+01
2.50E+00     1.042E+03     1.000E+01
3.00E+00     3.371E+03     1.000E+01
3.50E+00     7.870E+03     1.000E+01
4.00E+00     1.449E+04     1.000E+01
5.00E+00     3.195E+04     1.000E+01
6.00E+00     5.292E+04     1.000E+01
7.00E+00     7.720E+04     1.000E+01
8.00E+00     1.059E+05     1.000E+01
9.00E+00     1.410E+05     1.000E+01
1.00E+01     1.845E+05     1.000E+01
