5        n sc39  he4  k36                  taly      8.89000E+00      
1.00E-03     6.105E+06     1.000E+01
2.00E-03     6.138E+06     1.000E+01
3.00E-03     6.171E+06     1.000E+01
4.00E-03     6.203E+06     1.000E+01
5.00E-03     6.236E+06     1.000E+01
6.00E-03     6.191E+06     1.000E+01
7.00E-03     6.145E+06     1.000E+01
8.00E-03     6.100E+06     1.000E+01
9.00E-03     6.056E+06     1.000E+01
1.00E-02     6.011E+06     1.000E+01
1.10E-02     6.005E+06     1.000E+01
1.20E-02     5.998E+06     1.000E+01
1.30E-02     5.992E+06     1.000E+01
1.40E-02     5.986E+06     1.000E+01
1.50E-02     5.979E+06     1.000E+01
1.60E-02     5.973E+06     1.000E+01
1.80E-02     5.960E+06     1.000E+01
2.00E-02     5.948E+06     1.000E+01
2.50E-02     5.916E+06     1.000E+01
3.00E-02     5.884E+06     1.000E+01
4.00E-02     5.822E+06     1.000E+01
5.00E-02     5.760E+06     1.000E+01
6.00E-02     5.741E+06     1.000E+01
7.00E-02     5.722E+06     1.000E+01
8.00E-02     5.703E+06     1.000E+01
9.00E-02     5.683E+06     1.000E+01
1.00E-01     5.664E+06     1.000E+01
1.10E-01     5.656E+06     1.000E+01
1.20E-01     5.648E+06     1.000E+01
1.30E-01     5.640E+06     1.000E+01
1.40E-01     5.632E+06     1.000E+01
1.50E-01     5.624E+06     1.000E+01
1.60E-01     5.623E+06     1.000E+01
1.80E-01     5.621E+06     1.000E+01
2.00E-01     5.620E+06     1.000E+01
2.50E-01     5.633E+06     1.000E+01
3.00E-01     5.650E+06     1.000E+01
3.50E-01     5.665E+06     1.000E+01
4.00E-01     5.680E+06     1.000E+01
4.50E-01     5.692E+06     1.000E+01
5.00E-01     5.704E+06     1.000E+01
6.00E-01     5.726E+06     1.000E+01
7.00E-01     5.749E+06     1.000E+01
8.00E-01     5.776E+06     1.000E+01
9.00E-01     5.805E+06     1.000E+01
1.00E+00     5.836E+06     1.000E+01
1.25E+00     5.924E+06     1.000E+01
1.50E+00     6.012E+06     1.000E+01
1.75E+00     6.105E+06     1.000E+01
2.00E+00     6.200E+06     1.000E+01
2.50E+00     6.384E+06     1.000E+01
3.00E+00     6.556E+06     1.000E+01
3.50E+00     6.714E+06     1.000E+01
4.00E+00     6.857E+06     1.000E+01
5.00E+00     7.096E+06     1.000E+01
6.00E+00     7.274E+06     1.000E+01
7.00E+00     7.392E+06     1.000E+01
8.00E+00     7.433E+06     1.000E+01
9.00E+00     7.292E+06     1.000E+01
1.00E+01     6.704E+06     1.000E+01
