4        p sc39 ti40                       taly      1.96600E+00      
1.00E-03     0.000E+00     1.000E+00
2.00E-03     0.000E+00     1.000E+00
3.00E-03     0.000E+00     1.000E+00
4.00E-03     0.000E+00     1.000E+00
5.00E-03     0.000E+00     1.000E+00
6.00E-03     0.000E+00     1.000E+00
7.00E-03     0.000E+00     1.000E+00
8.00E-03     0.000E+00     1.000E+00
9.00E-03     0.000E+00     1.000E+00
1.00E-02     0.000E+00     1.000E+00
1.10E-02     8.516E-98     1.000E+01
1.20E-02     7.253E-96     1.000E+01
1.30E-02     6.177E-94     1.000E+01
1.40E-02     5.260E-92     1.000E+01
1.50E-02     4.480E-90     1.000E+01
1.60E-02     3.815E-88     1.000E+01
1.80E-02     2.767E-84     1.000E+01
2.00E-02     2.007E-80     1.000E+01
2.50E-02     8.991E-71     1.000E+01
3.00E-02     4.028E-61     1.000E+01
4.00E-02     8.084E-42     1.000E+01
5.00E-02     1.623E-22     1.000E+01
6.00E-02     5.452E-21     1.000E+01
7.00E-02     1.832E-19     1.000E+01
8.00E-02     6.157E-18     1.000E+01
9.00E-02     2.069E-16     1.000E+01
1.00E-01     6.952E-15     1.000E+01
1.10E-01     3.786E-14     1.000E+01
1.20E-01     2.062E-13     1.000E+01
1.30E-01     1.123E-12     1.000E+01
1.40E-01     6.117E-12     1.000E+01
1.50E-01     3.331E-11     1.000E+01
1.60E-01     9.511E-11     1.000E+01
1.80E-01     7.753E-10     1.000E+01
2.00E-01     6.320E-09     1.000E+01
2.50E-01     2.303E-07     1.000E+01
3.00E-01     3.181E-06     1.000E+01
3.50E-01     1.914E-05     1.000E+01
4.00E-01     1.152E-04     1.000E+01
4.50E-01     3.711E-04     1.000E+01
5.00E-01     1.196E-03     1.000E+01
6.00E-01     6.198E-03     1.000E+01
7.00E-01     2.101E-02     1.000E+01
8.00E-01     5.394E-02     1.000E+01
9.00E-01     1.145E-01     1.000E+01
1.00E+00     2.120E-01     1.000E+01
1.25E+00     5.644E-01     1.000E+01
1.50E+00     1.503E+00     1.000E+01
1.75E+00     2.585E+00     1.000E+01
2.00E+00     4.448E+00     1.000E+01
2.50E+00     9.111E+00     1.000E+01
3.00E+00     1.540E+01     1.000E+01
3.50E+00     2.328E+01     1.000E+01
4.00E+00     3.280E+01     1.000E+01
5.00E+00     5.756E+01     1.000E+01
6.00E+00     9.229E+01     1.000E+01
7.00E+00     1.412E+02     1.000E+01
8.00E+00     2.097E+02     1.000E+01
9.00E+00     3.013E+02     1.000E+01
1.00E+01     4.039E+02     1.000E+01
