4      he4 sc43  v47                       taly      8.24300E+00      
1.00E-03     0.000E+00     1.000E+00
2.00E-03     0.000E+00     1.000E+00
3.00E-03     0.000E+00     1.000E+00
4.00E-03     0.000E+00     1.000E+00
5.00E-03     0.000E+00     1.000E+00
6.00E-03     0.000E+00     1.000E+00
7.00E-03     0.000E+00     1.000E+00
8.00E-03     0.000E+00     1.000E+00
9.00E-03     0.000E+00     1.000E+00
1.00E-02     0.000E+00     1.000E+00
1.10E-02     0.000E+00     1.000E+00
1.20E-02     0.000E+00     1.000E+00
1.30E-02     0.000E+00     1.000E+00
1.40E-02     0.000E+00     1.000E+00
1.50E-02     0.000E+00     1.000E+00
1.60E-02     0.000E+00     1.000E+00
1.80E-02     0.000E+00     1.000E+00
2.00E-02     0.000E+00     1.000E+00
2.50E-02     0.000E+00     1.000E+00
3.00E-02     0.000E+00     1.000E+00
4.00E-02     0.000E+00     1.000E+00
5.00E-02     0.000E+00     1.000E+00
6.00E-02     0.000E+00     1.000E+00
7.00E-02     0.000E+00     1.000E+00
8.00E-02     0.000E+00     1.000E+00
9.00E-02     0.000E+00     1.000E+00
1.00E-01     0.000E+00     1.000E+00
1.10E-01     1.534E-88     1.000E+01
1.20E-01     2.352E-77     1.000E+01
1.30E-01     3.607E-66     1.000E+01
1.40E-01     5.532E-55     1.000E+01
1.50E-01     8.485E-44     1.000E+01
1.60E-01     2.017E-42     1.000E+01
1.80E-01     1.140E-39     1.000E+01
2.00E-01     6.441E-37     1.000E+01
2.50E-01     1.273E-32     1.000E+01
3.00E-01     1.448E-29     1.000E+01
3.50E-01     2.241E-27     1.000E+01
4.00E-01     3.470E-25     1.000E+01
4.50E-01     1.271E-23     1.000E+01
5.00E-01     4.655E-22     1.000E+01
6.00E-01     1.109E-19     1.000E+01
7.00E-01     8.578E-18     1.000E+01
8.00E-01     3.054E-16     1.000E+01
9.00E-01     6.202E-15     1.000E+01
1.00E+00     8.244E-14     1.000E+01
1.25E+00     7.469E-12     1.000E+01
1.50E+00     6.766E-10     1.000E+01
1.75E+00     1.054E-08     1.000E+01
2.00E+00     1.641E-07     1.000E+01
2.50E+00     7.163E-06     1.000E+01
3.00E+00     1.172E-04     1.000E+01
3.50E+00     1.022E-03     1.000E+01
4.00E+00     5.702E-03     1.000E+01
5.00E+00     6.732E-02     1.000E+01
6.00E+00     3.218E-01     1.000E+01
7.00E+00     9.003E-01     1.000E+01
8.00E+00     1.870E+00     1.000E+01
9.00E+00     3.254E+00     1.000E+01
1.00E+01     5.038E+00     1.000E+01
