4        p sc40 ti41                       taly      2.46400E+00      
1.00E-03     0.000E+00     1.000E+00
2.00E-03     0.000E+00     1.000E+00
3.00E-03     0.000E+00     1.000E+00
4.00E-03     0.000E+00     1.000E+00
5.00E-03     0.000E+00     1.000E+00
6.00E-03     0.000E+00     1.000E+00
7.00E-03     0.000E+00     1.000E+00
8.00E-03     0.000E+00     1.000E+00
9.00E-03     0.000E+00     1.000E+00
1.00E-02     0.000E+00     1.000E+00
1.10E-02     8.569E-98     1.000E+01
1.20E-02     7.343E-96     1.000E+01
1.30E-02     6.292E-94     1.000E+01
1.40E-02     5.392E-92     1.000E+01
1.50E-02     4.620E-90     1.000E+01
1.60E-02     3.959E-88     1.000E+01
1.80E-02     2.907E-84     1.000E+01
2.00E-02     2.135E-80     1.000E+01
2.50E-02     9.862E-71     1.000E+01
3.00E-02     4.556E-61     1.000E+01
4.00E-02     9.726E-42     1.000E+01
5.00E-02     2.076E-22     1.000E+01
6.00E-02     6.942E-21     1.000E+01
7.00E-02     2.321E-19     1.000E+01
8.00E-02     7.762E-18     1.000E+01
9.00E-02     2.595E-16     1.000E+01
1.00E-01     8.679E-15     1.000E+01
1.10E-01     4.761E-14     1.000E+01
1.20E-01     2.612E-13     1.000E+01
1.30E-01     1.433E-12     1.000E+01
1.40E-01     7.859E-12     1.000E+01
1.50E-01     4.311E-11     1.000E+01
1.60E-01     1.274E-10     1.000E+01
1.80E-01     1.113E-09     1.000E+01
2.00E-01     9.729E-09     1.000E+01
2.50E-01     4.183E-07     1.000E+01
3.00E-01     6.499E-06     1.000E+01
3.50E-01     4.203E-05     1.000E+01
4.00E-01     2.718E-04     1.000E+01
4.50E-01     9.120E-04     1.000E+01
5.00E-01     3.060E-03     1.000E+01
6.00E-01     1.665E-02     1.000E+01
7.00E-01     5.816E-02     1.000E+01
8.00E-01     1.521E-01     1.000E+01
9.00E-01     3.262E-01     1.000E+01
1.00E+00     6.066E-01     1.000E+01
1.25E+00     1.593E+00     1.000E+01
1.50E+00     4.182E+00     1.000E+01
1.75E+00     6.982E+00     1.000E+01
2.00E+00     1.166E+01     1.000E+01
2.50E+00     2.235E+01     1.000E+01
3.00E+00     3.542E+01     1.000E+01
3.50E+00     5.036E+01     1.000E+01
4.00E+00     6.699E+01     1.000E+01
5.00E+00     1.056E+02     1.000E+01
6.00E+00     1.511E+02     1.000E+01
7.00E+00     1.967E+02     1.000E+01
8.00E+00     2.251E+02     1.000E+01
9.00E+00     2.234E+02     1.000E+01
1.00E+01     1.998E+02     1.000E+01
