5        n sc42    p ca42                  taly      7.20800E+00      
1.00E-03     1.051E+09     1.000E+01
2.00E-03     1.052E+09     1.000E+01
3.00E-03     1.053E+09     1.000E+01
4.00E-03     1.054E+09     1.000E+01
5.00E-03     1.055E+09     1.000E+01
6.00E-03     1.045E+09     1.000E+01
7.00E-03     1.035E+09     1.000E+01
8.00E-03     1.025E+09     1.000E+01
9.00E-03     1.015E+09     1.000E+01
1.00E-02     1.006E+09     1.000E+01
1.10E-02     1.003E+09     1.000E+01
1.20E-02     1.001E+09     1.000E+01
1.30E-02     9.988E+08     1.000E+01
1.40E-02     9.965E+08     1.000E+01
1.50E-02     9.943E+08     1.000E+01
1.60E-02     9.920E+08     1.000E+01
1.80E-02     9.876E+08     1.000E+01
2.00E-02     9.831E+08     1.000E+01
2.50E-02     9.721E+08     1.000E+01
3.00E-02     9.612E+08     1.000E+01
4.00E-02     9.398E+08     1.000E+01
5.00E-02     9.188E+08     1.000E+01
6.00E-02     9.100E+08     1.000E+01
7.00E-02     9.013E+08     1.000E+01
8.00E-02     8.926E+08     1.000E+01
9.00E-02     8.841E+08     1.000E+01
1.00E-01     8.756E+08     1.000E+01
1.10E-01     8.704E+08     1.000E+01
1.20E-01     8.652E+08     1.000E+01
1.30E-01     8.600E+08     1.000E+01
1.40E-01     8.549E+08     1.000E+01
1.50E-01     8.498E+08     1.000E+01
1.60E-01     8.466E+08     1.000E+01
1.80E-01     8.401E+08     1.000E+01
2.00E-01     8.337E+08     1.000E+01
2.50E-01     8.229E+08     1.000E+01
3.00E-01     8.146E+08     1.000E+01
3.50E-01     8.081E+08     1.000E+01
4.00E-01     8.015E+08     1.000E+01
4.50E-01     7.963E+08     1.000E+01
5.00E-01     7.912E+08     1.000E+01
6.00E-01     7.830E+08     1.000E+01
7.00E-01     7.768E+08     1.000E+01
8.00E-01     7.724E+08     1.000E+01
9.00E-01     7.694E+08     1.000E+01
1.00E+00     7.679E+08     1.000E+01
1.25E+00     7.727E+08     1.000E+01
1.50E+00     7.776E+08     1.000E+01
1.75E+00     7.911E+08     1.000E+01
2.00E+00     8.048E+08     1.000E+01
2.50E+00     8.349E+08     1.000E+01
3.00E+00     8.624E+08     1.000E+01
3.50E+00     8.829E+08     1.000E+01
4.00E+00     8.898E+08     1.000E+01
5.00E+00     8.395E+08     1.000E+01
6.00E+00     7.108E+08     1.000E+01
7.00E+00     5.567E+08     1.000E+01
8.00E+00     4.207E+08     1.000E+01
9.00E+00     3.155E+08     1.000E+01
1.00E+01     2.381E+08     1.000E+01
