4        n se67 se68                       taly      1.56800E+01      
1.00E-03     4.922E+04     1.000E+01
2.00E-03     4.955E+04     1.000E+01
3.00E-03     4.988E+04     1.000E+01
4.00E-03     5.021E+04     1.000E+01
5.00E-03     5.054E+04     1.000E+01
6.00E-03     5.021E+04     1.000E+01
7.00E-03     4.988E+04     1.000E+01
8.00E-03     4.955E+04     1.000E+01
9.00E-03     4.922E+04     1.000E+01
1.00E-02     4.889E+04     1.000E+01
1.10E-02     4.885E+04     1.000E+01
1.20E-02     4.881E+04     1.000E+01
1.30E-02     4.878E+04     1.000E+01
1.40E-02     4.874E+04     1.000E+01
1.50E-02     4.870E+04     1.000E+01
1.60E-02     4.867E+04     1.000E+01
1.80E-02     4.859E+04     1.000E+01
2.00E-02     4.852E+04     1.000E+01
2.50E-02     4.834E+04     1.000E+01
3.00E-02     4.815E+04     1.000E+01
4.00E-02     4.779E+04     1.000E+01
5.00E-02     4.742E+04     1.000E+01
6.00E-02     4.732E+04     1.000E+01
7.00E-02     4.722E+04     1.000E+01
8.00E-02     4.711E+04     1.000E+01
9.00E-02     4.701E+04     1.000E+01
1.00E-01     4.691E+04     1.000E+01
1.10E-01     4.687E+04     1.000E+01
1.20E-01     4.683E+04     1.000E+01
1.30E-01     4.679E+04     1.000E+01
1.40E-01     4.675E+04     1.000E+01
1.50E-01     4.672E+04     1.000E+01
1.60E-01     4.673E+04     1.000E+01
1.80E-01     4.675E+04     1.000E+01
2.00E-01     4.677E+04     1.000E+01
2.50E-01     4.693E+04     1.000E+01
3.00E-01     4.712E+04     1.000E+01
3.50E-01     4.725E+04     1.000E+01
4.00E-01     4.738E+04     1.000E+01
4.50E-01     4.725E+04     1.000E+01
5.00E-01     4.713E+04     1.000E+01
6.00E-01     4.514E+04     1.000E+01
7.00E-01     3.993E+04     1.000E+01
8.00E-01     3.192E+04     1.000E+01
9.00E-01     2.361E+04     1.000E+01
1.00E+00     1.693E+04     1.000E+01
1.25E+00     1.073E+04     1.000E+01
1.50E+00     4.531E+03     1.000E+01
1.75E+00     3.450E+03     1.000E+01
2.00E+00     2.369E+03     1.000E+01
2.50E+00     1.725E+03     1.000E+01
3.00E+00     1.455E+03     1.000E+01
3.50E+00     1.314E+03     1.000E+01
4.00E+00     1.230E+03     1.000E+01
5.00E+00     1.129E+03     1.000E+01
6.00E+00     1.059E+03     1.000E+01
7.00E+00     9.904E+02     1.000E+01
8.00E+00     9.117E+02     1.000E+01
9.00E+00     8.162E+02     1.000E+01
1.00E+01     7.034E+02     1.000E+01
