5        p se72  he4 as69                  taly      1.08000E-01      
1.00E-03     0.000E+00     1.000E+00
2.00E-03     0.000E+00     1.000E+00
3.00E-03     0.000E+00     1.000E+00
4.00E-03     0.000E+00     1.000E+00
5.00E-03     0.000E+00     1.000E+00
6.00E-03     0.000E+00     1.000E+00
7.00E-03     0.000E+00     1.000E+00
8.00E-03     0.000E+00     1.000E+00
9.00E-03     0.000E+00     1.000E+00
1.00E-02     0.000E+00     1.000E+00
1.10E-02     3.072E-98     1.000E+01
1.20E-02     9.437E-97     1.000E+01
1.30E-02     2.899E-95     1.000E+01
1.40E-02     8.905E-94     1.000E+01
1.50E-02     2.735E-92     1.000E+01
1.60E-02     8.403E-91     1.000E+01
1.80E-02     7.929E-88     1.000E+01
2.00E-02     7.483E-85     1.000E+01
2.50E-02     2.047E-77     1.000E+01
3.00E-02     5.599E-70     1.000E+01
4.00E-02     4.190E-55     1.000E+01
5.00E-02     3.135E-40     1.000E+01
6.00E-02     3.806E-38     1.000E+01
7.00E-02     4.621E-36     1.000E+01
8.00E-02     5.611E-34     1.000E+01
9.00E-02     6.812E-32     1.000E+01
1.00E-01     8.270E-30     1.000E+01
1.10E-01     3.981E-29     1.000E+01
1.20E-01     1.917E-28     1.000E+01
1.30E-01     9.226E-28     1.000E+01
1.40E-01     4.441E-27     1.000E+01
1.50E-01     2.138E-26     1.000E+01
1.60E-01     4.646E-26     1.000E+01
1.80E-01     2.194E-25     1.000E+01
2.00E-01     1.036E-24     1.000E+01
2.50E-01     1.039E-23     1.000E+01
3.00E-01     4.772E-23     1.000E+01
3.50E-01     1.225E-22     1.000E+01
4.00E-01     3.147E-22     1.000E+01
4.50E-01     5.505E-22     1.000E+01
5.00E-01     9.630E-22     1.000E+01
6.00E-01     2.016E-21     1.000E+01
7.00E-01     3.477E-21     1.000E+01
8.00E-01     1.849E-20     1.000E+01
9.00E-01     1.136E-18     1.000E+01
1.00E+00     5.166E-17     1.000E+01
1.25E+00     4.418E-14     1.000E+01
1.50E+00     3.778E-11     1.000E+01
1.75E+00     2.242E-09     1.000E+01
2.00E+00     1.330E-07     1.000E+01
2.50E+00     3.432E-05     1.000E+01
3.00E+00     2.123E-03     1.000E+01
3.50E+00     5.426E-02     1.000E+01
4.00E+00     7.489E-01     1.000E+01
5.00E+00     3.627E+01     1.000E+01
6.00E+00     4.390E+02     1.000E+01
7.00E+00     2.252E+03     1.000E+01
8.00E+00     7.330E+03     1.000E+01
9.00E+00     1.819E+04     1.000E+01
1.00E+01     3.700E+04     1.000E+01
