4        n se68 se69                       taly      1.03170E+01      
1.00E-03     8.817E+04     1.000E+01
2.00E-03     8.874E+04     1.000E+01
3.00E-03     8.930E+04     1.000E+01
4.00E-03     8.986E+04     1.000E+01
5.00E-03     9.043E+04     1.000E+01
6.00E-03     8.985E+04     1.000E+01
7.00E-03     8.927E+04     1.000E+01
8.00E-03     8.869E+04     1.000E+01
9.00E-03     8.811E+04     1.000E+01
1.00E-02     8.753E+04     1.000E+01
1.10E-02     8.750E+04     1.000E+01
1.20E-02     8.747E+04     1.000E+01
1.30E-02     8.745E+04     1.000E+01
1.40E-02     8.742E+04     1.000E+01
1.50E-02     8.740E+04     1.000E+01
1.60E-02     8.737E+04     1.000E+01
1.80E-02     8.732E+04     1.000E+01
2.00E-02     8.727E+04     1.000E+01
2.50E-02     8.715E+04     1.000E+01
3.00E-02     8.702E+04     1.000E+01
4.00E-02     8.677E+04     1.000E+01
5.00E-02     8.651E+04     1.000E+01
6.00E-02     8.683E+04     1.000E+01
7.00E-02     8.715E+04     1.000E+01
8.00E-02     8.747E+04     1.000E+01
9.00E-02     8.778E+04     1.000E+01
1.00E-01     8.810E+04     1.000E+01
1.10E-01     8.857E+04     1.000E+01
1.20E-01     8.903E+04     1.000E+01
1.30E-01     8.950E+04     1.000E+01
1.40E-01     8.997E+04     1.000E+01
1.50E-01     9.043E+04     1.000E+01
1.60E-01     9.100E+04     1.000E+01
1.80E-01     9.214E+04     1.000E+01
2.00E-01     9.327E+04     1.000E+01
2.50E-01     9.629E+04     1.000E+01
3.00E-01     9.926E+04     1.000E+01
3.50E-01     1.020E+05     1.000E+01
4.00E-01     1.048E+05     1.000E+01
4.50E-01     1.073E+05     1.000E+01
5.00E-01     1.098E+05     1.000E+01
6.00E-01     1.145E+05     1.000E+01
7.00E-01     1.191E+05     1.000E+01
8.00E-01     1.234E+05     1.000E+01
9.00E-01     1.276E+05     1.000E+01
1.00E+00     1.317E+05     1.000E+01
1.25E+00     1.408E+05     1.000E+01
1.50E+00     1.500E+05     1.000E+01
1.75E+00     1.571E+05     1.000E+01
2.00E+00     1.642E+05     1.000E+01
2.50E+00     1.740E+05     1.000E+01
3.00E+00     1.793E+05     1.000E+01
3.50E+00     1.811E+05     1.000E+01
4.00E+00     1.804E+05     1.000E+01
5.00E+00     1.747E+05     1.000E+01
6.00E+00     1.659E+05     1.000E+01
7.00E+00     1.497E+05     1.000E+01
8.00E+00     1.101E+05     1.000E+01
9.00E+00     5.518E+04     1.000E+01
1.00E+01     2.164E+04     1.000E+01
