5        n se70  he4 ge67                  taly      6.37400E+00      
1.00E-03     1.157E+06     1.000E+01
2.00E-03     1.132E+06     1.000E+01
3.00E-03     1.108E+06     1.000E+01
4.00E-03     1.084E+06     1.000E+01
5.00E-03     1.061E+06     1.000E+01
6.00E-03     1.045E+06     1.000E+01
7.00E-03     1.030E+06     1.000E+01
8.00E-03     1.014E+06     1.000E+01
9.00E-03     9.993E+05     1.000E+01
1.00E-02     9.844E+05     1.000E+01
1.10E-02     9.846E+05     1.000E+01
1.20E-02     9.847E+05     1.000E+01
1.30E-02     9.848E+05     1.000E+01
1.40E-02     9.850E+05     1.000E+01
1.50E-02     9.851E+05     1.000E+01
1.60E-02     9.852E+05     1.000E+01
1.80E-02     9.855E+05     1.000E+01
2.00E-02     9.858E+05     1.000E+01
2.50E-02     9.865E+05     1.000E+01
3.00E-02     9.872E+05     1.000E+01
4.00E-02     9.885E+05     1.000E+01
5.00E-02     9.899E+05     1.000E+01
6.00E-02     1.017E+06     1.000E+01
7.00E-02     1.045E+06     1.000E+01
8.00E-02     1.074E+06     1.000E+01
9.00E-02     1.104E+06     1.000E+01
1.00E-01     1.134E+06     1.000E+01
1.10E-01     1.162E+06     1.000E+01
1.20E-01     1.191E+06     1.000E+01
1.30E-01     1.221E+06     1.000E+01
1.40E-01     1.251E+06     1.000E+01
1.50E-01     1.283E+06     1.000E+01
1.60E-01     1.310E+06     1.000E+01
1.80E-01     1.366E+06     1.000E+01
2.00E-01     1.424E+06     1.000E+01
2.50E-01     1.554E+06     1.000E+01
3.00E-01     1.672E+06     1.000E+01
3.50E-01     1.770E+06     1.000E+01
4.00E-01     1.874E+06     1.000E+01
4.50E-01     1.958E+06     1.000E+01
5.00E-01     2.045E+06     1.000E+01
6.00E-01     2.198E+06     1.000E+01
7.00E-01     2.341E+06     1.000E+01
8.00E-01     2.478E+06     1.000E+01
9.00E-01     2.612E+06     1.000E+01
1.00E+00     2.745E+06     1.000E+01
1.25E+00     3.065E+06     1.000E+01
1.50E+00     3.423E+06     1.000E+01
1.75E+00     3.783E+06     1.000E+01
2.00E+00     4.180E+06     1.000E+01
2.50E+00     5.081E+06     1.000E+01
3.00E+00     6.176E+06     1.000E+01
3.50E+00     7.503E+06     1.000E+01
4.00E+00     9.081E+06     1.000E+01
5.00E+00     1.293E+07     1.000E+01
6.00E+00     1.717E+07     1.000E+01
7.00E+00     1.991E+07     1.000E+01
8.00E+00     1.937E+07     1.000E+01
9.00E+00     1.735E+07     1.000E+01
1.00E+01     1.558E+07     1.000E+01
