5        p br70  he4 se67                  taly      1.80000E-02      
1.00E-03     0.000E+00     1.000E+00
2.00E-03     0.000E+00     1.000E+00
3.00E-03     0.000E+00     1.000E+00
4.00E-03     0.000E+00     1.000E+00
5.00E-03     0.000E+00     1.000E+00
6.00E-03     0.000E+00     1.000E+00
7.00E-03     0.000E+00     1.000E+00
8.00E-03     0.000E+00     1.000E+00
9.00E-03     0.000E+00     1.000E+00
1.00E-02     0.000E+00     1.000E+00
1.10E-02     2.673E-98     1.000E+01
1.20E-02     7.143E-97     1.000E+01
1.30E-02     1.909E-95     1.000E+01
1.40E-02     5.102E-94     1.000E+01
1.50E-02     1.363E-92     1.000E+01
1.60E-02     3.644E-91     1.000E+01
1.80E-02     2.603E-88     1.000E+01
2.00E-02     1.859E-85     1.000E+01
2.50E-02     2.534E-78     1.000E+01
3.00E-02     3.456E-71     1.000E+01
4.00E-02     6.424E-57     1.000E+01
5.00E-02     1.194E-42     1.000E+01
6.00E-02     2.573E-40     1.000E+01
7.00E-02     5.543E-38     1.000E+01
8.00E-02     1.194E-35     1.000E+01
9.00E-02     2.573E-33     1.000E+01
1.00E-01     5.544E-31     1.000E+01
1.10E-01     3.223E-30     1.000E+01
1.20E-01     1.874E-29     1.000E+01
1.30E-01     1.089E-28     1.000E+01
1.40E-01     6.333E-28     1.000E+01
1.50E-01     3.682E-27     1.000E+01
1.60E-01     8.785E-27     1.000E+01
1.80E-01     5.002E-26     1.000E+01
2.00E-01     2.848E-25     1.000E+01
2.50E-01     3.775E-24     1.000E+01
3.00E-01     2.085E-23     1.000E+01
3.50E-01     6.004E-23     1.000E+01
4.00E-01     1.729E-22     1.000E+01
4.50E-01     3.237E-22     1.000E+01
5.00E-01     6.062E-22     1.000E+01
6.00E-01     1.388E-21     1.000E+01
7.00E-01     2.501E-21     1.000E+01
8.00E-01     4.328E-21     1.000E+01
9.00E-01     4.041E-20     1.000E+01
1.00E+00     1.512E-18     1.000E+01
1.25E+00     1.387E-15     1.000E+01
1.50E+00     1.272E-12     1.000E+01
1.75E+00     9.742E-11     1.000E+01
2.00E+00     7.459E-09     1.000E+01
2.50E+00     3.331E-06     1.000E+01
3.00E+00     3.242E-04     1.000E+01
3.50E+00     1.138E-02     1.000E+01
4.00E+00     1.938E-01     1.000E+01
5.00E+00     1.307E+01     1.000E+01
6.00E+00     2.518E+02     1.000E+01
7.00E+00     2.227E+03     1.000E+01
8.00E+00     1.171E+04     1.000E+01
9.00E+00     3.937E+04     1.000E+01
1.00E+01     6.704E+04     1.000E+01
