4        p se72 br73                       taly      3.06900E+00      
1.00E-03     0.000E+00     1.000E+00
2.00E-03     0.000E+00     1.000E+00
3.00E-03     0.000E+00     1.000E+00
4.00E-03     0.000E+00     1.000E+00
5.00E-03     0.000E+00     1.000E+00
6.00E-03     0.000E+00     1.000E+00
7.00E-03     0.000E+00     1.000E+00
8.00E-03     0.000E+00     1.000E+00
9.00E-03     0.000E+00     1.000E+00
1.00E-02     0.000E+00     1.000E+00
1.10E-02     3.922E-98     1.000E+01
1.20E-02     1.538E-96     1.000E+01
1.30E-02     6.032E-95     1.000E+01
1.40E-02     2.365E-93     1.000E+01
1.50E-02     9.276E-92     1.000E+01
1.60E-02     3.638E-90     1.000E+01
1.80E-02     5.595E-87     1.000E+01
2.00E-02     8.605E-84     1.000E+01
2.50E-02     7.983E-76     1.000E+01
3.00E-02     7.405E-68     1.000E+01
4.00E-02     6.372E-52     1.000E+01
5.00E-02     5.484E-36     1.000E+01
6.00E-02     1.142E-33     1.000E+01
7.00E-02     2.380E-31     1.000E+01
8.00E-02     4.957E-29     1.000E+01
9.00E-02     1.033E-26     1.000E+01
1.00E-01     2.151E-24     1.000E+01
1.10E-01     2.308E-23     1.000E+01
1.20E-01     2.476E-22     1.000E+01
1.30E-01     2.657E-21     1.000E+01
1.40E-01     2.851E-20     1.000E+01
1.50E-01     3.059E-19     1.000E+01
1.60E-01     1.362E-18     1.000E+01
1.80E-01     2.699E-17     1.000E+01
2.00E-01     5.348E-16     1.000E+01
2.50E-01     1.078E-13     1.000E+01
3.00E-01     6.147E-12     1.000E+01
3.50E-01     1.166E-10     1.000E+01
4.00E-01     2.213E-09     1.000E+01
4.50E-01     1.786E-08     1.000E+01
5.00E-01     1.441E-07     1.000E+01
6.00E-01     3.432E-06     1.000E+01
7.00E-01     4.244E-05     1.000E+01
8.00E-01     3.319E-04     1.000E+01
9.00E-01     1.852E-03     1.000E+01
1.00E+00     7.977E-03     1.000E+01
1.25E+00     9.305E-02     1.000E+01
1.50E+00     1.085E+00     1.000E+01
1.75E+00     4.460E+00     1.000E+01
2.00E+00     1.833E+01     1.000E+01
2.50E+00     1.162E+02     1.000E+01
3.00E+00     4.284E+02     1.000E+01
3.50E+00     1.135E+03     1.000E+01
4.00E+00     2.405E+03     1.000E+01
5.00E+00     6.463E+03     1.000E+01
6.00E+00     9.676E+03     1.000E+01
7.00E+00     1.029E+04     1.000E+01
8.00E+00     9.782E+03     1.000E+01
9.00E+00     9.049E+03     1.000E+01
1.00E+01     8.300E+03     1.000E+01
