5        n se68  he4 ge65                  taly      7.93500E+00      
1.00E-03     1.453E+06     1.000E+01
2.00E-03     1.466E+06     1.000E+01
3.00E-03     1.479E+06     1.000E+01
4.00E-03     1.492E+06     1.000E+01
5.00E-03     1.505E+06     1.000E+01
6.00E-03     1.499E+06     1.000E+01
7.00E-03     1.493E+06     1.000E+01
8.00E-03     1.487E+06     1.000E+01
9.00E-03     1.480E+06     1.000E+01
1.00E-02     1.474E+06     1.000E+01
1.10E-02     1.477E+06     1.000E+01
1.20E-02     1.480E+06     1.000E+01
1.30E-02     1.484E+06     1.000E+01
1.40E-02     1.487E+06     1.000E+01
1.50E-02     1.490E+06     1.000E+01
1.60E-02     1.493E+06     1.000E+01
1.80E-02     1.499E+06     1.000E+01
2.00E-02     1.506E+06     1.000E+01
2.50E-02     1.521E+06     1.000E+01
3.00E-02     1.537E+06     1.000E+01
4.00E-02     1.570E+06     1.000E+01
5.00E-02     1.603E+06     1.000E+01
6.00E-02     1.642E+06     1.000E+01
7.00E-02     1.682E+06     1.000E+01
8.00E-02     1.723E+06     1.000E+01
9.00E-02     1.765E+06     1.000E+01
1.00E-01     1.808E+06     1.000E+01
1.10E-01     1.850E+06     1.000E+01
1.20E-01     1.893E+06     1.000E+01
1.30E-01     1.937E+06     1.000E+01
1.40E-01     1.982E+06     1.000E+01
1.50E-01     2.028E+06     1.000E+01
1.60E-01     2.073E+06     1.000E+01
1.80E-01     2.165E+06     1.000E+01
2.00E-01     2.261E+06     1.000E+01
2.50E-01     2.499E+06     1.000E+01
3.00E-01     2.733E+06     1.000E+01
3.50E-01     2.951E+06     1.000E+01
4.00E-01     3.186E+06     1.000E+01
4.50E-01     3.398E+06     1.000E+01
5.00E-01     3.625E+06     1.000E+01
6.00E-01     4.057E+06     1.000E+01
7.00E-01     4.487E+06     1.000E+01
8.00E-01     4.915E+06     1.000E+01
9.00E-01     5.342E+06     1.000E+01
1.00E+00     5.768E+06     1.000E+01
1.25E+00     6.756E+06     1.000E+01
1.50E+00     7.913E+06     1.000E+01
1.75E+00     8.979E+06     1.000E+01
2.00E+00     1.019E+07     1.000E+01
2.50E+00     1.272E+07     1.000E+01
3.00E+00     1.551E+07     1.000E+01
3.50E+00     1.851E+07     1.000E+01
4.00E+00     2.161E+07     1.000E+01
5.00E+00     2.795E+07     1.000E+01
6.00E+00     3.423E+07     1.000E+01
7.00E+00     3.901E+07     1.000E+01
8.00E+00     3.624E+07     1.000E+01
9.00E+00     2.378E+07     1.000E+01
1.00E+01     1.305E+07     1.000E+01
