5        n se66    p as66                  taly      1.14390E+01      
1.00E-03     2.114E+06     1.000E+01
2.00E-03     2.129E+06     1.000E+01
3.00E-03     2.143E+06     1.000E+01
4.00E-03     2.157E+06     1.000E+01
5.00E-03     2.172E+06     1.000E+01
6.00E-03     2.157E+06     1.000E+01
7.00E-03     2.143E+06     1.000E+01
8.00E-03     2.129E+06     1.000E+01
9.00E-03     2.115E+06     1.000E+01
1.00E-02     2.101E+06     1.000E+01
1.10E-02     2.099E+06     1.000E+01
1.20E-02     2.098E+06     1.000E+01
1.30E-02     2.096E+06     1.000E+01
1.40E-02     2.095E+06     1.000E+01
1.50E-02     2.093E+06     1.000E+01
1.60E-02     2.092E+06     1.000E+01
1.80E-02     2.089E+06     1.000E+01
2.00E-02     2.086E+06     1.000E+01
2.50E-02     2.078E+06     1.000E+01
3.00E-02     2.071E+06     1.000E+01
4.00E-02     2.056E+06     1.000E+01
5.00E-02     2.042E+06     1.000E+01
6.00E-02     2.038E+06     1.000E+01
7.00E-02     2.035E+06     1.000E+01
8.00E-02     2.031E+06     1.000E+01
9.00E-02     2.028E+06     1.000E+01
1.00E-01     2.025E+06     1.000E+01
1.10E-01     2.024E+06     1.000E+01
1.20E-01     2.023E+06     1.000E+01
1.30E-01     2.022E+06     1.000E+01
1.40E-01     2.022E+06     1.000E+01
1.50E-01     2.021E+06     1.000E+01
1.60E-01     2.022E+06     1.000E+01
1.80E-01     2.025E+06     1.000E+01
2.00E-01     2.028E+06     1.000E+01
2.50E-01     2.039E+06     1.000E+01
3.00E-01     2.050E+06     1.000E+01
3.50E-01     2.058E+06     1.000E+01
4.00E-01     2.067E+06     1.000E+01
4.50E-01     2.069E+06     1.000E+01
5.00E-01     2.072E+06     1.000E+01
6.00E-01     2.046E+06     1.000E+01
7.00E-01     1.957E+06     1.000E+01
8.00E-01     1.783E+06     1.000E+01
9.00E-01     1.541E+06     1.000E+01
1.00E+00     1.277E+06     1.000E+01
1.25E+00     7.923E+05     1.000E+01
1.50E+00     4.917E+05     1.000E+01
1.75E+00     3.957E+05     1.000E+01
2.00E+00     3.184E+05     1.000E+01
2.50E+00     2.814E+05     1.000E+01
3.00E+00     2.696E+05     1.000E+01
3.50E+00     2.600E+05     1.000E+01
4.00E+00     2.485E+05     1.000E+01
5.00E+00     2.215E+05     1.000E+01
6.00E+00     1.932E+05     1.000E+01
7.00E+00     1.660E+05     1.000E+01
8.00E+00     1.404E+05     1.000E+01
9.00E+00     1.163E+05     1.000E+01
1.00E+01     9.367E+04     1.000E+01
