4        n si26 si27                       taly      1.33140E+01      
1.00E-03     4.912E+04     1.000E+01
2.00E-03     4.949E+04     1.000E+01
3.00E-03     4.986E+04     1.000E+01
4.00E-03     5.023E+04     1.000E+01
5.00E-03     5.060E+04     1.000E+01
6.00E-03     5.031E+04     1.000E+01
7.00E-03     5.003E+04     1.000E+01
8.00E-03     4.974E+04     1.000E+01
9.00E-03     4.946E+04     1.000E+01
1.00E-02     4.918E+04     1.000E+01
1.10E-02     4.920E+04     1.000E+01
1.20E-02     4.922E+04     1.000E+01
1.30E-02     4.924E+04     1.000E+01
1.40E-02     4.927E+04     1.000E+01
1.50E-02     4.929E+04     1.000E+01
1.60E-02     4.931E+04     1.000E+01
1.80E-02     4.936E+04     1.000E+01
2.00E-02     4.940E+04     1.000E+01
2.50E-02     4.952E+04     1.000E+01
3.00E-02     4.963E+04     1.000E+01
4.00E-02     4.985E+04     1.000E+01
5.00E-02     5.008E+04     1.000E+01
6.00E-02     5.059E+04     1.000E+01
7.00E-02     5.109E+04     1.000E+01
8.00E-02     5.160E+04     1.000E+01
9.00E-02     5.211E+04     1.000E+01
1.00E-01     5.262E+04     1.000E+01
1.10E-01     5.320E+04     1.000E+01
1.20E-01     5.378E+04     1.000E+01
1.30E-01     5.437E+04     1.000E+01
1.40E-01     5.495E+04     1.000E+01
1.50E-01     5.553E+04     1.000E+01
1.60E-01     5.617E+04     1.000E+01
1.80E-01     5.745E+04     1.000E+01
2.00E-01     5.873E+04     1.000E+01
2.50E-01     6.200E+04     1.000E+01
3.00E-01     6.517E+04     1.000E+01
3.50E-01     6.812E+04     1.000E+01
4.00E-01     7.108E+04     1.000E+01
4.50E-01     7.380E+04     1.000E+01
5.00E-01     7.651E+04     1.000E+01
6.00E-01     8.160E+04     1.000E+01
7.00E-01     8.643E+04     1.000E+01
8.00E-01     9.105E+04     1.000E+01
9.00E-01     9.545E+04     1.000E+01
1.00E+00     9.967E+04     1.000E+01
1.25E+00     1.089E+05     1.000E+01
1.50E+00     1.182E+05     1.000E+01
1.75E+00     1.257E+05     1.000E+01
2.00E+00     1.332E+05     1.000E+01
2.50E+00     1.456E+05     1.000E+01
3.00E+00     1.559E+05     1.000E+01
3.50E+00     1.646E+05     1.000E+01
4.00E+00     1.721E+05     1.000E+01
5.00E+00     1.840E+05     1.000E+01
6.00E+00     1.924E+05     1.000E+01
7.00E+00     1.979E+05     1.000E+01
8.00E+00     2.007E+05     1.000E+01
9.00E+00     2.015E+05     1.000E+01
1.00E+01     2.007E+05     1.000E+01
