5      he4 si26    p  p29                  taly      4.94700E+00      
1.00E-03     0.000E+00     1.000E+00
2.00E-03     0.000E+00     1.000E+00
3.00E-03     0.000E+00     1.000E+00
4.00E-03     0.000E+00     1.000E+00
5.00E-03     0.000E+00     1.000E+00
6.00E-03     0.000E+00     1.000E+00
7.00E-03     0.000E+00     1.000E+00
8.00E-03     0.000E+00     1.000E+00
9.00E-03     0.000E+00     1.000E+00
1.00E-02     0.000E+00     1.000E+00
1.10E-02     0.000E+00     1.000E+00
1.20E-02     0.000E+00     1.000E+00
1.30E-02     0.000E+00     1.000E+00
1.40E-02     0.000E+00     1.000E+00
1.50E-02     0.000E+00     1.000E+00
1.60E-02     0.000E+00     1.000E+00
1.80E-02     0.000E+00     1.000E+00
2.00E-02     0.000E+00     1.000E+00
2.50E-02     0.000E+00     1.000E+00
3.00E-02     0.000E+00     1.000E+00
4.00E-02     0.000E+00     1.000E+00
5.00E-02     0.000E+00     1.000E+00
6.00E-02     7.831E-87     1.000E+01
7.00E-02     6.133E-74     1.000E+01
8.00E-02     4.803E-61     1.000E+01
9.00E-02     3.762E-48     1.000E+01
1.00E-01     2.946E-35     1.000E+01
1.10E-01     8.801E-34     1.000E+01
1.20E-01     2.629E-32     1.000E+01
1.30E-01     7.855E-31     1.000E+01
1.40E-01     2.347E-29     1.000E+01
1.50E-01     7.011E-28     1.000E+01
1.60E-01     5.249E-27     1.000E+01
1.80E-01     2.942E-25     1.000E+01
2.00E-01     1.649E-23     1.000E+01
2.50E-01     2.032E-20     1.000E+01
3.00E-01     4.602E-18     1.000E+01
3.50E-01     2.381E-16     1.000E+01
4.00E-01     1.232E-14     1.000E+01
4.50E-01     2.024E-13     1.000E+01
5.00E-01     3.325E-12     1.000E+01
6.00E-01     2.339E-10     1.000E+01
7.00E-01     6.887E-09     1.000E+01
8.00E-01     1.109E-07     1.000E+01
9.00E-01     1.153E-06     1.000E+01
1.00E+00     8.605E-06     1.000E+01
1.25E+00     2.848E-04     1.000E+01
1.50E+00     9.428E-03     1.000E+01
1.75E+00     7.982E-02     1.000E+01
2.00E+00     6.759E-01     1.000E+01
2.50E+00     1.273E+01     1.000E+01
3.00E+00     1.101E+02     1.000E+01
3.50E+00     5.756E+02     1.000E+01
4.00E+00     2.125E+03     1.000E+01
5.00E+00     1.447E+04     1.000E+01
6.00E+00     5.428E+04     1.000E+01
7.00E+00     1.401E+05     1.000E+01
8.00E+00     2.822E+05     1.000E+01
9.00E+00     4.792E+05     1.000E+01
1.00E+01     7.212E+05     1.000E+01
