4        p si29  p30                       mc10      5.59450e+00      
1.00E-03     0.000E+00     1.000E+00
2.00E-03     0.000E+00     1.000E+00
3.00E-03     0.000E+00     1.000E+00
4.00E-03     0.000E+00     1.000E+00
5.00E-03     0.000E+00     1.000E+00
6.00E-03     0.000E+00     1.000E+00
7.00E-03     0.000E+00     1.000E+00
8.00E-03     0.000E+00     1.000E+00
9.00E-03     0.000E+00     1.000E+00
1.00E-02     2.011E-39     1.467E+00
1.10E-02     6.500E-38     1.479E+00
1.20E-02     1.436E-36     1.472E+00
1.30E-02     2.277E-35     1.473E+00
1.40E-02     2.739E-34     1.465E+00
1.50E-02     2.606E-33     1.475E+00
1.60E-02     2.063E-32     1.468E+00
1.80E-02     8.117E-31     1.473E+00
2.00E-02     2.046E-29     1.496E+00
2.50E-02     7.770E-26     3.951E+00
3.00E-02     2.183E-22     6.353E+00
4.00E-02     4.854E-18     7.121E+00
5.00E-02     1.796E-15     7.121E+00
6.00E-02     8.732E-14     7.078E+00
7.00E-02     1.327E-12     6.794E+00
8.00E-02     9.968E-12     6.074E+00
9.00E-02     4.715E-11     4.840E+00
1.00E-01     1.768E-10     3.267E+00
1.10E-01     7.595E-10     2.009E+00
1.20E-01     5.102E-09     1.445E+00
1.30E-01     3.559E-08     1.349E+00
1.40E-01     2.146E-07     1.357E+00
1.50E-01     1.063E-06     1.364E+00
1.60E-01     4.365E-06     1.364E+00
1.80E-01     4.639E-05     1.355E+00
2.00E-01     3.095E-04     1.339E+00
2.50E-01     9.755E-03     1.285E+00
3.00E-01     1.022E-01     1.232E+00
3.50E-01     5.647E-01     1.190E+00
4.00E-01     2.061E+00     1.161E+00
4.50E-01     5.657E+00     1.142E+00
5.00E-01     1.266E+01     1.129E+00
6.00E-01     4.176E+01     1.113E+00
7.00E-01     9.631E+01     1.105E+00
8.00E-01     1.773E+02     1.100E+00
9.00E-01     2.819E+02     1.096E+00
1.00E+00     4.050E+02     1.094E+00
1.25E+00     7.600E+02     1.088E+00
1.50E+00     1.135E+03     1.085E+00
1.75E+00     1.501E+03     1.082E+00
2.00E+00     1.853E+03     1.079E+00
2.50E+00     2.525E+03     1.074E+00
3.00E+00     3.205E+03     1.068E+00
3.50E+00     3.905E+03     1.063E+00
4.00E+00     4.607E+03     1.060E+00
5.00E+00     5.926E+03     1.056E+00
6.00E+00     6.967E+03     1.055E+00
7.00E+00     7.732E+03     1.055E+00
8.00E+00     8.306E+03     1.055E+00
9.00E+00     8.729E+03     1.055E+00
1.00E+01     9.177E+03     1.055E+00
