4        p si26  p27                       mc10      8.61000e-01      
1.00E-03     0.000E+00     1.000E+00
2.00E-03     0.000E+00     1.000E+00
3.00E-03     0.000E+00     1.000E+00
4.00E-03     0.000E+00     1.000E+00
5.00E-03     0.000E+00     1.000E+00
6.00E-03     0.000E+00     1.000E+00
7.00E-03     0.000E+00     1.000E+00
8.00E-03     0.000E+00     1.000E+00
9.00E-03     0.000E+00     1.000E+00
1.00E-02     1.207E-39     1.464E+00
1.10E-02     3.896E-38     1.468E+00
1.20E-02     8.475E-37     1.466E+00
1.30E-02     1.326E-35     1.476E+00
1.40E-02     1.592E-34     1.464E+00
1.50E-02     1.525E-33     1.469E+00
1.60E-02     1.212E-32     1.472E+00
1.80E-02     4.640E-31     1.471E+00
2.00E-02     1.086E-29     1.476E+00
2.50E-02     5.845E-27     1.472E+00
3.00E-02     7.128E-25     1.477E+00
4.00E-02     7.775E-22     1.480E+00
5.00E-02     1.180E-19     1.867E+00
6.00E-02     6.800E-18     4.446E+00
7.00E-02     6.538E-16     9.253E+00
8.00E-02     9.881E-14     1.121E+01
9.00E-02     5.406E-12     9.300E+00
1.00E-01     1.381E-10     6.760E+00
1.10E-01     1.754E-09     5.265E+00
1.20E-01     1.515E-08     4.166E+00
1.30E-01     9.241E-08     3.418E+00
1.40E-01     4.306E-07     2.898E+00
1.50E-01     1.621E-06     2.519E+00
1.60E-01     5.093E-06     2.240E+00
1.80E-01     3.319E-05     1.874E+00
2.00E-01     1.458E-04     1.672E+00
2.50E-01     2.098E-03     1.559E+00
3.00E-01     1.243E-02     1.684E+00
3.50E-01     4.317E-02     1.857E+00
4.00E-01     1.060E-01     2.026E+00
4.50E-01     2.093E-01     2.179E+00
5.00E-01     3.505E-01     2.316E+00
6.00E-01     7.378E-01     2.542E+00
7.00E-01     1.213E+00     2.713E+00
8.00E-01     1.701E+00     2.832E+00
9.00E-01     2.174E+00     2.901E+00
1.00E+00     2.616E+00     2.921E+00
1.25E+00     3.562E+00     2.795E+00
1.50E+00     4.407E+00     2.535E+00
1.75E+00     5.359E+00     2.235E+00
2.00E+00     6.651E+00     1.981E+00
2.50E+00     1.131E+01     1.627E+00
3.00E+00     1.944E+01     1.463E+00
3.50E+00     3.192E+01     1.408E+00
4.00E+00     4.898E+01     1.402E+00
5.00E+00     1.009E+02     1.425E+00
6.00E+00     1.775E+02     1.443E+00
7.00E+00     2.726E+02     1.447E+00
8.00E+00     3.756E+02     1.451E+00
9.00E+00     4.919E+02     1.462E+00
1.00E+01     6.045E+02     1.462E+00
