4      he4 si24  s28                       taly      9.09600E+00      
1.00E-03     0.000E+00     1.000E+00
2.00E-03     0.000E+00     1.000E+00
3.00E-03     0.000E+00     1.000E+00
4.00E-03     0.000E+00     1.000E+00
5.00E-03     0.000E+00     1.000E+00
6.00E-03     0.000E+00     1.000E+00
7.00E-03     0.000E+00     1.000E+00
8.00E-03     0.000E+00     1.000E+00
9.00E-03     0.000E+00     1.000E+00
1.00E-02     0.000E+00     1.000E+00
1.10E-02     0.000E+00     1.000E+00
1.20E-02     0.000E+00     1.000E+00
1.30E-02     0.000E+00     1.000E+00
1.40E-02     0.000E+00     1.000E+00
1.50E-02     0.000E+00     1.000E+00
1.60E-02     0.000E+00     1.000E+00
1.80E-02     0.000E+00     1.000E+00
2.00E-02     0.000E+00     1.000E+00
2.50E-02     0.000E+00     1.000E+00
3.00E-02     0.000E+00     1.000E+00
4.00E-02     0.000E+00     1.000E+00
5.00E-02     0.000E+00     1.000E+00
6.00E-02     1.372E-87     1.000E+01
7.00E-02     1.883E-75     1.000E+01
8.00E-02     2.584E-63     1.000E+01
9.00E-02     3.545E-51     1.000E+01
1.00E-01     4.864E-39     1.000E+01
1.10E-01     1.274E-37     1.000E+01
1.20E-01     3.337E-36     1.000E+01
1.30E-01     8.740E-35     1.000E+01
1.40E-01     2.289E-33     1.000E+01
1.50E-01     5.996E-32     1.000E+01
1.60E-01     4.385E-31     1.000E+01
1.80E-01     2.345E-29     1.000E+01
2.00E-01     1.254E-27     1.000E+01
2.50E-01     1.581E-24     1.000E+01
3.00E-01     3.702E-22     1.000E+01
3.50E-01     1.986E-20     1.000E+01
4.00E-01     1.065E-18     1.000E+01
4.50E-01     1.827E-17     1.000E+01
5.00E-01     3.135E-16     1.000E+01
6.00E-01     2.443E-14     1.000E+01
7.00E-01     8.038E-13     1.000E+01
8.00E-01     1.452E-11     1.000E+01
9.00E-01     1.690E-10     1.000E+01
1.00E+00     1.405E-09     1.000E+01
1.25E+00     5.800E-08     1.000E+01
1.50E+00     2.395E-06     1.000E+01
1.75E+00     2.402E-05     1.000E+01
2.00E+00     2.409E-04     1.000E+01
2.50E+00     5.956E-03     1.000E+01
3.00E+00     6.455E-02     1.000E+01
3.50E+00     4.102E-01     1.000E+01
4.00E+00     1.803E+00     1.000E+01
5.00E+00     1.665E+01     1.000E+01
6.00E+00     8.077E+01     1.000E+01
7.00E+00     2.569E+02     1.000E+01
8.00E+00     6.036E+02     1.000E+01
9.00E+00     1.118E+03     1.000E+01
1.00E+01     1.697E+03     1.000E+01
