5      he4 si27    p  p30                  taly      2.95300E+00      
1.00E-03     0.000E+00     1.000E+00
2.00E-03     0.000E+00     1.000E+00
3.00E-03     0.000E+00     1.000E+00
4.00E-03     0.000E+00     1.000E+00
5.00E-03     0.000E+00     1.000E+00
6.00E-03     0.000E+00     1.000E+00
7.00E-03     0.000E+00     1.000E+00
8.00E-03     0.000E+00     1.000E+00
9.00E-03     0.000E+00     1.000E+00
1.00E-02     0.000E+00     1.000E+00
1.10E-02     0.000E+00     1.000E+00
1.20E-02     0.000E+00     1.000E+00
1.30E-02     0.000E+00     1.000E+00
1.40E-02     0.000E+00     1.000E+00
1.50E-02     0.000E+00     1.000E+00
1.60E-02     0.000E+00     1.000E+00
1.80E-02     0.000E+00     1.000E+00
2.00E-02     0.000E+00     1.000E+00
2.50E-02     0.000E+00     1.000E+00
3.00E-02     0.000E+00     1.000E+00
4.00E-02     0.000E+00     1.000E+00
5.00E-02     0.000E+00     1.000E+00
6.00E-02     7.666E-87     1.000E+01
7.00E-02     5.877E-74     1.000E+01
8.00E-02     4.506E-61     1.000E+01
9.00E-02     3.454E-48     1.000E+01
1.00E-01     2.648E-35     1.000E+01
1.10E-01     7.950E-34     1.000E+01
1.20E-01     2.387E-32     1.000E+01
1.30E-01     7.166E-31     1.000E+01
1.40E-01     2.152E-29     1.000E+01
1.50E-01     6.460E-28     1.000E+01
1.60E-01     4.851E-27     1.000E+01
1.80E-01     2.736E-25     1.000E+01
2.00E-01     1.543E-23     1.000E+01
2.50E-01     1.928E-20     1.000E+01
3.00E-01     4.419E-18     1.000E+01
3.50E-01     2.310E-16     1.000E+01
4.00E-01     1.207E-14     1.000E+01
4.50E-01     2.006E-13     1.000E+01
5.00E-01     3.334E-12     1.000E+01
6.00E-01     2.411E-10     1.000E+01
7.00E-01     7.309E-09     1.000E+01
8.00E-01     1.213E-07     1.000E+01
9.00E-01     1.298E-06     1.000E+01
1.00E+00     9.976E-06     1.000E+01
1.25E+00     3.557E-04     1.000E+01
1.50E+00     1.268E-02     1.000E+01
1.75E+00     1.154E-01     1.000E+01
2.00E+00     1.051E+00     1.000E+01
2.50E+00     2.251E+01     1.000E+01
3.00E+00     2.178E+02     1.000E+01
3.50E+00     1.256E+03     1.000E+01
4.00E+00     5.062E+03     1.000E+01
5.00E+00     4.014E+04     1.000E+01
6.00E+00     1.718E+05     1.000E+01
7.00E+00     4.985E+05     1.000E+01
8.00E+00     1.108E+06     1.000E+01
9.00E+00     2.023E+06     1.000E+01
1.00E+01     3.158E+06     1.000E+01
