5        n si26  he4 mg23                  taly      3.97800E+00      
1.00E-03     1.203E+07     1.000E+01
2.00E-03     1.212E+07     1.000E+01
3.00E-03     1.222E+07     1.000E+01
4.00E-03     1.232E+07     1.000E+01
5.00E-03     1.241E+07     1.000E+01
6.00E-03     1.235E+07     1.000E+01
7.00E-03     1.229E+07     1.000E+01
8.00E-03     1.222E+07     1.000E+01
9.00E-03     1.216E+07     1.000E+01
1.00E-02     1.209E+07     1.000E+01
1.10E-02     1.210E+07     1.000E+01
1.20E-02     1.212E+07     1.000E+01
1.30E-02     1.213E+07     1.000E+01
1.40E-02     1.214E+07     1.000E+01
1.50E-02     1.215E+07     1.000E+01
1.60E-02     1.216E+07     1.000E+01
1.80E-02     1.218E+07     1.000E+01
2.00E-02     1.220E+07     1.000E+01
2.50E-02     1.226E+07     1.000E+01
3.00E-02     1.232E+07     1.000E+01
4.00E-02     1.243E+07     1.000E+01
5.00E-02     1.254E+07     1.000E+01
6.00E-02     1.272E+07     1.000E+01
7.00E-02     1.290E+07     1.000E+01
8.00E-02     1.308E+07     1.000E+01
9.00E-02     1.326E+07     1.000E+01
1.00E-01     1.345E+07     1.000E+01
1.10E-01     1.365E+07     1.000E+01
1.20E-01     1.385E+07     1.000E+01
1.30E-01     1.406E+07     1.000E+01
1.40E-01     1.427E+07     1.000E+01
1.50E-01     1.448E+07     1.000E+01
1.60E-01     1.470E+07     1.000E+01
1.80E-01     1.514E+07     1.000E+01
2.00E-01     1.560E+07     1.000E+01
2.50E-01     1.675E+07     1.000E+01
3.00E-01     1.790E+07     1.000E+01
3.50E-01     1.896E+07     1.000E+01
4.00E-01     2.009E+07     1.000E+01
4.50E-01     2.113E+07     1.000E+01
5.00E-01     2.221E+07     1.000E+01
6.00E-01     2.428E+07     1.000E+01
7.00E-01     2.633E+07     1.000E+01
8.00E-01     2.835E+07     1.000E+01
9.00E-01     3.035E+07     1.000E+01
1.00E+00     3.234E+07     1.000E+01
1.25E+00     3.680E+07     1.000E+01
1.50E+00     4.188E+07     1.000E+01
1.75E+00     4.614E+07     1.000E+01
2.00E+00     5.083E+07     1.000E+01
2.50E+00     5.922E+07     1.000E+01
3.00E+00     6.716E+07     1.000E+01
3.50E+00     7.482E+07     1.000E+01
4.00E+00     8.233E+07     1.000E+01
5.00E+00     9.707E+07     1.000E+01
6.00E+00     1.112E+08     1.000E+01
7.00E+00     1.239E+08     1.000E+01
8.00E+00     1.348E+08     1.000E+01
9.00E+00     1.437E+08     1.000E+01
1.00E+01     1.504E+08     1.000E+01
