4        p si25  p26                       taly      1.43000E-01      
1.00E-03     0.000E+00     1.000E+00
2.00E-03     0.000E+00     1.000E+00
3.00E-03     0.000E+00     1.000E+00
4.00E-03     0.000E+00     1.000E+00
5.00E-03     0.000E+00     1.000E+00
6.00E-03     9.542E-88     1.000E+01
7.00E-03     9.104E-76     1.000E+01
8.00E-03     8.687E-64     1.000E+01
9.00E-03     8.289E-52     1.000E+01
1.00E-02     7.909E-40     1.000E+01
1.10E-02     3.401E-39     1.000E+01
1.20E-02     1.463E-38     1.000E+01
1.30E-02     6.292E-38     1.000E+01
1.40E-02     2.706E-37     1.000E+01
1.50E-02     1.164E-36     1.000E+01
1.60E-02     5.006E-36     1.000E+01
1.80E-02     9.259E-35     1.000E+01
2.00E-02     1.713E-33     1.000E+01
2.50E-02     2.520E-30     1.000E+01
3.00E-02     3.709E-27     1.000E+01
4.00E-02     8.032E-21     1.000E+01
5.00E-02     1.739E-14     1.000E+01
6.00E-02     2.149E-13     1.000E+01
7.00E-02     2.655E-12     1.000E+01
8.00E-02     3.279E-11     1.000E+01
9.00E-02     4.051E-10     1.000E+01
1.00E-01     5.004E-09     1.000E+01
1.10E-01     1.414E-08     1.000E+01
1.20E-01     3.997E-08     1.000E+01
1.30E-01     1.130E-07     1.000E+01
1.40E-01     3.193E-07     1.000E+01
1.50E-01     9.024E-07     1.000E+01
1.60E-01     1.587E-06     1.000E+01
1.80E-01     4.909E-06     1.000E+01
2.00E-01     1.518E-05     1.000E+01
2.50E-01     9.010E-05     1.000E+01
3.00E-01     3.088E-04     1.000E+01
3.50E-01     6.895E-04     1.000E+01
4.00E-01     1.540E-03     1.000E+01
4.50E-01     2.561E-03     1.000E+01
5.00E-01     4.261E-03     1.000E+01
6.00E-01     8.718E-03     1.000E+01
7.00E-01     1.498E-02     1.000E+01
8.00E-01     2.304E-02     1.000E+01
9.00E-01     3.292E-02     1.000E+01
1.00E+00     4.466E-02     1.000E+01
1.25E+00     7.754E-02     1.000E+01
1.50E+00     1.346E-01     1.000E+01
1.75E+00     1.981E-01     1.000E+01
2.00E+00     2.915E-01     1.000E+01
2.50E+00     5.437E-01     1.000E+01
3.00E+00     9.294E-01     1.000E+01
3.50E+00     1.498E+00     1.000E+01
4.00E+00     2.309E+00     1.000E+01
5.00E+00     4.954E+00     1.000E+01
6.00E+00     9.572E+00     1.000E+01
7.00E+00     1.707E+01     1.000E+01
8.00E+00     2.852E+01     1.000E+01
9.00E+00     4.481E+01     1.000E+01
1.00E+01     6.579E+01     1.000E+01
