5        n si25    p al25                  taly      1.35250E+01      
1.00E-03     1.913E+07     1.000E+01
2.00E-03     1.932E+07     1.000E+01
3.00E-03     1.950E+07     1.000E+01
4.00E-03     1.968E+07     1.000E+01
5.00E-03     1.987E+07     1.000E+01
6.00E-03     1.978E+07     1.000E+01
7.00E-03     1.970E+07     1.000E+01
8.00E-03     1.961E+07     1.000E+01
9.00E-03     1.953E+07     1.000E+01
1.00E-02     1.944E+07     1.000E+01
1.10E-02     1.947E+07     1.000E+01
1.20E-02     1.950E+07     1.000E+01
1.30E-02     1.952E+07     1.000E+01
1.40E-02     1.955E+07     1.000E+01
1.50E-02     1.958E+07     1.000E+01
1.60E-02     1.960E+07     1.000E+01
1.80E-02     1.966E+07     1.000E+01
2.00E-02     1.972E+07     1.000E+01
2.50E-02     1.985E+07     1.000E+01
3.00E-02     1.999E+07     1.000E+01
4.00E-02     2.028E+07     1.000E+01
5.00E-02     2.056E+07     1.000E+01
6.00E-02     2.090E+07     1.000E+01
7.00E-02     2.124E+07     1.000E+01
8.00E-02     2.159E+07     1.000E+01
9.00E-02     2.194E+07     1.000E+01
1.00E-01     2.230E+07     1.000E+01
1.10E-01     2.265E+07     1.000E+01
1.20E-01     2.301E+07     1.000E+01
1.30E-01     2.337E+07     1.000E+01
1.40E-01     2.374E+07     1.000E+01
1.50E-01     2.412E+07     1.000E+01
1.60E-01     2.448E+07     1.000E+01
1.80E-01     2.523E+07     1.000E+01
2.00E-01     2.600E+07     1.000E+01
2.50E-01     2.787E+07     1.000E+01
3.00E-01     2.963E+07     1.000E+01
3.50E-01     3.120E+07     1.000E+01
4.00E-01     3.285E+07     1.000E+01
4.50E-01     3.426E+07     1.000E+01
5.00E-01     3.573E+07     1.000E+01
6.00E-01     3.838E+07     1.000E+01
7.00E-01     4.084E+07     1.000E+01
8.00E-01     4.315E+07     1.000E+01
9.00E-01     4.530E+07     1.000E+01
1.00E+00     4.731E+07     1.000E+01
1.25E+00     5.125E+07     1.000E+01
1.50E+00     5.551E+07     1.000E+01
1.75E+00     5.830E+07     1.000E+01
2.00E+00     6.122E+07     1.000E+01
2.50E+00     6.507E+07     1.000E+01
3.00E+00     6.756E+07     1.000E+01
3.50E+00     6.903E+07     1.000E+01
4.00E+00     6.973E+07     1.000E+01
5.00E+00     6.951E+07     1.000E+01
6.00E+00     6.781E+07     1.000E+01
7.00E+00     6.509E+07     1.000E+01
8.00E+00     6.142E+07     1.000E+01
9.00E+00     5.655E+07     1.000E+01
1.00E+01     5.018E+07     1.000E+01
