4      he4 cd98sn102                       taly     -2.77000E-01      
1.00E-03     0.000E+00     1.000E+00
2.00E-03     0.000E+00     1.000E+00
3.00E-03     0.000E+00     1.000E+00
4.00E-03     0.000E+00     1.000E+00
5.00E-03     0.000E+00     1.000E+00
6.00E-03     0.000E+00     1.000E+00
7.00E-03     0.000E+00     1.000E+00
8.00E-03     0.000E+00     1.000E+00
9.00E-03     0.000E+00     1.000E+00
1.00E-02     0.000E+00     1.000E+00
1.10E-02     0.000E+00     1.000E+00
1.20E-02     0.000E+00     1.000E+00
1.30E-02     0.000E+00     1.000E+00
1.40E-02     0.000E+00     1.000E+00
1.50E-02     0.000E+00     1.000E+00
1.60E-02     0.000E+00     1.000E+00
1.80E-02     0.000E+00     1.000E+00
2.00E-02     0.000E+00     1.000E+00
2.50E-02     0.000E+00     1.000E+00
3.00E-02     0.000E+00     1.000E+00
4.00E-02     0.000E+00     1.000E+00
5.00E-02     0.000E+00     1.000E+00
6.00E-02     0.000E+00     1.000E+00
7.00E-02     0.000E+00     1.000E+00
8.00E-02     0.000E+00     1.000E+00
9.00E-02     0.000E+00     1.000E+00
1.00E-01     0.000E+00     1.000E+00
1.10E-01     0.000E+00     1.000E+00
1.20E-01     0.000E+00     1.000E+00
1.30E-01     0.000E+00     1.000E+00
1.40E-01     0.000E+00     1.000E+00
1.50E-01     0.000E+00     1.000E+00
1.60E-01     0.000E+00     1.000E+00
1.80E-01     0.000E+00     1.000E+00
2.00E-01     0.000E+00     1.000E+00
2.50E-01     0.000E+00     1.000E+00
3.00E-01     0.000E+00     1.000E+00
3.50E-01     0.000E+00     1.000E+00
4.00E-01     0.000E+00     1.000E+00
4.50E-01     2.790E-72     1.000E+01
5.00E-01     7.786E-45     1.000E+01
6.00E-01     8.628E-40     1.000E+01
7.00E-01     5.070E-36     1.000E+01
8.00E-01     5.405E-33     1.000E+01
9.00E-01     1.869E-30     1.000E+01
1.00E+00     2.851E-28     1.000E+01
1.25E+00     2.037E-24     1.000E+01
1.50E+00     1.456E-20     1.000E+01
1.75E+00     3.313E-18     1.000E+01
2.00E+00     7.538E-16     1.000E+01
2.50E+00     1.092E-12     1.000E+01
3.00E+00     2.040E-10     1.000E+01
3.50E+00     1.068E-08     1.000E+01
4.00E+00     2.352E-07     1.000E+01
5.00E+00     1.885E-05     1.000E+01
6.00E+00     3.172E-04     1.000E+01
7.00E+00     2.279E-03     1.000E+01
8.00E+00     9.843E-03     1.000E+01
9.00E+00     3.001E-02     1.000E+01
1.00E+01     7.093E-02     1.000E+01
