4      he4 cd99sn103                       taly     -5.36000E-01      
1.00E-03     0.000E+00     1.000E+00
2.00E-03     0.000E+00     1.000E+00
3.00E-03     0.000E+00     1.000E+00
4.00E-03     0.000E+00     1.000E+00
5.00E-03     0.000E+00     1.000E+00
6.00E-03     0.000E+00     1.000E+00
7.00E-03     0.000E+00     1.000E+00
8.00E-03     0.000E+00     1.000E+00
9.00E-03     0.000E+00     1.000E+00
1.00E-02     0.000E+00     1.000E+00
1.10E-02     0.000E+00     1.000E+00
1.20E-02     0.000E+00     1.000E+00
1.30E-02     0.000E+00     1.000E+00
1.40E-02     0.000E+00     1.000E+00
1.50E-02     0.000E+00     1.000E+00
1.60E-02     0.000E+00     1.000E+00
1.80E-02     0.000E+00     1.000E+00
2.00E-02     0.000E+00     1.000E+00
2.50E-02     0.000E+00     1.000E+00
3.00E-02     0.000E+00     1.000E+00
4.00E-02     0.000E+00     1.000E+00
5.00E-02     0.000E+00     1.000E+00
6.00E-02     0.000E+00     1.000E+00
7.00E-02     0.000E+00     1.000E+00
8.00E-02     0.000E+00     1.000E+00
9.00E-02     0.000E+00     1.000E+00
1.00E-01     0.000E+00     1.000E+00
1.10E-01     0.000E+00     1.000E+00
1.20E-01     0.000E+00     1.000E+00
1.30E-01     0.000E+00     1.000E+00
1.40E-01     0.000E+00     1.000E+00
1.50E-01     0.000E+00     1.000E+00
1.60E-01     0.000E+00     1.000E+00
1.80E-01     0.000E+00     1.000E+00
2.00E-01     0.000E+00     1.000E+00
2.50E-01     0.000E+00     1.000E+00
3.00E-01     0.000E+00     1.000E+00
3.50E-01     0.000E+00     1.000E+00
4.00E-01     0.000E+00     1.000E+00
4.50E-01     7.526E-72     1.000E+01
5.00E-01     5.665E-44     1.000E+01
6.00E-01     6.102E-39     1.000E+01
7.00E-01     3.428E-35     1.000E+01
8.00E-01     3.447E-32     1.000E+01
9.00E-01     1.112E-29     1.000E+01
1.00E+00     1.558E-27     1.000E+01
1.25E+00     8.017E-24     1.000E+01
1.50E+00     4.126E-20     1.000E+01
1.75E+00     6.702E-18     1.000E+01
2.00E+00     1.088E-15     1.000E+01
2.50E+00     8.974E-13     1.000E+01
3.00E+00     1.040E-10     1.000E+01
3.50E+00     3.690E-09     1.000E+01
4.00E+00     6.161E-08     1.000E+01
5.00E+00     4.329E-06     1.000E+01
6.00E+00     9.314E-05     1.000E+01
7.00E+00     7.081E-04     1.000E+01
8.00E+00     1.980E-03     1.000E+01
9.00E+00     3.328E-03     1.000E+01
1.00E+01     4.823E-03     1.000E+01
