4      he4 cd97sn101                       taly      2.27700E+00      
1.00E-03     0.000E+00     1.000E+00
2.00E-03     0.000E+00     1.000E+00
3.00E-03     0.000E+00     1.000E+00
4.00E-03     0.000E+00     1.000E+00
5.00E-03     0.000E+00     1.000E+00
6.00E-03     0.000E+00     1.000E+00
7.00E-03     0.000E+00     1.000E+00
8.00E-03     0.000E+00     1.000E+00
9.00E-03     0.000E+00     1.000E+00
1.00E-02     0.000E+00     1.000E+00
1.10E-02     0.000E+00     1.000E+00
1.20E-02     0.000E+00     1.000E+00
1.30E-02     0.000E+00     1.000E+00
1.40E-02     0.000E+00     1.000E+00
1.50E-02     0.000E+00     1.000E+00
1.60E-02     0.000E+00     1.000E+00
1.80E-02     0.000E+00     1.000E+00
2.00E-02     0.000E+00     1.000E+00
2.50E-02     0.000E+00     1.000E+00
3.00E-02     0.000E+00     1.000E+00
4.00E-02     0.000E+00     1.000E+00
5.00E-02     0.000E+00     1.000E+00
6.00E-02     0.000E+00     1.000E+00
7.00E-02     0.000E+00     1.000E+00
8.00E-02     0.000E+00     1.000E+00
9.00E-02     0.000E+00     1.000E+00
1.00E-01     0.000E+00     1.000E+00
1.10E-01     0.000E+00     1.000E+00
1.20E-01     0.000E+00     1.000E+00
1.30E-01     0.000E+00     1.000E+00
1.40E-01     0.000E+00     1.000E+00
1.50E-01     0.000E+00     1.000E+00
1.60E-01     0.000E+00     1.000E+00
1.80E-01     0.000E+00     1.000E+00
2.00E-01     0.000E+00     1.000E+00
2.50E-01     0.000E+00     1.000E+00
3.00E-01     0.000E+00     1.000E+00
3.50E-01     0.000E+00     1.000E+00
4.00E-01     0.000E+00     1.000E+00
4.50E-01     4.546E-72     1.000E+01
5.00E-01     2.066E-44     1.000E+01
6.00E-01     1.492E-39     1.000E+01
7.00E-01     5.063E-36     1.000E+01
8.00E-01     2.731E-33     1.000E+01
9.00E-01     4.477E-31     1.000E+01
1.00E+00     3.227E-29     1.000E+01
1.25E+00     4.927E-26     1.000E+01
1.50E+00     7.523E-23     1.000E+01
1.75E+00     6.765E-21     1.000E+01
2.00E+00     6.083E-19     1.000E+01
2.50E+00     2.877E-16     1.000E+01
3.00E+00     2.573E-14     1.000E+01
3.50E+00     8.240E-13     1.000E+01
4.00E+00     1.359E-11     1.000E+01
5.00E+00     1.060E-09     1.000E+01
6.00E+00     2.767E-08     1.000E+01
7.00E+00     3.451E-07     1.000E+01
8.00E+00     2.546E-06     1.000E+01
9.00E+00     1.276E-05     1.000E+01
1.00E+01     4.746E-05     1.000E+01
