4      he4 sr77 zr81                       taly      3.01800E+00      
1.00E-03     0.000E+00     1.000E+00
2.00E-03     0.000E+00     1.000E+00
3.00E-03     0.000E+00     1.000E+00
4.00E-03     0.000E+00     1.000E+00
5.00E-03     0.000E+00     1.000E+00
6.00E-03     0.000E+00     1.000E+00
7.00E-03     0.000E+00     1.000E+00
8.00E-03     0.000E+00     1.000E+00
9.00E-03     0.000E+00     1.000E+00
1.00E-02     0.000E+00     1.000E+00
1.10E-02     0.000E+00     1.000E+00
1.20E-02     0.000E+00     1.000E+00
1.30E-02     0.000E+00     1.000E+00
1.40E-02     0.000E+00     1.000E+00
1.50E-02     0.000E+00     1.000E+00
1.60E-02     0.000E+00     1.000E+00
1.80E-02     0.000E+00     1.000E+00
2.00E-02     0.000E+00     1.000E+00
2.50E-02     0.000E+00     1.000E+00
3.00E-02     0.000E+00     1.000E+00
4.00E-02     0.000E+00     1.000E+00
5.00E-02     0.000E+00     1.000E+00
6.00E-02     0.000E+00     1.000E+00
7.00E-02     0.000E+00     1.000E+00
8.00E-02     0.000E+00     1.000E+00
9.00E-02     0.000E+00     1.000E+00
1.00E-01     0.000E+00     1.000E+00
1.10E-01     0.000E+00     1.000E+00
1.20E-01     0.000E+00     1.000E+00
1.30E-01     0.000E+00     1.000E+00
1.40E-01     0.000E+00     1.000E+00
1.50E-01     0.000E+00     1.000E+00
1.60E-01     0.000E+00     1.000E+00
1.80E-01     0.000E+00     1.000E+00
2.00E-01     0.000E+00     1.000E+00
2.50E-01     0.000E+00     1.000E+00
3.00E-01     5.427E-49     1.000E+01
3.50E-01     1.031E-44     1.000E+01
4.00E-01     1.958E-40     1.000E+01
4.50E-01     8.925E-38     1.000E+01
5.00E-01     4.068E-35     1.000E+01
6.00E-01     2.666E-31     1.000E+01
7.00E-01     2.536E-28     1.000E+01
8.00E-01     6.809E-26     1.000E+01
9.00E-01     7.329E-24     1.000E+01
1.00E+00     3.900E-22     1.000E+01
1.25E+00     2.884E-19     1.000E+01
1.50E+00     2.133E-16     1.000E+01
1.75E+00     9.125E-15     1.000E+01
2.00E+00     3.904E-13     1.000E+01
2.50E+00     6.598E-11     1.000E+01
3.00E+00     3.566E-09     1.000E+01
3.50E+00     9.367E-08     1.000E+01
4.00E+00     1.404E-06     1.000E+01
5.00E+00     9.146E-05     1.000E+01
6.00E+00     1.936E-03     1.000E+01
7.00E+00     1.940E-02     1.000E+01
8.00E+00     1.071E-01     1.000E+01
9.00E+00     3.051E-01     1.000E+01
1.00E+01     4.434E-01     1.000E+01
