4        n sr76 sr77                       taly      1.16260E+01      
1.00E-03     1.056E+05     1.000E+01
2.00E-03     1.065E+05     1.000E+01
3.00E-03     1.074E+05     1.000E+01
4.00E-03     1.084E+05     1.000E+01
5.00E-03     1.093E+05     1.000E+01
6.00E-03     1.087E+05     1.000E+01
7.00E-03     1.082E+05     1.000E+01
8.00E-03     1.076E+05     1.000E+01
9.00E-03     1.071E+05     1.000E+01
1.00E-02     1.065E+05     1.000E+01
1.10E-02     1.066E+05     1.000E+01
1.20E-02     1.067E+05     1.000E+01
1.30E-02     1.068E+05     1.000E+01
1.40E-02     1.069E+05     1.000E+01
1.50E-02     1.070E+05     1.000E+01
1.60E-02     1.071E+05     1.000E+01
1.80E-02     1.072E+05     1.000E+01
2.00E-02     1.074E+05     1.000E+01
2.50E-02     1.078E+05     1.000E+01
3.00E-02     1.082E+05     1.000E+01
4.00E-02     1.091E+05     1.000E+01
5.00E-02     1.099E+05     1.000E+01
6.00E-02     1.112E+05     1.000E+01
7.00E-02     1.125E+05     1.000E+01
8.00E-02     1.137E+05     1.000E+01
9.00E-02     1.150E+05     1.000E+01
1.00E-01     1.163E+05     1.000E+01
1.10E-01     1.177E+05     1.000E+01
1.20E-01     1.191E+05     1.000E+01
1.30E-01     1.205E+05     1.000E+01
1.40E-01     1.219E+05     1.000E+01
1.50E-01     1.233E+05     1.000E+01
1.60E-01     1.248E+05     1.000E+01
1.80E-01     1.278E+05     1.000E+01
2.00E-01     1.308E+05     1.000E+01
2.50E-01     1.383E+05     1.000E+01
3.00E-01     1.456E+05     1.000E+01
3.50E-01     1.522E+05     1.000E+01
4.00E-01     1.589E+05     1.000E+01
4.50E-01     1.649E+05     1.000E+01
5.00E-01     1.708E+05     1.000E+01
6.00E-01     1.817E+05     1.000E+01
7.00E-01     1.918E+05     1.000E+01
8.00E-01     2.010E+05     1.000E+01
9.00E-01     2.095E+05     1.000E+01
1.00E+00     2.173E+05     1.000E+01
1.25E+00     2.323E+05     1.000E+01
1.50E+00     2.474E+05     1.000E+01
1.75E+00     2.567E+05     1.000E+01
2.00E+00     2.660E+05     1.000E+01
2.50E+00     2.767E+05     1.000E+01
3.00E+00     2.822E+05     1.000E+01
3.50E+00     2.845E+05     1.000E+01
4.00E+00     2.849E+05     1.000E+01
5.00E+00     2.822E+05     1.000E+01
6.00E+00     2.771E+05     1.000E+01
7.00E+00     2.708E+05     1.000E+01
8.00E+00     2.625E+05     1.000E+01
9.00E+00     2.407E+05     1.000E+01
1.00E+01     1.672E+05     1.000E+01
