5        n sr76  he4 kr73                  taly      7.95000E+00      
1.00E-03     4.619E+04     1.000E+01
2.00E-03     4.657E+04     1.000E+01
3.00E-03     4.695E+04     1.000E+01
4.00E-03     4.733E+04     1.000E+01
5.00E-03     4.772E+04     1.000E+01
6.00E-03     4.746E+04     1.000E+01
7.00E-03     4.720E+04     1.000E+01
8.00E-03     4.694E+04     1.000E+01
9.00E-03     4.669E+04     1.000E+01
1.00E-02     4.644E+04     1.000E+01
1.10E-02     4.646E+04     1.000E+01
1.20E-02     4.647E+04     1.000E+01
1.30E-02     4.649E+04     1.000E+01
1.40E-02     4.651E+04     1.000E+01
1.50E-02     4.653E+04     1.000E+01
1.60E-02     4.655E+04     1.000E+01
1.80E-02     4.659E+04     1.000E+01
2.00E-02     4.663E+04     1.000E+01
2.50E-02     4.672E+04     1.000E+01
3.00E-02     4.682E+04     1.000E+01
4.00E-02     4.701E+04     1.000E+01
5.00E-02     4.721E+04     1.000E+01
6.00E-02     4.761E+04     1.000E+01
7.00E-02     4.802E+04     1.000E+01
8.00E-02     4.843E+04     1.000E+01
9.00E-02     4.885E+04     1.000E+01
1.00E-01     4.927E+04     1.000E+01
1.10E-01     4.975E+04     1.000E+01
1.20E-01     5.023E+04     1.000E+01
1.30E-01     5.072E+04     1.000E+01
1.40E-01     5.121E+04     1.000E+01
1.50E-01     5.171E+04     1.000E+01
1.60E-01     5.226E+04     1.000E+01
1.80E-01     5.339E+04     1.000E+01
2.00E-01     5.453E+04     1.000E+01
2.50E-01     5.755E+04     1.000E+01
3.00E-01     6.062E+04     1.000E+01
3.50E-01     6.363E+04     1.000E+01
4.00E-01     6.680E+04     1.000E+01
4.50E-01     6.993E+04     1.000E+01
5.00E-01     7.320E+04     1.000E+01
6.00E-01     8.010E+04     1.000E+01
7.00E-01     8.759E+04     1.000E+01
8.00E-01     9.567E+04     1.000E+01
9.00E-01     1.042E+05     1.000E+01
1.00E+00     1.132E+05     1.000E+01
1.25E+00     1.353E+05     1.000E+01
1.50E+00     1.617E+05     1.000E+01
1.75E+00     1.864E+05     1.000E+01
2.00E+00     2.149E+05     1.000E+01
2.50E+00     2.738E+05     1.000E+01
3.00E+00     3.407E+05     1.000E+01
3.50E+00     4.181E+05     1.000E+01
4.00E+00     5.081E+05     1.000E+01
5.00E+00     7.338E+05     1.000E+01
6.00E+00     1.032E+06     1.000E+01
7.00E+00     1.412E+06     1.000E+01
8.00E+00     1.879E+06     1.000E+01
9.00E+00     2.353E+06     1.000E+01
1.00E+01     2.343E+06     1.000E+01
