4      he4 sr75 zr79                       taly      2.86500E+00      
1.00E-03     0.000E+00     1.000E+00
2.00E-03     0.000E+00     1.000E+00
3.00E-03     0.000E+00     1.000E+00
4.00E-03     0.000E+00     1.000E+00
5.00E-03     0.000E+00     1.000E+00
6.00E-03     0.000E+00     1.000E+00
7.00E-03     0.000E+00     1.000E+00
8.00E-03     0.000E+00     1.000E+00
9.00E-03     0.000E+00     1.000E+00
1.00E-02     0.000E+00     1.000E+00
1.10E-02     0.000E+00     1.000E+00
1.20E-02     0.000E+00     1.000E+00
1.30E-02     0.000E+00     1.000E+00
1.40E-02     0.000E+00     1.000E+00
1.50E-02     0.000E+00     1.000E+00
1.60E-02     0.000E+00     1.000E+00
1.80E-02     0.000E+00     1.000E+00
2.00E-02     0.000E+00     1.000E+00
2.50E-02     0.000E+00     1.000E+00
3.00E-02     0.000E+00     1.000E+00
4.00E-02     0.000E+00     1.000E+00
5.00E-02     0.000E+00     1.000E+00
6.00E-02     0.000E+00     1.000E+00
7.00E-02     0.000E+00     1.000E+00
8.00E-02     0.000E+00     1.000E+00
9.00E-02     0.000E+00     1.000E+00
1.00E-01     0.000E+00     1.000E+00
1.10E-01     0.000E+00     1.000E+00
1.20E-01     0.000E+00     1.000E+00
1.30E-01     0.000E+00     1.000E+00
1.40E-01     0.000E+00     1.000E+00
1.50E-01     0.000E+00     1.000E+00
1.60E-01     0.000E+00     1.000E+00
1.80E-01     0.000E+00     1.000E+00
2.00E-01     0.000E+00     1.000E+00
2.50E-01     0.000E+00     1.000E+00
3.00E-01     1.566E-50     1.000E+01
3.50E-01     1.875E-46     1.000E+01
4.00E-01     2.245E-42     1.000E+01
4.50E-01     7.111E-40     1.000E+01
5.00E-01     2.253E-37     1.000E+01
6.00E-01     7.515E-34     1.000E+01
7.00E-01     3.812E-31     1.000E+01
8.00E-01     5.627E-29     1.000E+01
9.00E-01     3.475E-27     1.000E+01
1.00E+00     1.152E-25     1.000E+01
1.25E+00     5.495E-23     1.000E+01
1.50E+00     2.620E-20     1.000E+01
1.75E+00     1.268E-18     1.000E+01
2.00E+00     6.133E-17     1.000E+01
2.50E+00     1.390E-14     1.000E+01
3.00E+00     8.498E-13     1.000E+01
3.50E+00     2.298E-11     1.000E+01
4.00E+00     3.510E-10     1.000E+01
5.00E+00     2.405E-08     1.000E+01
6.00E+00     5.208E-07     1.000E+01
7.00E+00     5.163E-06     1.000E+01
8.00E+00     2.952E-05     1.000E+01
9.00E+00     1.124E-04     1.000E+01
1.00E+01     3.120E-04     1.000E+01
