4      he4 sr76 zr80                       taly      3.69400E+00      
1.00E-03     0.000E+00     1.000E+00
2.00E-03     0.000E+00     1.000E+00
3.00E-03     0.000E+00     1.000E+00
4.00E-03     0.000E+00     1.000E+00
5.00E-03     0.000E+00     1.000E+00
6.00E-03     0.000E+00     1.000E+00
7.00E-03     0.000E+00     1.000E+00
8.00E-03     0.000E+00     1.000E+00
9.00E-03     0.000E+00     1.000E+00
1.00E-02     0.000E+00     1.000E+00
1.10E-02     0.000E+00     1.000E+00
1.20E-02     0.000E+00     1.000E+00
1.30E-02     0.000E+00     1.000E+00
1.40E-02     0.000E+00     1.000E+00
1.50E-02     0.000E+00     1.000E+00
1.60E-02     0.000E+00     1.000E+00
1.80E-02     0.000E+00     1.000E+00
2.00E-02     0.000E+00     1.000E+00
2.50E-02     0.000E+00     1.000E+00
3.00E-02     0.000E+00     1.000E+00
4.00E-02     0.000E+00     1.000E+00
5.00E-02     0.000E+00     1.000E+00
6.00E-02     0.000E+00     1.000E+00
7.00E-02     0.000E+00     1.000E+00
8.00E-02     0.000E+00     1.000E+00
9.00E-02     0.000E+00     1.000E+00
1.00E-01     0.000E+00     1.000E+00
1.10E-01     0.000E+00     1.000E+00
1.20E-01     0.000E+00     1.000E+00
1.30E-01     0.000E+00     1.000E+00
1.40E-01     0.000E+00     1.000E+00
1.50E-01     0.000E+00     1.000E+00
1.60E-01     0.000E+00     1.000E+00
1.80E-01     0.000E+00     1.000E+00
2.00E-01     0.000E+00     1.000E+00
2.50E-01     0.000E+00     1.000E+00
3.00E-01     1.425E-48     1.000E+01
3.50E-01     2.260E-44     1.000E+01
4.00E-01     3.584E-40     1.000E+01
4.50E-01     1.380E-37     1.000E+01
5.00E-01     5.318E-35     1.000E+01
6.00E-01     2.244E-31     1.000E+01
7.00E-01     1.274E-28     1.000E+01
8.00E-01     2.021E-26     1.000E+01
9.00E-01     1.324E-24     1.000E+01
1.00E+00     4.551E-23     1.000E+01
1.25E+00     2.128E-20     1.000E+01
1.50E+00     9.953E-18     1.000E+01
1.75E+00     5.399E-16     1.000E+01
2.00E+00     2.929E-14     1.000E+01
2.50E+00     1.096E-11     1.000E+01
3.00E+00     1.117E-09     1.000E+01
3.50E+00     4.209E-08     1.000E+01
4.00E+00     7.433E-07     1.000E+01
5.00E+00     4.993E-05     1.000E+01
6.00E+00     9.373E-04     1.000E+01
7.00E+00     8.245E-03     1.000E+01
8.00E+00     4.428E-02     1.000E+01
9.00E+00     1.609E-01     1.000E+01
1.00E+01     3.470E-01     1.000E+01
