5        n sr76    p rb76                  taly      7.01300E+00      
1.00E-03     3.105E+08     1.000E+01
2.00E-03     3.131E+08     1.000E+01
3.00E-03     3.159E+08     1.000E+01
4.00E-03     3.186E+08     1.000E+01
5.00E-03     3.214E+08     1.000E+01
6.00E-03     3.198E+08     1.000E+01
7.00E-03     3.182E+08     1.000E+01
8.00E-03     3.166E+08     1.000E+01
9.00E-03     3.150E+08     1.000E+01
1.00E-02     3.135E+08     1.000E+01
1.10E-02     3.137E+08     1.000E+01
1.20E-02     3.140E+08     1.000E+01
1.30E-02     3.143E+08     1.000E+01
1.40E-02     3.146E+08     1.000E+01
1.50E-02     3.148E+08     1.000E+01
1.60E-02     3.151E+08     1.000E+01
1.80E-02     3.157E+08     1.000E+01
2.00E-02     3.162E+08     1.000E+01
2.50E-02     3.176E+08     1.000E+01
3.00E-02     3.190E+08     1.000E+01
4.00E-02     3.218E+08     1.000E+01
5.00E-02     3.246E+08     1.000E+01
6.00E-02     3.286E+08     1.000E+01
7.00E-02     3.327E+08     1.000E+01
8.00E-02     3.368E+08     1.000E+01
9.00E-02     3.409E+08     1.000E+01
1.00E-01     3.452E+08     1.000E+01
1.10E-01     3.496E+08     1.000E+01
1.20E-01     3.540E+08     1.000E+01
1.30E-01     3.585E+08     1.000E+01
1.40E-01     3.631E+08     1.000E+01
1.50E-01     3.677E+08     1.000E+01
1.60E-01     3.724E+08     1.000E+01
1.80E-01     3.820E+08     1.000E+01
2.00E-01     3.919E+08     1.000E+01
2.50E-01     4.165E+08     1.000E+01
3.00E-01     4.403E+08     1.000E+01
3.50E-01     4.621E+08     1.000E+01
4.00E-01     4.850E+08     1.000E+01
4.50E-01     5.053E+08     1.000E+01
5.00E-01     5.263E+08     1.000E+01
6.00E-01     5.651E+08     1.000E+01
7.00E-01     6.019E+08     1.000E+01
8.00E-01     6.369E+08     1.000E+01
9.00E-01     6.701E+08     1.000E+01
1.00E+00     7.015E+08     1.000E+01
1.25E+00     7.656E+08     1.000E+01
1.50E+00     8.354E+08     1.000E+01
1.75E+00     8.851E+08     1.000E+01
2.00E+00     9.378E+08     1.000E+01
2.50E+00     1.017E+09     1.000E+01
3.00E+00     1.080E+09     1.000E+01
3.50E+00     1.133E+09     1.000E+01
4.00E+00     1.177E+09     1.000E+01
5.00E+00     1.249E+09     1.000E+01
6.00E+00     1.304E+09     1.000E+01
7.00E+00     1.343E+09     1.000E+01
8.00E+00     1.362E+09     1.000E+01
9.00E+00     1.298E+09     1.000E+01
1.00E+01     9.323E+08     1.000E+01
