5        n sr75    p rb75                  taly      1.13820E+01      
1.00E-03     6.458E+07     1.000E+01
2.00E-03     6.515E+07     1.000E+01
3.00E-03     6.572E+07     1.000E+01
4.00E-03     6.630E+07     1.000E+01
5.00E-03     6.688E+07     1.000E+01
6.00E-03     6.655E+07     1.000E+01
7.00E-03     6.622E+07     1.000E+01
8.00E-03     6.590E+07     1.000E+01
9.00E-03     6.557E+07     1.000E+01
1.00E-02     6.525E+07     1.000E+01
1.10E-02     6.531E+07     1.000E+01
1.20E-02     6.536E+07     1.000E+01
1.30E-02     6.542E+07     1.000E+01
1.40E-02     6.548E+07     1.000E+01
1.50E-02     6.554E+07     1.000E+01
1.60E-02     6.559E+07     1.000E+01
1.80E-02     6.571E+07     1.000E+01
2.00E-02     6.582E+07     1.000E+01
2.50E-02     6.611E+07     1.000E+01
3.00E-02     6.640E+07     1.000E+01
4.00E-02     6.698E+07     1.000E+01
5.00E-02     6.757E+07     1.000E+01
6.00E-02     6.839E+07     1.000E+01
7.00E-02     6.922E+07     1.000E+01
8.00E-02     7.007E+07     1.000E+01
9.00E-02     7.092E+07     1.000E+01
1.00E-01     7.178E+07     1.000E+01
1.10E-01     7.266E+07     1.000E+01
1.20E-01     7.355E+07     1.000E+01
1.30E-01     7.446E+07     1.000E+01
1.40E-01     7.538E+07     1.000E+01
1.50E-01     7.630E+07     1.000E+01
1.60E-01     7.724E+07     1.000E+01
1.80E-01     7.915E+07     1.000E+01
2.00E-01     8.110E+07     1.000E+01
2.50E-01     8.591E+07     1.000E+01
3.00E-01     9.053E+07     1.000E+01
3.50E-01     9.456E+07     1.000E+01
4.00E-01     9.878E+07     1.000E+01
4.50E-01     1.014E+08     1.000E+01
5.00E-01     1.041E+08     1.000E+01
6.00E-01     1.023E+08     1.000E+01
7.00E-01     9.004E+07     1.000E+01
8.00E-01     7.117E+07     1.000E+01
9.00E-01     5.294E+07     1.000E+01
1.00E+00     3.893E+07     1.000E+01
1.25E+00     2.207E+07     1.000E+01
1.50E+00     1.251E+07     1.000E+01
1.75E+00     9.534E+06     1.000E+01
2.00E+00     7.264E+06     1.000E+01
2.50E+00     5.535E+06     1.000E+01
3.00E+00     4.751E+06     1.000E+01
3.50E+00     4.316E+06     1.000E+01
4.00E+00     4.033E+06     1.000E+01
5.00E+00     3.655E+06     1.000E+01
6.00E+00     3.360E+06     1.000E+01
7.00E+00     3.068E+06     1.000E+01
8.00E+00     2.747E+06     1.000E+01
9.00E+00     2.383E+06     1.000E+01
1.00E+01     1.979E+06     1.000E+01
