5        n sr77    p rb77                  taly      7.80900E+00      
1.00E-03     2.967E+08     1.000E+01
2.00E-03     2.993E+08     1.000E+01
3.00E-03     3.020E+08     1.000E+01
4.00E-03     3.047E+08     1.000E+01
5.00E-03     3.074E+08     1.000E+01
6.00E-03     3.059E+08     1.000E+01
7.00E-03     3.044E+08     1.000E+01
8.00E-03     3.030E+08     1.000E+01
9.00E-03     3.015E+08     1.000E+01
1.00E-02     3.001E+08     1.000E+01
1.10E-02     3.004E+08     1.000E+01
1.20E-02     3.007E+08     1.000E+01
1.30E-02     3.010E+08     1.000E+01
1.40E-02     3.013E+08     1.000E+01
1.50E-02     3.016E+08     1.000E+01
1.60E-02     3.019E+08     1.000E+01
1.80E-02     3.025E+08     1.000E+01
2.00E-02     3.031E+08     1.000E+01
2.50E-02     3.046E+08     1.000E+01
3.00E-02     3.061E+08     1.000E+01
4.00E-02     3.092E+08     1.000E+01
5.00E-02     3.123E+08     1.000E+01
6.00E-02     3.164E+08     1.000E+01
7.00E-02     3.207E+08     1.000E+01
8.00E-02     3.250E+08     1.000E+01
9.00E-02     3.293E+08     1.000E+01
1.00E-01     3.337E+08     1.000E+01
1.10E-01     3.383E+08     1.000E+01
1.20E-01     3.428E+08     1.000E+01
1.30E-01     3.475E+08     1.000E+01
1.40E-01     3.522E+08     1.000E+01
1.50E-01     3.570E+08     1.000E+01
1.60E-01     3.618E+08     1.000E+01
1.80E-01     3.717E+08     1.000E+01
2.00E-01     3.818E+08     1.000E+01
2.50E-01     4.070E+08     1.000E+01
3.00E-01     4.314E+08     1.000E+01
3.50E-01     4.538E+08     1.000E+01
4.00E-01     4.773E+08     1.000E+01
4.50E-01     4.981E+08     1.000E+01
5.00E-01     5.198E+08     1.000E+01
6.00E-01     5.599E+08     1.000E+01
7.00E-01     5.981E+08     1.000E+01
8.00E-01     6.344E+08     1.000E+01
9.00E-01     6.690E+08     1.000E+01
1.00E+00     7.018E+08     1.000E+01
1.25E+00     7.689E+08     1.000E+01
1.50E+00     8.424E+08     1.000E+01
1.75E+00     8.938E+08     1.000E+01
2.00E+00     9.484E+08     1.000E+01
2.50E+00     1.027E+09     1.000E+01
3.00E+00     1.086E+09     1.000E+01
3.50E+00     1.131E+09     1.000E+01
4.00E+00     1.166E+09     1.000E+01
5.00E+00     1.217E+09     1.000E+01
6.00E+00     1.250E+09     1.000E+01
7.00E+00     1.256E+09     1.000E+01
8.00E+00     1.150E+09     1.000E+01
9.00E+00     7.794E+08     1.000E+01
1.00E+01     3.514E+08     1.000E+01
