4        n tc85 tc86                       taly      1.33340E+01      
1.00E-03     5.579E+03     1.000E+01
2.00E-03     5.644E+03     1.000E+01
3.00E-03     5.709E+03     1.000E+01
4.00E-03     5.774E+03     1.000E+01
5.00E-03     5.839E+03     1.000E+01
6.00E-03     5.824E+03     1.000E+01
7.00E-03     5.809E+03     1.000E+01
8.00E-03     5.794E+03     1.000E+01
9.00E-03     5.780E+03     1.000E+01
1.00E-02     5.765E+03     1.000E+01
1.10E-02     5.783E+03     1.000E+01
1.20E-02     5.802E+03     1.000E+01
1.30E-02     5.821E+03     1.000E+01
1.40E-02     5.839E+03     1.000E+01
1.50E-02     5.858E+03     1.000E+01
1.60E-02     5.877E+03     1.000E+01
1.80E-02     5.914E+03     1.000E+01
2.00E-02     5.952E+03     1.000E+01
2.50E-02     6.045E+03     1.000E+01
3.00E-02     6.139E+03     1.000E+01
4.00E-02     6.325E+03     1.000E+01
5.00E-02     6.512E+03     1.000E+01
6.00E-02     6.715E+03     1.000E+01
7.00E-02     6.917E+03     1.000E+01
8.00E-02     7.120E+03     1.000E+01
9.00E-02     7.322E+03     1.000E+01
1.00E-01     7.524E+03     1.000E+01
1.10E-01     7.730E+03     1.000E+01
1.20E-01     7.935E+03     1.000E+01
1.30E-01     8.140E+03     1.000E+01
1.40E-01     8.346E+03     1.000E+01
1.50E-01     8.551E+03     1.000E+01
1.60E-01     8.759E+03     1.000E+01
1.80E-01     9.175E+03     1.000E+01
2.00E-01     9.591E+03     1.000E+01
2.50E-01     1.061E+04     1.000E+01
3.00E-01     1.157E+04     1.000E+01
3.50E-01     1.241E+04     1.000E+01
4.00E-01     1.326E+04     1.000E+01
4.50E-01     1.383E+04     1.000E+01
5.00E-01     1.441E+04     1.000E+01
6.00E-01     1.449E+04     1.000E+01
7.00E-01     1.320E+04     1.000E+01
8.00E-01     1.100E+04     1.000E+01
9.00E-01     8.706E+03     1.000E+01
1.00E+00     6.786E+03     1.000E+01
1.25E+00     4.652E+03     1.000E+01
1.50E+00     2.519E+03     1.000E+01
1.75E+00     2.001E+03     1.000E+01
2.00E+00     1.483E+03     1.000E+01
2.50E+00     1.122E+03     1.000E+01
3.00E+00     9.627E+02     1.000E+01
3.50E+00     8.814E+02     1.000E+01
4.00E+00     8.349E+02     1.000E+01
5.00E+00     7.812E+02     1.000E+01
6.00E+00     7.347E+02     1.000E+01
7.00E+00     6.719E+02     1.000E+01
8.00E+00     5.876E+02     1.000E+01
9.00E+00     4.893E+02     1.000E+01
1.00E+01     3.898E+02     1.000E+01
