4        p tc87 ru88                       taly      3.99800E+00      
1.00E-03     0.000E+00     1.000E+00
2.00E-03     0.000E+00     1.000E+00
3.00E-03     0.000E+00     1.000E+00
4.00E-03     0.000E+00     1.000E+00
5.00E-03     0.000E+00     1.000E+00
6.00E-03     0.000E+00     1.000E+00
7.00E-03     0.000E+00     1.000E+00
8.00E-03     0.000E+00     1.000E+00
9.00E-03     0.000E+00     1.000E+00
1.00E-02     0.000E+00     1.000E+00
1.10E-02     2.076E-98     1.000E+01
1.20E-02     4.310E-97     1.000E+01
1.30E-02     8.948E-96     1.000E+01
1.40E-02     1.858E-94     1.000E+01
1.50E-02     3.857E-93     1.000E+01
1.60E-02     8.007E-92     1.000E+01
1.80E-02     3.451E-89     1.000E+01
2.00E-02     1.487E-86     1.000E+01
2.50E-02     5.737E-80     1.000E+01
3.00E-02     2.213E-73     1.000E+01
4.00E-02     3.291E-60     1.000E+01
5.00E-02     4.895E-47     1.000E+01
6.00E-02     1.002E-43     1.000E+01
7.00E-02     2.053E-40     1.000E+01
8.00E-02     4.203E-37     1.000E+01
9.00E-02     8.606E-34     1.000E+01
1.00E-01     1.762E-30     1.000E+01
1.10E-01     3.142E-29     1.000E+01
1.20E-01     5.602E-28     1.000E+01
1.30E-01     9.987E-27     1.000E+01
1.40E-01     1.780E-25     1.000E+01
1.50E-01     3.174E-24     1.000E+01
1.60E-01     1.840E-23     1.000E+01
1.80E-01     6.187E-22     1.000E+01
2.00E-01     2.080E-20     1.000E+01
2.50E-01     1.062E-17     1.000E+01
3.00E-01     1.232E-15     1.000E+01
3.50E-01     3.920E-14     1.000E+01
4.00E-01     1.248E-12     1.000E+01
4.50E-01     1.455E-11     1.000E+01
5.00E-01     1.697E-10     1.000E+01
6.00E-01     7.107E-09     1.000E+01
7.00E-01     1.380E-07     1.000E+01
8.00E-01     1.562E-06     1.000E+01
9.00E-01     1.186E-05     1.000E+01
1.00E+00     6.619E-05     1.000E+01
1.25E+00     1.174E-03     1.000E+01
1.50E+00     2.082E-02     1.000E+01
1.75E+00     1.034E-01     1.000E+01
2.00E+00     5.135E-01     1.000E+01
2.50E+00     2.627E+00     1.000E+01
3.00E+00     4.611E+00     1.000E+01
3.50E+00     5.641E+00     1.000E+01
4.00E+00     6.384E+00     1.000E+01
5.00E+00     7.878E+00     1.000E+01
6.00E+00     9.548E+00     1.000E+01
7.00E+00     1.131E+01     1.000E+01
8.00E+00     1.307E+01     1.000E+01
9.00E+00     1.475E+01     1.000E+01
1.00E+01     1.635E+01     1.000E+01
