5      he4 ti43    p  v46                  taly      2.89000E+00      
1.00E-03     0.000E+00     1.000E+00
2.00E-03     0.000E+00     1.000E+00
3.00E-03     0.000E+00     1.000E+00
4.00E-03     0.000E+00     1.000E+00
5.00E-03     0.000E+00     1.000E+00
6.00E-03     0.000E+00     1.000E+00
7.00E-03     0.000E+00     1.000E+00
8.00E-03     0.000E+00     1.000E+00
9.00E-03     0.000E+00     1.000E+00
1.00E-02     0.000E+00     1.000E+00
1.10E-02     0.000E+00     1.000E+00
1.20E-02     0.000E+00     1.000E+00
1.30E-02     0.000E+00     1.000E+00
1.40E-02     0.000E+00     1.000E+00
1.50E-02     0.000E+00     1.000E+00
1.60E-02     0.000E+00     1.000E+00
1.80E-02     0.000E+00     1.000E+00
2.00E-02     0.000E+00     1.000E+00
2.50E-02     0.000E+00     1.000E+00
3.00E-02     0.000E+00     1.000E+00
4.00E-02     0.000E+00     1.000E+00
5.00E-02     0.000E+00     1.000E+00
6.00E-02     0.000E+00     1.000E+00
7.00E-02     0.000E+00     1.000E+00
8.00E-02     0.000E+00     1.000E+00
9.00E-02     0.000E+00     1.000E+00
1.00E-01     0.000E+00     1.000E+00
1.10E-01     1.064E-88     1.000E+01
1.20E-01     1.133E-77     1.000E+01
1.30E-01     1.205E-66     1.000E+01
1.40E-01     1.283E-55     1.000E+01
1.50E-01     1.365E-44     1.000E+01
1.60E-01     4.500E-43     1.000E+01
1.80E-01     4.890E-40     1.000E+01
2.00E-01     5.313E-37     1.000E+01
2.50E-01     2.773E-32     1.000E+01
3.00E-01     6.438E-29     1.000E+01
3.50E-01     1.566E-26     1.000E+01
4.00E-01     3.809E-24     1.000E+01
4.50E-01     1.854E-22     1.000E+01
5.00E-01     9.023E-21     1.000E+01
6.00E-01     3.361E-18     1.000E+01
7.00E-01     3.776E-16     1.000E+01
8.00E-01     1.853E-14     1.000E+01
9.00E-01     4.989E-13     1.000E+01
1.00E+00     8.509E-12     1.000E+01
1.25E+00     1.239E-09     1.000E+01
1.50E+00     1.805E-07     1.000E+01
1.75E+00     3.982E-06     1.000E+01
2.00E+00     8.786E-05     1.000E+01
2.50E+00     6.568E-03     1.000E+01
3.00E+00     1.630E-01     1.000E+01
3.50E+00     1.972E+00     1.000E+01
4.00E+00     1.444E+01     1.000E+01
5.00E+00     2.752E+02     1.000E+01
6.00E+00     2.030E+03     1.000E+01
7.00E+00     7.800E+03     1.000E+01
8.00E+00     1.919E+04     1.000E+01
9.00E+00     3.532E+04     1.000E+01
1.00E+01     5.389E+04     1.000E+01
