5        n ti47  he4 ca44                  taly      2.17900E+00      
1.00E-03     6.181E+00     1.000E+01
2.00E-03     5.223E+00     1.000E+01
3.00E-03     4.414E+00     1.000E+01
4.00E-03     3.731E+00     1.000E+01
5.00E-03     3.153E+00     1.000E+01
6.00E-03     2.971E+00     1.000E+01
7.00E-03     2.801E+00     1.000E+01
8.00E-03     2.640E+00     1.000E+01
9.00E-03     2.488E+00     1.000E+01
1.00E-02     2.345E+00     1.000E+01
1.10E-02     2.312E+00     1.000E+01
1.20E-02     2.279E+00     1.000E+01
1.30E-02     2.247E+00     1.000E+01
1.40E-02     2.216E+00     1.000E+01
1.50E-02     2.184E+00     1.000E+01
1.60E-02     2.154E+00     1.000E+01
1.80E-02     2.093E+00     1.000E+01
2.00E-02     2.035E+00     1.000E+01
2.50E-02     1.896E+00     1.000E+01
3.00E-02     1.766E+00     1.000E+01
4.00E-02     1.532E+00     1.000E+01
5.00E-02     1.330E+00     1.000E+01
6.00E-02     1.294E+00     1.000E+01
7.00E-02     1.260E+00     1.000E+01
8.00E-02     1.226E+00     1.000E+01
9.00E-02     1.194E+00     1.000E+01
1.00E-01     1.162E+00     1.000E+01
1.10E-01     1.165E+00     1.000E+01
1.20E-01     1.168E+00     1.000E+01
1.30E-01     1.171E+00     1.000E+01
1.40E-01     1.174E+00     1.000E+01
1.50E-01     1.177E+00     1.000E+01
1.60E-01     1.197E+00     1.000E+01
1.80E-01     1.238E+00     1.000E+01
2.00E-01     1.280E+00     1.000E+01
2.50E-01     1.434E+00     1.000E+01
3.00E-01     1.619E+00     1.000E+01
3.50E-01     1.823E+00     1.000E+01
4.00E-01     2.054E+00     1.000E+01
4.50E-01     2.301E+00     1.000E+01
5.00E-01     2.578E+00     1.000E+01
6.00E-01     3.225E+00     1.000E+01
7.00E-01     4.045E+00     1.000E+01
8.00E-01     5.109E+00     1.000E+01
9.00E-01     6.516E+00     1.000E+01
1.00E+00     8.399E+00     1.000E+01
1.25E+00     1.688E+01     1.000E+01
1.50E+00     3.393E+01     1.000E+01
1.75E+00     7.088E+01     1.000E+01
2.00E+00     1.481E+02     1.000E+01
2.50E+00     5.987E+02     1.000E+01
3.00E+00     2.083E+03     1.000E+01
3.50E+00     6.166E+03     1.000E+01
4.00E+00     1.565E+04     1.000E+01
5.00E+00     6.610E+04     1.000E+01
6.00E+00     1.736E+05     1.000E+01
7.00E+00     3.320E+05     1.000E+01
8.00E+00     5.349E+05     1.000E+01
9.00E+00     7.883E+05     1.000E+01
1.00E+01     1.102E+06     1.000E+01
