4      he4 ti41 cr45                       taly      6.24200E+00      
1.00E-03     0.000E+00     1.000E+00
2.00E-03     0.000E+00     1.000E+00
3.00E-03     0.000E+00     1.000E+00
4.00E-03     0.000E+00     1.000E+00
5.00E-03     0.000E+00     1.000E+00
6.00E-03     0.000E+00     1.000E+00
7.00E-03     0.000E+00     1.000E+00
8.00E-03     0.000E+00     1.000E+00
9.00E-03     0.000E+00     1.000E+00
1.00E-02     0.000E+00     1.000E+00
1.10E-02     0.000E+00     1.000E+00
1.20E-02     0.000E+00     1.000E+00
1.30E-02     0.000E+00     1.000E+00
1.40E-02     0.000E+00     1.000E+00
1.50E-02     0.000E+00     1.000E+00
1.60E-02     0.000E+00     1.000E+00
1.80E-02     0.000E+00     1.000E+00
2.00E-02     0.000E+00     1.000E+00
2.50E-02     0.000E+00     1.000E+00
3.00E-02     0.000E+00     1.000E+00
4.00E-02     0.000E+00     1.000E+00
5.00E-02     0.000E+00     1.000E+00
6.00E-02     0.000E+00     1.000E+00
7.00E-02     0.000E+00     1.000E+00
8.00E-02     0.000E+00     1.000E+00
9.00E-02     0.000E+00     1.000E+00
1.00E-01     0.000E+00     1.000E+00
1.10E-01     2.320E-89     1.000E+01
1.20E-01     5.382E-79     1.000E+01
1.30E-01     1.249E-68     1.000E+01
1.40E-01     2.896E-58     1.000E+01
1.50E-01     6.719E-48     1.000E+01
1.60E-01     1.897E-46     1.000E+01
1.80E-01     1.513E-43     1.000E+01
2.00E-01     1.206E-40     1.000E+01
2.50E-01     3.311E-36     1.000E+01
3.00E-01     4.717E-33     1.000E+01
3.50E-01     9.145E-31     1.000E+01
4.00E-01     1.773E-28     1.000E+01
4.50E-01     7.708E-27     1.000E+01
5.00E-01     3.351E-25     1.000E+01
6.00E-01     1.035E-22     1.000E+01
7.00E-01     9.820E-21     1.000E+01
8.00E-01     4.116E-19     1.000E+01
9.00E-01     9.535E-18     1.000E+01
1.00E+00     1.413E-16     1.000E+01
1.25E+00     1.529E-14     1.000E+01
1.50E+00     1.654E-12     1.000E+01
1.75E+00     2.787E-11     1.000E+01
2.00E+00     4.696E-10     1.000E+01
2.50E+00     2.227E-08     1.000E+01
3.00E+00     3.885E-07     1.000E+01
3.50E+00     3.556E-06     1.000E+01
4.00E+00     2.068E-05     1.000E+01
5.00E+00     2.810E-04     1.000E+01
6.00E+00     1.766E-03     1.000E+01
7.00E+00     6.955E-03     1.000E+01
8.00E+00     2.023E-02     1.000E+01
9.00E+00     4.770E-02     1.000E+01
1.00E+01     9.632E-02     1.000E+01
