4      he4 ti42 cr46                       taly      6.79400E+00      
1.00E-03     0.000E+00     1.000E+00
2.00E-03     0.000E+00     1.000E+00
3.00E-03     0.000E+00     1.000E+00
4.00E-03     0.000E+00     1.000E+00
5.00E-03     0.000E+00     1.000E+00
6.00E-03     0.000E+00     1.000E+00
7.00E-03     0.000E+00     1.000E+00
8.00E-03     0.000E+00     1.000E+00
9.00E-03     0.000E+00     1.000E+00
1.00E-02     0.000E+00     1.000E+00
1.10E-02     0.000E+00     1.000E+00
1.20E-02     0.000E+00     1.000E+00
1.30E-02     0.000E+00     1.000E+00
1.40E-02     0.000E+00     1.000E+00
1.50E-02     0.000E+00     1.000E+00
1.60E-02     0.000E+00     1.000E+00
1.80E-02     0.000E+00     1.000E+00
2.00E-02     0.000E+00     1.000E+00
2.50E-02     0.000E+00     1.000E+00
3.00E-02     0.000E+00     1.000E+00
4.00E-02     0.000E+00     1.000E+00
5.00E-02     0.000E+00     1.000E+00
6.00E-02     0.000E+00     1.000E+00
7.00E-02     0.000E+00     1.000E+00
8.00E-02     0.000E+00     1.000E+00
9.00E-02     0.000E+00     1.000E+00
1.00E-01     0.000E+00     1.000E+00
1.10E-01     2.806E-89     1.000E+01
1.20E-01     7.871E-79     1.000E+01
1.30E-01     2.208E-68     1.000E+01
1.40E-01     6.196E-58     1.000E+01
1.50E-01     1.738E-47     1.000E+01
1.60E-01     5.023E-46     1.000E+01
1.80E-01     4.195E-43     1.000E+01
2.00E-01     3.503E-40     1.000E+01
2.50E-01     1.177E-35     1.000E+01
3.00E-01     2.071E-32     1.000E+01
3.50E-01     4.389E-30     1.000E+01
4.00E-01     9.304E-28     1.000E+01
4.50E-01     4.162E-26     1.000E+01
5.00E-01     1.862E-24     1.000E+01
6.00E-01     6.083E-22     1.000E+01
7.00E-01     6.128E-20     1.000E+01
8.00E-01     2.702E-18     1.000E+01
9.00E-01     6.487E-17     1.000E+01
1.00E+00     9.844E-16     1.000E+01
1.25E+00     1.178E-13     1.000E+01
1.50E+00     1.409E-11     1.000E+01
1.75E+00     2.911E-10     1.000E+01
2.00E+00     6.015E-09     1.000E+01
2.50E+00     4.262E-07     1.000E+01
3.00E+00     1.031E-05     1.000E+01
3.50E+00     1.231E-04     1.000E+01
4.00E+00     8.938E-04     1.000E+01
5.00E+00     1.707E-02     1.000E+01
6.00E+00     1.323E-01     1.000E+01
7.00E+00     5.547E-01     1.000E+01
8.00E+00     1.440E+00     1.000E+01
9.00E+00     2.574E+00     1.000E+01
1.00E+01     3.592E+00     1.000E+01
