4        p ti47  v48                       taly      6.83000E+00      
1.00E-03     0.000E+00     1.000E+00
2.00E-03     0.000E+00     1.000E+00
3.00E-03     0.000E+00     1.000E+00
4.00E-03     0.000E+00     1.000E+00
5.00E-03     0.000E+00     1.000E+00
6.00E-03     0.000E+00     1.000E+00
7.00E-03     0.000E+00     1.000E+00
8.00E-03     0.000E+00     1.000E+00
9.00E-03     0.000E+00     1.000E+00
1.00E-02     0.000E+00     1.000E+00
1.10E-02     8.133E-98     1.000E+01
1.20E-02     6.615E-96     1.000E+01
1.30E-02     5.381E-94     1.000E+01
1.40E-02     4.376E-92     1.000E+01
1.50E-02     3.559E-90     1.000E+01
1.60E-02     2.895E-88     1.000E+01
1.80E-02     1.915E-84     1.000E+01
2.00E-02     1.267E-80     1.000E+01
2.50E-02     4.509E-71     1.000E+01
3.00E-02     1.605E-61     1.000E+01
4.00E-02     2.033E-42     1.000E+01
5.00E-02     2.576E-23     1.000E+01
6.00E-02     9.688E-22     1.000E+01
7.00E-02     3.644E-20     1.000E+01
8.00E-02     1.370E-18     1.000E+01
9.00E-02     5.153E-17     1.000E+01
1.00E-01     1.938E-15     1.000E+01
1.10E-01     1.114E-14     1.000E+01
1.20E-01     6.404E-14     1.000E+01
1.30E-01     3.681E-13     1.000E+01
1.40E-01     2.116E-12     1.000E+01
1.50E-01     1.216E-11     1.000E+01
1.60E-01     3.652E-11     1.000E+01
1.80E-01     3.292E-10     1.000E+01
2.00E-01     2.967E-09     1.000E+01
2.50E-01     1.463E-07     1.000E+01
3.00E-01     2.839E-06     1.000E+01
3.50E-01     2.442E-05     1.000E+01
4.00E-01     2.100E-04     1.000E+01
4.50E-01     9.576E-04     1.000E+01
5.00E-01     4.367E-03     1.000E+01
6.00E-01     4.287E-02     1.000E+01
7.00E-01     2.570E-01     1.000E+01
8.00E-01     1.091E+00     1.000E+01
9.00E-01     3.601E+00     1.000E+01
1.00E+00     9.827E+00     1.000E+01
1.25E+00     5.147E+01     1.000E+01
1.50E+00     2.696E+02     1.000E+01
1.75E+00     6.824E+02     1.000E+01
2.00E+00     1.727E+03     1.000E+01
2.50E+00     5.704E+03     1.000E+01
3.00E+00     1.316E+04     1.000E+01
3.50E+00     2.433E+04     1.000E+01
4.00E+00     3.849E+04     1.000E+01
5.00E+00     6.763E+04     1.000E+01
6.00E+00     8.226E+04     1.000E+01
7.00E+00     7.972E+04     1.000E+01
8.00E+00     7.023E+04     1.000E+01
9.00E+00     6.065E+04     1.000E+01
1.00E+01     5.298E+04     1.000E+01
