4        p ti44  v45                       taly      1.62100E+00      
1.00E-03     0.000E+00     1.000E+00
2.00E-03     0.000E+00     1.000E+00
3.00E-03     0.000E+00     1.000E+00
4.00E-03     0.000E+00     1.000E+00
5.00E-03     0.000E+00     1.000E+00
6.00E-03     0.000E+00     1.000E+00
7.00E-03     0.000E+00     1.000E+00
8.00E-03     0.000E+00     1.000E+00
9.00E-03     0.000E+00     1.000E+00
1.00E-02     0.000E+00     1.000E+00
1.10E-02     8.168E-98     1.000E+01
1.20E-02     6.671E-96     1.000E+01
1.30E-02     5.448E-94     1.000E+01
1.40E-02     4.450E-92     1.000E+01
1.50E-02     3.635E-90     1.000E+01
1.60E-02     2.969E-88     1.000E+01
1.80E-02     1.980E-84     1.000E+01
2.00E-02     1.321E-80     1.000E+01
2.50E-02     4.801E-71     1.000E+01
3.00E-02     1.745E-61     1.000E+01
4.00E-02     2.305E-42     1.000E+01
5.00E-02     3.045E-23     1.000E+01
6.00E-02     1.144E-21     1.000E+01
7.00E-02     4.299E-20     1.000E+01
8.00E-02     1.615E-18     1.000E+01
9.00E-02     6.068E-17     1.000E+01
1.00E-01     2.280E-15     1.000E+01
1.10E-01     1.313E-14     1.000E+01
1.20E-01     7.559E-14     1.000E+01
1.30E-01     4.352E-13     1.000E+01
1.40E-01     2.506E-12     1.000E+01
1.50E-01     1.443E-11     1.000E+01
1.60E-01     4.326E-11     1.000E+01
1.80E-01     3.886E-10     1.000E+01
2.00E-01     3.492E-09     1.000E+01
2.50E-01     1.626E-07     1.000E+01
3.00E-01     2.790E-06     1.000E+01
3.50E-01     1.966E-05     1.000E+01
4.00E-01     1.385E-04     1.000E+01
4.50E-01     4.951E-04     1.000E+01
5.00E-01     1.770E-03     1.000E+01
6.00E-01     1.067E-02     1.000E+01
7.00E-01     4.084E-02     1.000E+01
8.00E-01     1.164E-01     1.000E+01
9.00E-01     2.712E-01     1.000E+01
1.00E+00     5.464E-01     1.000E+01
1.25E+00     1.721E+00     1.000E+01
1.50E+00     5.420E+00     1.000E+01
1.75E+00     1.050E+01     1.000E+01
2.00E+00     2.034E+01     1.000E+01
2.50E+00     4.946E+01     1.000E+01
3.00E+00     9.454E+01     1.000E+01
3.50E+00     1.555E+02     1.000E+01
4.00E+00     2.310E+02     1.000E+01
5.00E+00     4.163E+02     1.000E+01
6.00E+00     6.202E+02     1.000E+01
7.00E+00     7.643E+02     1.000E+01
8.00E+00     7.333E+02     1.000E+01
9.00E+00     5.575E+02     1.000E+01
1.00E+01     3.807E+02     1.000E+01
