5        n ti42  he4 ca39                  taly      7.82400E+00      
1.00E-03     6.103E+07     1.000E+01
2.00E-03     6.121E+07     1.000E+01
3.00E-03     6.140E+07     1.000E+01
4.00E-03     6.158E+07     1.000E+01
5.00E-03     6.176E+07     1.000E+01
6.00E-03     6.123E+07     1.000E+01
7.00E-03     6.070E+07     1.000E+01
8.00E-03     6.018E+07     1.000E+01
9.00E-03     5.966E+07     1.000E+01
1.00E-02     5.915E+07     1.000E+01
1.10E-02     5.904E+07     1.000E+01
1.20E-02     5.893E+07     1.000E+01
1.30E-02     5.882E+07     1.000E+01
1.40E-02     5.871E+07     1.000E+01
1.50E-02     5.860E+07     1.000E+01
1.60E-02     5.849E+07     1.000E+01
1.80E-02     5.828E+07     1.000E+01
2.00E-02     5.806E+07     1.000E+01
2.50E-02     5.753E+07     1.000E+01
3.00E-02     5.700E+07     1.000E+01
4.00E-02     5.596E+07     1.000E+01
5.00E-02     5.493E+07     1.000E+01
6.00E-02     5.448E+07     1.000E+01
7.00E-02     5.404E+07     1.000E+01
8.00E-02     5.360E+07     1.000E+01
9.00E-02     5.316E+07     1.000E+01
1.00E-01     5.272E+07     1.000E+01
1.10E-01     5.244E+07     1.000E+01
1.20E-01     5.216E+07     1.000E+01
1.30E-01     5.188E+07     1.000E+01
1.40E-01     5.161E+07     1.000E+01
1.50E-01     5.133E+07     1.000E+01
1.60E-01     5.115E+07     1.000E+01
1.80E-01     5.079E+07     1.000E+01
2.00E-01     5.043E+07     1.000E+01
2.50E-01     4.978E+07     1.000E+01
3.00E-01     4.926E+07     1.000E+01
3.50E-01     4.881E+07     1.000E+01
4.00E-01     4.836E+07     1.000E+01
4.50E-01     4.797E+07     1.000E+01
5.00E-01     4.758E+07     1.000E+01
6.00E-01     4.690E+07     1.000E+01
7.00E-01     4.632E+07     1.000E+01
8.00E-01     4.583E+07     1.000E+01
9.00E-01     4.542E+07     1.000E+01
1.00E+00     4.507E+07     1.000E+01
1.25E+00     4.454E+07     1.000E+01
1.50E+00     4.402E+07     1.000E+01
1.75E+00     4.383E+07     1.000E+01
2.00E+00     4.364E+07     1.000E+01
2.50E+00     4.359E+07     1.000E+01
3.00E+00     4.369E+07     1.000E+01
3.50E+00     4.388E+07     1.000E+01
4.00E+00     4.415E+07     1.000E+01
5.00E+00     4.507E+07     1.000E+01
6.00E+00     4.621E+07     1.000E+01
7.00E+00     4.519E+07     1.000E+01
8.00E+00     3.906E+07     1.000E+01
9.00E+00     2.918E+07     1.000E+01
1.00E+01     1.978E+07     1.000E+01
