5      he4 ti41    p  v44                  taly      3.55400E+00      
1.00E-03     0.000E+00     1.000E+00
2.00E-03     0.000E+00     1.000E+00
3.00E-03     0.000E+00     1.000E+00
4.00E-03     0.000E+00     1.000E+00
5.00E-03     0.000E+00     1.000E+00
6.00E-03     0.000E+00     1.000E+00
7.00E-03     0.000E+00     1.000E+00
8.00E-03     0.000E+00     1.000E+00
9.00E-03     0.000E+00     1.000E+00
1.00E-02     0.000E+00     1.000E+00
1.10E-02     0.000E+00     1.000E+00
1.20E-02     0.000E+00     1.000E+00
1.30E-02     0.000E+00     1.000E+00
1.40E-02     0.000E+00     1.000E+00
1.50E-02     0.000E+00     1.000E+00
1.60E-02     0.000E+00     1.000E+00
1.80E-02     0.000E+00     1.000E+00
2.00E-02     0.000E+00     1.000E+00
2.50E-02     0.000E+00     1.000E+00
3.00E-02     0.000E+00     1.000E+00
4.00E-02     0.000E+00     1.000E+00
5.00E-02     0.000E+00     1.000E+00
6.00E-02     0.000E+00     1.000E+00
7.00E-02     0.000E+00     1.000E+00
8.00E-02     0.000E+00     1.000E+00
9.00E-02     0.000E+00     1.000E+00
1.00E-01     0.000E+00     1.000E+00
1.10E-01     1.459E-88     1.000E+01
1.20E-01     2.129E-77     1.000E+01
1.30E-01     3.105E-66     1.000E+01
1.40E-01     4.531E-55     1.000E+01
1.50E-01     6.610E-44     1.000E+01
1.60E-01     1.953E-42     1.000E+01
1.80E-01     1.706E-39     1.000E+01
2.00E-01     1.490E-36     1.000E+01
2.50E-01     5.970E-32     1.000E+01
3.00E-01     1.220E-28     1.000E+01
3.50E-01     2.779E-26     1.000E+01
4.00E-01     6.327E-24     1.000E+01
4.50E-01     2.921E-22     1.000E+01
5.00E-01     1.349E-20     1.000E+01
6.00E-01     4.551E-18     1.000E+01
7.00E-01     4.651E-16     1.000E+01
8.00E-01     2.073E-14     1.000E+01
9.00E-01     5.055E-13     1.000E+01
1.00E+00     7.813E-12     1.000E+01
1.25E+00     8.860E-10     1.000E+01
1.50E+00     1.005E-07     1.000E+01
1.75E+00     1.652E-06     1.000E+01
2.00E+00     2.715E-05     1.000E+01
2.50E+00     1.120E-03     1.000E+01
3.00E+00     1.636E-02     1.000E+01
3.50E+00     1.253E-01     1.000E+01
4.00E+00     6.195E-01     1.000E+01
5.00E+00     6.397E+00     1.000E+01
6.00E+00     3.211E+01     1.000E+01
7.00E+00     1.040E+02     1.000E+01
8.00E+00     2.534E+02     1.000E+01
9.00E+00     5.068E+02     1.000E+01
1.00E+01     8.777E+02     1.000E+01
