4        n ti40 ti41                       taly      1.49190E+01      
1.00E-03     3.255E+03     1.000E+01
2.00E-03     3.271E+03     1.000E+01
3.00E-03     3.286E+03     1.000E+01
4.00E-03     3.302E+03     1.000E+01
5.00E-03     3.317E+03     1.000E+01
6.00E-03     3.292E+03     1.000E+01
7.00E-03     3.268E+03     1.000E+01
8.00E-03     3.243E+03     1.000E+01
9.00E-03     3.218E+03     1.000E+01
1.00E-02     3.194E+03     1.000E+01
1.10E-02     3.190E+03     1.000E+01
1.20E-02     3.187E+03     1.000E+01
1.30E-02     3.183E+03     1.000E+01
1.40E-02     3.180E+03     1.000E+01
1.50E-02     3.176E+03     1.000E+01
1.60E-02     3.173E+03     1.000E+01
1.80E-02     3.166E+03     1.000E+01
2.00E-02     3.159E+03     1.000E+01
2.50E-02     3.142E+03     1.000E+01
3.00E-02     3.125E+03     1.000E+01
4.00E-02     3.091E+03     1.000E+01
5.00E-02     3.057E+03     1.000E+01
6.00E-02     3.049E+03     1.000E+01
7.00E-02     3.041E+03     1.000E+01
8.00E-02     3.033E+03     1.000E+01
9.00E-02     3.025E+03     1.000E+01
1.00E-01     3.018E+03     1.000E+01
1.10E-01     3.017E+03     1.000E+01
1.20E-01     3.016E+03     1.000E+01
1.30E-01     3.015E+03     1.000E+01
1.40E-01     3.014E+03     1.000E+01
1.50E-01     3.013E+03     1.000E+01
1.60E-01     3.017E+03     1.000E+01
1.80E-01     3.024E+03     1.000E+01
2.00E-01     3.031E+03     1.000E+01
2.50E-01     3.059E+03     1.000E+01
3.00E-01     3.089E+03     1.000E+01
3.50E-01     3.118E+03     1.000E+01
4.00E-01     3.146E+03     1.000E+01
4.50E-01     3.172E+03     1.000E+01
5.00E-01     3.198E+03     1.000E+01
6.00E-01     3.248E+03     1.000E+01
7.00E-01     3.298E+03     1.000E+01
8.00E-01     3.347E+03     1.000E+01
9.00E-01     3.396E+03     1.000E+01
1.00E+00     3.446E+03     1.000E+01
1.25E+00     3.653E+03     1.000E+01
1.50E+00     3.860E+03     1.000E+01
1.75E+00     4.314E+03     1.000E+01
2.00E+00     4.769E+03     1.000E+01
2.50E+00     5.632E+03     1.000E+01
3.00E+00     5.856E+03     1.000E+01
3.50E+00     5.574E+03     1.000E+01
4.00E+00     5.090E+03     1.000E+01
5.00E+00     4.102E+03     1.000E+01
6.00E+00     3.319E+03     1.000E+01
7.00E+00     2.726E+03     1.000E+01
8.00E+00     2.270E+03     1.000E+01
9.00E+00     1.908E+03     1.000E+01
1.00E+01     1.612E+03     1.000E+01
