4      he4 ti47 cr51                       taly      8.94000E+00      
1.00E-03     0.000E+00     1.000E+00
2.00E-03     0.000E+00     1.000E+00
3.00E-03     0.000E+00     1.000E+00
4.00E-03     0.000E+00     1.000E+00
5.00E-03     0.000E+00     1.000E+00
6.00E-03     0.000E+00     1.000E+00
7.00E-03     0.000E+00     1.000E+00
8.00E-03     0.000E+00     1.000E+00
9.00E-03     0.000E+00     1.000E+00
1.00E-02     0.000E+00     1.000E+00
1.10E-02     0.000E+00     1.000E+00
1.20E-02     0.000E+00     1.000E+00
1.30E-02     0.000E+00     1.000E+00
1.40E-02     0.000E+00     1.000E+00
1.50E-02     0.000E+00     1.000E+00
1.60E-02     0.000E+00     1.000E+00
1.80E-02     0.000E+00     1.000E+00
2.00E-02     0.000E+00     1.000E+00
2.50E-02     0.000E+00     1.000E+00
3.00E-02     0.000E+00     1.000E+00
4.00E-02     0.000E+00     1.000E+00
5.00E-02     0.000E+00     1.000E+00
6.00E-02     0.000E+00     1.000E+00
7.00E-02     0.000E+00     1.000E+00
8.00E-02     0.000E+00     1.000E+00
9.00E-02     0.000E+00     1.000E+00
1.00E-01     0.000E+00     1.000E+00
1.10E-01     1.395E-88     1.000E+01
1.20E-01     1.946E-77     1.000E+01
1.30E-01     2.714E-66     1.000E+01
1.40E-01     3.786E-55     1.000E+01
1.50E-01     5.281E-44     1.000E+01
1.60E-01     1.428E-42     1.000E+01
1.80E-01     1.043E-39     1.000E+01
2.00E-01     7.625E-37     1.000E+01
2.50E-01     2.520E-32     1.000E+01
3.00E-01     4.334E-29     1.000E+01
3.50E-01     7.384E-27     1.000E+01
4.00E-01     1.258E-24     1.000E+01
4.50E-01     4.378E-23     1.000E+01
5.00E-01     1.523E-21     1.000E+01
6.00E-01     3.546E-19     1.000E+01
7.00E-01     2.739E-17     1.000E+01
8.00E-01     9.312E-16     1.000E+01
9.00E-01     1.705E-14     1.000E+01
1.00E+00     1.962E-13     1.000E+01
1.25E+00     1.383E-11     1.000E+01
1.50E+00     9.750E-10     1.000E+01
1.75E+00     1.684E-08     1.000E+01
2.00E+00     2.909E-07     1.000E+01
2.50E+00     1.675E-05     1.000E+01
3.00E+00     3.342E-04     1.000E+01
3.50E+00     3.343E-03     1.000E+01
4.00E+00     2.065E-02     1.000E+01
5.00E+00     2.880E-01     1.000E+01
6.00E+00     1.593E+00     1.000E+01
7.00E+00     4.953E+00     1.000E+01
8.00E+00     1.103E+01     1.000E+01
9.00E+00     2.025E+01     1.000E+01
1.00E+01     3.290E+01     1.000E+01
