5      he4 ti40    p  v43                  taly      4.20200E+00      
1.00E-03     0.000E+00     1.000E+00
2.00E-03     0.000E+00     1.000E+00
3.00E-03     0.000E+00     1.000E+00
4.00E-03     0.000E+00     1.000E+00
5.00E-03     0.000E+00     1.000E+00
6.00E-03     0.000E+00     1.000E+00
7.00E-03     0.000E+00     1.000E+00
8.00E-03     0.000E+00     1.000E+00
9.00E-03     0.000E+00     1.000E+00
1.00E-02     0.000E+00     1.000E+00
1.10E-02     0.000E+00     1.000E+00
1.20E-02     0.000E+00     1.000E+00
1.30E-02     0.000E+00     1.000E+00
1.40E-02     0.000E+00     1.000E+00
1.50E-02     0.000E+00     1.000E+00
1.60E-02     0.000E+00     1.000E+00
1.80E-02     0.000E+00     1.000E+00
2.00E-02     0.000E+00     1.000E+00
2.50E-02     0.000E+00     1.000E+00
3.00E-02     0.000E+00     1.000E+00
4.00E-02     0.000E+00     1.000E+00
5.00E-02     0.000E+00     1.000E+00
6.00E-02     0.000E+00     1.000E+00
7.00E-02     0.000E+00     1.000E+00
8.00E-02     0.000E+00     1.000E+00
9.00E-02     0.000E+00     1.000E+00
1.00E-01     0.000E+00     1.000E+00
1.10E-01     1.836E-88     1.000E+01
1.20E-01     3.372E-77     1.000E+01
1.30E-01     6.191E-66     1.000E+01
1.40E-01     1.137E-54     1.000E+01
1.50E-01     2.087E-43     1.000E+01
1.60E-01     5.333E-42     1.000E+01
1.80E-01     3.482E-39     1.000E+01
2.00E-01     2.273E-36     1.000E+01
2.50E-01     6.961E-32     1.000E+01
3.00E-01     1.332E-28     1.000E+01
3.50E-01     3.055E-26     1.000E+01
4.00E-01     7.005E-24     1.000E+01
4.50E-01     3.288E-22     1.000E+01
5.00E-01     1.543E-20     1.000E+01
6.00E-01     5.362E-18     1.000E+01
7.00E-01     5.627E-16     1.000E+01
8.00E-01     2.580E-14     1.000E+01
9.00E-01     6.495E-13     1.000E+01
1.00E+00     1.039E-11     1.000E+01
1.25E+00     1.312E-09     1.000E+01
1.50E+00     1.657E-07     1.000E+01
1.75E+00     3.187E-06     1.000E+01
2.00E+00     6.130E-05     1.000E+01
2.50E+00     3.336E-03     1.000E+01
3.00E+00     5.698E-02     1.000E+01
3.50E+00     4.581E-01     1.000E+01
4.00E+00     2.215E+00     1.000E+01
5.00E+00     1.980E+01     1.000E+01
6.00E+00     8.175E+01     1.000E+01
7.00E+00     2.154E+02     1.000E+01
8.00E+00     4.276E+02     1.000E+01
9.00E+00     7.028E+02     1.000E+01
1.00E+01     1.012E+03     1.000E+01
