5      he4  v46    p cr49                  taly      3.39400E+00      
1.00E-03     0.000E+00     1.000E+00
2.00E-03     0.000E+00     1.000E+00
3.00E-03     0.000E+00     1.000E+00
4.00E-03     0.000E+00     1.000E+00
5.00E-03     0.000E+00     1.000E+00
6.00E-03     0.000E+00     1.000E+00
7.00E-03     0.000E+00     1.000E+00
8.00E-03     0.000E+00     1.000E+00
9.00E-03     0.000E+00     1.000E+00
1.00E-02     0.000E+00     1.000E+00
1.10E-02     0.000E+00     1.000E+00
1.20E-02     0.000E+00     1.000E+00
1.30E-02     0.000E+00     1.000E+00
1.40E-02     0.000E+00     1.000E+00
1.50E-02     0.000E+00     1.000E+00
1.60E-02     0.000E+00     1.000E+00
1.80E-02     0.000E+00     1.000E+00
2.00E-02     0.000E+00     1.000E+00
2.50E-02     0.000E+00     1.000E+00
3.00E-02     0.000E+00     1.000E+00
4.00E-02     0.000E+00     1.000E+00
5.00E-02     0.000E+00     1.000E+00
6.00E-02     0.000E+00     1.000E+00
7.00E-02     0.000E+00     1.000E+00
8.00E-02     0.000E+00     1.000E+00
9.00E-02     0.000E+00     1.000E+00
1.00E-01     0.000E+00     1.000E+00
1.10E-01     4.222E-89     1.000E+01
1.20E-01     1.782E-78     1.000E+01
1.30E-01     7.523E-68     1.000E+01
1.40E-01     3.176E-57     1.000E+01
1.50E-01     1.341E-46     1.000E+01
1.60E-01     5.963E-45     1.000E+01
1.80E-01     1.180E-41     1.000E+01
2.00E-01     2.333E-38     1.000E+01
2.50E-01     2.619E-33     1.000E+01
3.00E-01     9.162E-30     1.000E+01
3.50E-01     2.717E-27     1.000E+01
4.00E-01     8.056E-25     1.000E+01
4.50E-01     4.378E-23     1.000E+01
5.00E-01     2.379E-21     1.000E+01
6.00E-01     1.030E-18     1.000E+01
7.00E-01     1.285E-16     1.000E+01
8.00E-01     6.777E-15     1.000E+01
9.00E-01     1.912E-13     1.000E+01
1.00E+00     3.371E-12     1.000E+01
1.25E+00     5.103E-10     1.000E+01
1.50E+00     7.725E-08     1.000E+01
1.75E+00     1.739E-06     1.000E+01
2.00E+00     3.917E-05     1.000E+01
2.50E+00     3.157E-03     1.000E+01
3.00E+00     8.611E-02     1.000E+01
3.50E+00     1.124E+00     1.000E+01
4.00E+00     8.495E+00     1.000E+01
5.00E+00     1.504E+02     1.000E+01
6.00E+00     9.658E+02     1.000E+01
7.00E+00     3.470E+03     1.000E+01
8.00E+00     8.819E+03     1.000E+01
9.00E+00     1.789E+04     1.000E+01
1.00E+01     3.096E+04     1.000E+01
