5        n  v47  he4 sc44                  taly      1.45600E+00      
1.00E-03     3.304E-05     1.000E+01
2.00E-03     3.136E-05     1.000E+01
3.00E-03     2.977E-05     1.000E+01
4.00E-03     2.826E-05     1.000E+01
5.00E-03     2.683E-05     1.000E+01
6.00E-03     2.607E-05     1.000E+01
7.00E-03     2.534E-05     1.000E+01
8.00E-03     2.463E-05     1.000E+01
9.00E-03     2.394E-05     1.000E+01
1.00E-02     2.327E-05     1.000E+01
1.10E-02     2.308E-05     1.000E+01
1.20E-02     2.290E-05     1.000E+01
1.30E-02     2.273E-05     1.000E+01
1.40E-02     2.255E-05     1.000E+01
1.50E-02     2.237E-05     1.000E+01
1.60E-02     2.220E-05     1.000E+01
1.80E-02     2.185E-05     1.000E+01
2.00E-02     2.151E-05     1.000E+01
2.50E-02     2.069E-05     1.000E+01
3.00E-02     1.990E-05     1.000E+01
4.00E-02     1.840E-05     1.000E+01
5.00E-02     1.701E-05     1.000E+01
6.00E-02     1.671E-05     1.000E+01
7.00E-02     1.642E-05     1.000E+01
8.00E-02     1.612E-05     1.000E+01
9.00E-02     1.584E-05     1.000E+01
1.00E-01     1.556E-05     1.000E+01
1.10E-01     1.559E-05     1.000E+01
1.20E-01     1.562E-05     1.000E+01
1.30E-01     1.565E-05     1.000E+01
1.40E-01     1.568E-05     1.000E+01
1.50E-01     1.571E-05     1.000E+01
1.60E-01     1.599E-05     1.000E+01
1.80E-01     1.657E-05     1.000E+01
2.00E-01     1.716E-05     1.000E+01
2.50E-01     1.988E-05     1.000E+01
3.00E-01     2.405E-05     1.000E+01
3.50E-01     3.053E-05     1.000E+01
4.00E-01     3.877E-05     1.000E+01
4.50E-01     5.195E-05     1.000E+01
5.00E-01     6.961E-05     1.000E+01
6.00E-01     1.377E-04     1.000E+01
7.00E-01     2.949E-04     1.000E+01
8.00E-01     6.613E-04     1.000E+01
9.00E-01     1.500E-03     1.000E+01
1.00E+00     3.366E-03     1.000E+01
1.25E+00     2.130E-02     1.000E+01
1.50E+00     1.347E-01     1.000E+01
1.75E+00     6.162E-01     1.000E+01
2.00E+00     2.819E+00     1.000E+01
2.50E+00     3.396E+01     1.000E+01
3.00E+00     2.660E+02     1.000E+01
3.50E+00     1.487E+03     1.000E+01
4.00E+00     6.346E+03     1.000E+01
5.00E+00     6.197E+04     1.000E+01
6.00E+00     3.230E+05     1.000E+01
7.00E+00     1.048E+06     1.000E+01
8.00E+00     2.391E+06     1.000E+01
9.00E+00     4.278E+06     1.000E+01
1.00E+01     6.542E+06     1.000E+01
