5      he4  v44    p cr47                  taly      5.58100E+00      
1.00E-03     0.000E+00     1.000E+00
2.00E-03     0.000E+00     1.000E+00
3.00E-03     0.000E+00     1.000E+00
4.00E-03     0.000E+00     1.000E+00
5.00E-03     0.000E+00     1.000E+00
6.00E-03     0.000E+00     1.000E+00
7.00E-03     0.000E+00     1.000E+00
8.00E-03     0.000E+00     1.000E+00
9.00E-03     0.000E+00     1.000E+00
1.00E-02     0.000E+00     1.000E+00
1.10E-02     0.000E+00     1.000E+00
1.20E-02     0.000E+00     1.000E+00
1.30E-02     0.000E+00     1.000E+00
1.40E-02     0.000E+00     1.000E+00
1.50E-02     0.000E+00     1.000E+00
1.60E-02     0.000E+00     1.000E+00
1.80E-02     0.000E+00     1.000E+00
2.00E-02     0.000E+00     1.000E+00
2.50E-02     0.000E+00     1.000E+00
3.00E-02     0.000E+00     1.000E+00
4.00E-02     0.000E+00     1.000E+00
5.00E-02     0.000E+00     1.000E+00
6.00E-02     0.000E+00     1.000E+00
7.00E-02     0.000E+00     1.000E+00
8.00E-02     0.000E+00     1.000E+00
9.00E-02     0.000E+00     1.000E+00
1.00E-01     0.000E+00     1.000E+00
1.10E-01     3.444E-89     1.000E+01
1.20E-01     1.186E-78     1.000E+01
1.30E-01     4.086E-68     1.000E+01
1.40E-01     1.408E-57     1.000E+01
1.50E-01     4.848E-47     1.000E+01
1.60E-01     2.148E-45     1.000E+01
1.80E-01     4.219E-42     1.000E+01
2.00E-01     8.284E-39     1.000E+01
2.50E-01     9.244E-34     1.000E+01
3.00E-01     3.246E-30     1.000E+01
3.50E-01     9.749E-28     1.000E+01
4.00E-01     2.928E-25     1.000E+01
4.50E-01     1.622E-23     1.000E+01
5.00E-01     8.988E-22     1.000E+01
6.00E-01     4.072E-19     1.000E+01
7.00E-01     5.336E-17     1.000E+01
8.00E-01     2.942E-15     1.000E+01
9.00E-01     8.571E-14     1.000E+01
1.00E+00     1.522E-12     1.000E+01
1.25E+00     1.804E-10     1.000E+01
1.50E+00     2.138E-08     1.000E+01
1.75E+00     3.230E-07     1.000E+01
2.00E+00     4.879E-06     1.000E+01
2.50E+00     2.088E-04     1.000E+01
3.00E+00     3.552E-03     1.000E+01
3.50E+00     3.294E-02     1.000E+01
4.00E+00     1.989E-01     1.000E+01
5.00E+00     3.019E+00     1.000E+01
6.00E+00     2.122E+01     1.000E+01
7.00E+00     9.089E+01     1.000E+01
8.00E+00     2.780E+02     1.000E+01
9.00E+00     6.681E+02     1.000E+01
1.00E+01     1.343E+03     1.000E+01
