5        n  v48  he4 sc45                  taly      2.24000E+00      
1.00E-03     1.100E+01     1.000E+01
2.00E-03     1.016E+01     1.000E+01
3.00E-03     9.393E+00     1.000E+01
4.00E-03     8.680E+00     1.000E+01
5.00E-03     8.021E+00     1.000E+01
6.00E-03     7.730E+00     1.000E+01
7.00E-03     7.449E+00     1.000E+01
8.00E-03     7.179E+00     1.000E+01
9.00E-03     6.919E+00     1.000E+01
1.00E-02     6.668E+00     1.000E+01
1.10E-02     6.598E+00     1.000E+01
1.20E-02     6.528E+00     1.000E+01
1.30E-02     6.460E+00     1.000E+01
1.40E-02     6.392E+00     1.000E+01
1.50E-02     6.325E+00     1.000E+01
1.60E-02     6.258E+00     1.000E+01
1.80E-02     6.128E+00     1.000E+01
2.00E-02     6.000E+00     1.000E+01
2.50E-02     5.691E+00     1.000E+01
3.00E-02     5.399E+00     1.000E+01
4.00E-02     4.858E+00     1.000E+01
5.00E-02     4.372E+00     1.000E+01
6.00E-02     4.244E+00     1.000E+01
7.00E-02     4.120E+00     1.000E+01
8.00E-02     3.999E+00     1.000E+01
9.00E-02     3.882E+00     1.000E+01
1.00E-01     3.769E+00     1.000E+01
1.10E-01     3.724E+00     1.000E+01
1.20E-01     3.679E+00     1.000E+01
1.30E-01     3.634E+00     1.000E+01
1.40E-01     3.590E+00     1.000E+01
1.50E-01     3.547E+00     1.000E+01
1.60E-01     3.532E+00     1.000E+01
1.80E-01     3.501E+00     1.000E+01
2.00E-01     3.471E+00     1.000E+01
2.50E-01     3.467E+00     1.000E+01
3.00E-01     3.507E+00     1.000E+01
3.50E-01     3.595E+00     1.000E+01
4.00E-01     3.685E+00     1.000E+01
4.50E-01     3.842E+00     1.000E+01
5.00E-01     4.005E+00     1.000E+01
6.00E-01     4.517E+00     1.000E+01
7.00E-01     5.301E+00     1.000E+01
8.00E-01     6.485E+00     1.000E+01
9.00E-01     8.253E+00     1.000E+01
1.00E+00     1.087E+01     1.000E+01
1.25E+00     2.431E+01     1.000E+01
1.50E+00     5.440E+01     1.000E+01
1.75E+00     1.222E+02     1.000E+01
2.00E+00     2.745E+02     1.000E+01
2.50E+00     1.207E+03     1.000E+01
3.00E+00     4.453E+03     1.000E+01
3.50E+00     1.357E+04     1.000E+01
4.00E+00     3.414E+04     1.000E+01
5.00E+00     1.303E+05     1.000E+01
6.00E+00     3.104E+05     1.000E+01
7.00E+00     5.730E+05     1.000E+01
8.00E+00     9.224E+05     1.000E+01
9.00E+00     1.366E+06     1.000E+01
1.00E+01     1.907E+06     1.000E+01
