4      he4  v47 mn51                       taly      8.66200E+00      
1.00E-03     0.000E+00     1.000E+00
2.00E-03     0.000E+00     1.000E+00
3.00E-03     0.000E+00     1.000E+00
4.00E-03     0.000E+00     1.000E+00
5.00E-03     0.000E+00     1.000E+00
6.00E-03     0.000E+00     1.000E+00
7.00E-03     0.000E+00     1.000E+00
8.00E-03     0.000E+00     1.000E+00
9.00E-03     0.000E+00     1.000E+00
1.00E-02     0.000E+00     1.000E+00
1.10E-02     0.000E+00     1.000E+00
1.20E-02     0.000E+00     1.000E+00
1.30E-02     0.000E+00     1.000E+00
1.40E-02     0.000E+00     1.000E+00
1.50E-02     0.000E+00     1.000E+00
1.60E-02     0.000E+00     1.000E+00
1.80E-02     0.000E+00     1.000E+00
2.00E-02     0.000E+00     1.000E+00
2.50E-02     0.000E+00     1.000E+00
3.00E-02     0.000E+00     1.000E+00
4.00E-02     0.000E+00     1.000E+00
5.00E-02     0.000E+00     1.000E+00
6.00E-02     0.000E+00     1.000E+00
7.00E-02     0.000E+00     1.000E+00
8.00E-02     0.000E+00     1.000E+00
9.00E-02     0.000E+00     1.000E+00
1.00E-01     0.000E+00     1.000E+00
1.10E-01     1.539E-89     1.000E+01
1.20E-01     2.367E-79     1.000E+01
1.30E-01     3.642E-69     1.000E+01
1.40E-01     5.604E-59     1.000E+01
1.50E-01     8.622E-49     1.000E+01
1.60E-01     3.089E-47     1.000E+01
1.80E-01     3.963E-44     1.000E+01
2.00E-01     5.086E-41     1.000E+01
2.50E-01     3.331E-36     1.000E+01
3.00E-01     9.604E-33     1.000E+01
3.50E-01     2.740E-30     1.000E+01
4.00E-01     7.814E-28     1.000E+01
4.50E-01     4.025E-26     1.000E+01
5.00E-01     2.073E-24     1.000E+01
6.00E-01     8.122E-22     1.000E+01
7.00E-01     9.468E-20     1.000E+01
8.00E-01     4.771E-18     1.000E+01
9.00E-01     1.296E-16     1.000E+01
1.00E+00     2.189E-15     1.000E+01
1.25E+00     2.959E-13     1.000E+01
1.50E+00     3.999E-11     1.000E+01
1.75E+00     8.322E-10     1.000E+01
2.00E+00     1.732E-08     1.000E+01
2.50E+00     1.214E-06     1.000E+01
3.00E+00     2.888E-05     1.000E+01
3.50E+00     3.391E-04     1.000E+01
4.00E+00     2.436E-03     1.000E+01
5.00E+00     4.626E-02     1.000E+01
6.00E+00     3.545E-01     1.000E+01
7.00E+00     1.445E+00     1.000E+01
8.00E+00     3.755E+00     1.000E+01
9.00E+00     7.187E+00     1.000E+01
1.00E+01     1.128E+01     1.000E+01
