4      he4  v48 mn52                       taly      8.65500E+00      
1.00E-03     0.000E+00     1.000E+00
2.00E-03     0.000E+00     1.000E+00
3.00E-03     0.000E+00     1.000E+00
4.00E-03     0.000E+00     1.000E+00
5.00E-03     0.000E+00     1.000E+00
6.00E-03     0.000E+00     1.000E+00
7.00E-03     0.000E+00     1.000E+00
8.00E-03     0.000E+00     1.000E+00
9.00E-03     0.000E+00     1.000E+00
1.00E-02     0.000E+00     1.000E+00
1.10E-02     0.000E+00     1.000E+00
1.20E-02     0.000E+00     1.000E+00
1.30E-02     0.000E+00     1.000E+00
1.40E-02     0.000E+00     1.000E+00
1.50E-02     0.000E+00     1.000E+00
1.60E-02     0.000E+00     1.000E+00
1.80E-02     0.000E+00     1.000E+00
2.00E-02     0.000E+00     1.000E+00
2.50E-02     0.000E+00     1.000E+00
3.00E-02     0.000E+00     1.000E+00
4.00E-02     0.000E+00     1.000E+00
5.00E-02     0.000E+00     1.000E+00
6.00E-02     0.000E+00     1.000E+00
7.00E-02     0.000E+00     1.000E+00
8.00E-02     0.000E+00     1.000E+00
9.00E-02     0.000E+00     1.000E+00
1.00E-01     0.000E+00     1.000E+00
1.10E-01     2.534E-89     1.000E+01
1.20E-01     6.420E-79     1.000E+01
1.30E-01     1.627E-68     1.000E+01
1.40E-01     4.121E-58     1.000E+01
1.50E-01     1.044E-47     1.000E+01
1.60E-01     3.808E-46     1.000E+01
1.80E-01     5.063E-43     1.000E+01
2.00E-01     6.731E-40     1.000E+01
2.50E-01     4.673E-35     1.000E+01
3.00E-01     1.242E-31     1.000E+01
3.50E-01     3.030E-29     1.000E+01
4.00E-01     7.390E-27     1.000E+01
4.50E-01     3.386E-25     1.000E+01
5.00E-01     1.551E-23     1.000E+01
6.00E-01     5.056E-21     1.000E+01
7.00E-01     4.991E-19     1.000E+01
8.00E-01     2.141E-17     1.000E+01
9.00E-01     5.035E-16     1.000E+01
1.00E+00     7.596E-15     1.000E+01
1.25E+00     9.393E-13     1.000E+01
1.50E+00     1.161E-10     1.000E+01
1.75E+00     2.478E-09     1.000E+01
2.00E+00     5.289E-08     1.000E+01
2.50E+00     3.994E-06     1.000E+01
3.00E+00     9.888E-05     1.000E+01
3.50E+00     1.148E-03     1.000E+01
4.00E+00     7.695E-03     1.000E+01
5.00E+00     1.104E-01     1.000E+01
6.00E+00     6.032E-01     1.000E+01
7.00E+00     1.929E+00     1.000E+01
8.00E+00     4.521E+00     1.000E+01
9.00E+00     8.705E+00     1.000E+01
1.00E+01     1.462E+01     1.000E+01
