5      he4  v45    p cr48                  taly      6.07700E+00      
1.00E-03     0.000E+00     1.000E+00
2.00E-03     0.000E+00     1.000E+00
3.00E-03     0.000E+00     1.000E+00
4.00E-03     0.000E+00     1.000E+00
5.00E-03     0.000E+00     1.000E+00
6.00E-03     0.000E+00     1.000E+00
7.00E-03     0.000E+00     1.000E+00
8.00E-03     0.000E+00     1.000E+00
9.00E-03     0.000E+00     1.000E+00
1.00E-02     0.000E+00     1.000E+00
1.10E-02     0.000E+00     1.000E+00
1.20E-02     0.000E+00     1.000E+00
1.30E-02     0.000E+00     1.000E+00
1.40E-02     0.000E+00     1.000E+00
1.50E-02     0.000E+00     1.000E+00
1.60E-02     0.000E+00     1.000E+00
1.80E-02     0.000E+00     1.000E+00
2.00E-02     0.000E+00     1.000E+00
2.50E-02     0.000E+00     1.000E+00
3.00E-02     0.000E+00     1.000E+00
4.00E-02     0.000E+00     1.000E+00
5.00E-02     0.000E+00     1.000E+00
6.00E-02     0.000E+00     1.000E+00
7.00E-02     0.000E+00     1.000E+00
8.00E-02     0.000E+00     1.000E+00
9.00E-02     0.000E+00     1.000E+00
1.00E-01     0.000E+00     1.000E+00
1.10E-01     3.929E-89     1.000E+01
1.20E-01     1.544E-78     1.000E+01
1.30E-01     6.064E-68     1.000E+01
1.40E-01     2.383E-57     1.000E+01
1.50E-01     9.361E-47     1.000E+01
1.60E-01     4.184E-45     1.000E+01
1.80E-01     8.361E-42     1.000E+01
2.00E-01     1.671E-38     1.000E+01
2.50E-01     1.951E-33     1.000E+01
3.00E-01     7.047E-30     1.000E+01
3.50E-01     2.090E-27     1.000E+01
4.00E-01     6.202E-25     1.000E+01
4.50E-01     3.334E-23     1.000E+01
5.00E-01     1.792E-21     1.000E+01
6.00E-01     7.750E-19     1.000E+01
7.00E-01     9.846E-17     1.000E+01
8.00E-01     5.293E-15     1.000E+01
9.00E-01     1.511E-13     1.000E+01
1.00E+00     2.670E-12     1.000E+01
1.25E+00     3.986E-10     1.000E+01
1.50E+00     5.949E-08     1.000E+01
1.75E+00     1.332E-06     1.000E+01
2.00E+00     2.981E-05     1.000E+01
2.50E+00     2.387E-03     1.000E+01
3.00E+00     6.512E-02     1.000E+01
3.50E+00     8.724E-01     1.000E+01
4.00E+00     7.041E+00     1.000E+01
5.00E+00     1.614E+02     1.000E+01
6.00E+00     1.476E+03     1.000E+01
7.00E+00     7.497E+03     1.000E+01
8.00E+00     2.503E+04     1.000E+01
9.00E+00     5.859E+04     1.000E+01
1.00E+01     9.779E+04     1.000E+01
