4        n  v48  v49                       taly      1.15550E+01      
1.00E-03     4.872E+07     1.000E+01
2.00E-03     4.539E+07     1.000E+01
3.00E-03     4.206E+07     1.000E+01
4.00E-03     3.873E+07     1.000E+01
5.00E-03     3.540E+07     1.000E+01
6.00E-03     3.418E+07     1.000E+01
7.00E-03     3.295E+07     1.000E+01
8.00E-03     3.173E+07     1.000E+01
9.00E-03     3.051E+07     1.000E+01
1.00E-02     2.929E+07     1.000E+01
1.10E-02     2.902E+07     1.000E+01
1.20E-02     2.875E+07     1.000E+01
1.30E-02     2.848E+07     1.000E+01
1.40E-02     2.821E+07     1.000E+01
1.50E-02     2.794E+07     1.000E+01
1.60E-02     2.766E+07     1.000E+01
1.80E-02     2.712E+07     1.000E+01
2.00E-02     2.658E+07     1.000E+01
2.50E-02     2.523E+07     1.000E+01
3.00E-02     2.388E+07     1.000E+01
4.00E-02     2.118E+07     1.000E+01
5.00E-02     1.848E+07     1.000E+01
6.00E-02     1.783E+07     1.000E+01
7.00E-02     1.718E+07     1.000E+01
8.00E-02     1.653E+07     1.000E+01
9.00E-02     1.588E+07     1.000E+01
1.00E-01     1.523E+07     1.000E+01
1.10E-01     1.492E+07     1.000E+01
1.20E-01     1.461E+07     1.000E+01
1.30E-01     1.430E+07     1.000E+01
1.40E-01     1.400E+07     1.000E+01
1.50E-01     1.369E+07     1.000E+01
1.60E-01     1.351E+07     1.000E+01
1.80E-01     1.314E+07     1.000E+01
2.00E-01     1.278E+07     1.000E+01
2.50E-01     1.218E+07     1.000E+01
3.00E-01     1.175E+07     1.000E+01
3.50E-01     1.146E+07     1.000E+01
4.00E-01     1.116E+07     1.000E+01
4.50E-01     1.095E+07     1.000E+01
5.00E-01     1.075E+07     1.000E+01
6.00E-01     1.044E+07     1.000E+01
7.00E-01     1.020E+07     1.000E+01
8.00E-01     1.000E+07     1.000E+01
9.00E-01     9.827E+06     1.000E+01
1.00E+00     9.661E+06     1.000E+01
1.25E+00     9.254E+06     1.000E+01
1.50E+00     8.846E+06     1.000E+01
1.75E+00     8.411E+06     1.000E+01
2.00E+00     7.977E+06     1.000E+01
2.50E+00     7.137E+06     1.000E+01
3.00E+00     6.346E+06     1.000E+01
3.50E+00     5.546E+06     1.000E+01
4.00E+00     4.696E+06     1.000E+01
5.00E+00     3.003E+06     1.000E+01
6.00E+00     1.763E+06     1.000E+01
7.00E+00     1.050E+06     1.000E+01
8.00E+00     6.623E+05     1.000E+01
9.00E+00     4.453E+05     1.000E+01
1.00E+01     3.165E+05     1.000E+01
