4        p  v46 cr47                       taly      4.77500E+00      
1.00E-03     0.000E+00     1.000E+00
2.00E-03     0.000E+00     1.000E+00
3.00E-03     0.000E+00     1.000E+00
4.00E-03     0.000E+00     1.000E+00
5.00E-03     0.000E+00     1.000E+00
6.00E-03     0.000E+00     1.000E+00
7.00E-03     0.000E+00     1.000E+00
8.00E-03     0.000E+00     1.000E+00
9.00E-03     0.000E+00     1.000E+00
1.00E-02     0.000E+00     1.000E+00
1.10E-02     7.698E-98     1.000E+01
1.20E-02     5.926E-96     1.000E+01
1.30E-02     4.562E-94     1.000E+01
1.40E-02     3.511E-92     1.000E+01
1.50E-02     2.703E-90     1.000E+01
1.60E-02     2.081E-88     1.000E+01
1.80E-02     1.233E-84     1.000E+01
2.00E-02     7.307E-81     1.000E+01
2.50E-02     1.975E-71     1.000E+01
3.00E-02     5.339E-62     1.000E+01
4.00E-02     3.901E-43     1.000E+01
5.00E-02     2.850E-24     1.000E+01
6.00E-02     1.199E-22     1.000E+01
7.00E-02     5.045E-21     1.000E+01
8.00E-02     2.123E-19     1.000E+01
9.00E-02     8.930E-18     1.000E+01
1.00E-01     3.757E-16     1.000E+01
1.10E-01     2.283E-15     1.000E+01
1.20E-01     1.387E-14     1.000E+01
1.30E-01     8.425E-14     1.000E+01
1.40E-01     5.118E-13     1.000E+01
1.50E-01     3.110E-12     1.000E+01
1.60E-01     9.670E-12     1.000E+01
1.80E-01     9.351E-11     1.000E+01
2.00E-01     9.042E-10     1.000E+01
2.50E-01     5.049E-08     1.000E+01
3.00E-01     1.073E-06     1.000E+01
3.50E-01     9.714E-06     1.000E+01
4.00E-01     8.797E-05     1.000E+01
4.50E-01     4.045E-04     1.000E+01
5.00E-01     1.860E-03     1.000E+01
6.00E-01     1.747E-02     1.000E+01
7.00E-01     9.688E-02     1.000E+01
8.00E-01     3.755E-01     1.000E+01
9.00E-01     1.129E+00     1.000E+01
1.00E+00     2.818E+00     1.000E+01
1.25E+00     1.247E+01     1.000E+01
1.50E+00     5.520E+01     1.000E+01
1.75E+00     1.243E+02     1.000E+01
2.00E+00     2.798E+02     1.000E+01
2.50E+00     7.185E+02     1.000E+01
3.00E+00     1.232E+03     1.000E+01
3.50E+00     1.656E+03     1.000E+01
4.00E+00     1.900E+03     1.000E+01
5.00E+00     1.843E+03     1.000E+01
6.00E+00     1.452E+03     1.000E+01
7.00E+00     1.092E+03     1.000E+01
8.00E+00     8.397E+02     1.000E+01
9.00E+00     6.718E+02     1.000E+01
1.00E+01     5.586E+02     1.000E+01
