4        n  v46  v47                       taly      1.30020E+01      
1.00E-03     3.583E+05     1.000E+01
2.00E-03     3.585E+05     1.000E+01
3.00E-03     3.587E+05     1.000E+01
4.00E-03     3.589E+05     1.000E+01
5.00E-03     3.591E+05     1.000E+01
6.00E-03     3.556E+05     1.000E+01
7.00E-03     3.521E+05     1.000E+01
8.00E-03     3.486E+05     1.000E+01
9.00E-03     3.451E+05     1.000E+01
1.00E-02     3.416E+05     1.000E+01
1.10E-02     3.408E+05     1.000E+01
1.20E-02     3.399E+05     1.000E+01
1.30E-02     3.391E+05     1.000E+01
1.40E-02     3.383E+05     1.000E+01
1.50E-02     3.374E+05     1.000E+01
1.60E-02     3.366E+05     1.000E+01
1.80E-02     3.349E+05     1.000E+01
2.00E-02     3.332E+05     1.000E+01
2.50E-02     3.291E+05     1.000E+01
3.00E-02     3.249E+05     1.000E+01
4.00E-02     3.165E+05     1.000E+01
5.00E-02     3.081E+05     1.000E+01
6.00E-02     3.044E+05     1.000E+01
7.00E-02     3.007E+05     1.000E+01
8.00E-02     2.970E+05     1.000E+01
9.00E-02     2.933E+05     1.000E+01
1.00E-01     2.896E+05     1.000E+01
1.10E-01     2.872E+05     1.000E+01
1.20E-01     2.848E+05     1.000E+01
1.30E-01     2.823E+05     1.000E+01
1.40E-01     2.799E+05     1.000E+01
1.50E-01     2.775E+05     1.000E+01
1.60E-01     2.758E+05     1.000E+01
1.80E-01     2.724E+05     1.000E+01
2.00E-01     2.690E+05     1.000E+01
2.50E-01     2.624E+05     1.000E+01
3.00E-01     2.570E+05     1.000E+01
3.50E-01     2.525E+05     1.000E+01
4.00E-01     2.479E+05     1.000E+01
4.50E-01     2.441E+05     1.000E+01
5.00E-01     2.403E+05     1.000E+01
6.00E-01     2.339E+05     1.000E+01
7.00E-01     2.284E+05     1.000E+01
8.00E-01     2.238E+05     1.000E+01
9.00E-01     2.198E+05     1.000E+01
1.00E+00     2.164E+05     1.000E+01
1.25E+00     2.108E+05     1.000E+01
1.50E+00     2.051E+05     1.000E+01
1.75E+00     2.017E+05     1.000E+01
2.00E+00     1.982E+05     1.000E+01
2.50E+00     1.906E+05     1.000E+01
3.00E+00     1.805E+05     1.000E+01
3.50E+00     1.672E+05     1.000E+01
4.00E+00     1.496E+05     1.000E+01
5.00E+00     1.060E+05     1.000E+01
6.00E+00     6.825E+04     1.000E+01
7.00E+00     4.407E+04     1.000E+01
8.00E+00     2.985E+04     1.000E+01
9.00E+00     2.134E+04     1.000E+01
1.00E+01     1.598E+04     1.000E+01
