4      he4  v45 mn49                       taly      8.18100E+00      
1.00E-03     0.000E+00     1.000E+00
2.00E-03     0.000E+00     1.000E+00
3.00E-03     0.000E+00     1.000E+00
4.00E-03     0.000E+00     1.000E+00
5.00E-03     0.000E+00     1.000E+00
6.00E-03     0.000E+00     1.000E+00
7.00E-03     0.000E+00     1.000E+00
8.00E-03     0.000E+00     1.000E+00
9.00E-03     0.000E+00     1.000E+00
1.00E-02     0.000E+00     1.000E+00
1.10E-02     0.000E+00     1.000E+00
1.20E-02     0.000E+00     1.000E+00
1.30E-02     0.000E+00     1.000E+00
1.40E-02     0.000E+00     1.000E+00
1.50E-02     0.000E+00     1.000E+00
1.60E-02     0.000E+00     1.000E+00
1.80E-02     0.000E+00     1.000E+00
2.00E-02     0.000E+00     1.000E+00
2.50E-02     0.000E+00     1.000E+00
3.00E-02     0.000E+00     1.000E+00
4.00E-02     0.000E+00     1.000E+00
5.00E-02     0.000E+00     1.000E+00
6.00E-02     0.000E+00     1.000E+00
7.00E-02     0.000E+00     1.000E+00
8.00E-02     0.000E+00     1.000E+00
9.00E-02     0.000E+00     1.000E+00
1.00E-01     0.000E+00     1.000E+00
1.10E-01     5.168E-90     1.000E+01
1.20E-01     2.671E-80     1.000E+01
1.30E-01     1.381E-70     1.000E+01
1.40E-01     7.135E-61     1.000E+01
1.50E-01     3.688E-51     1.000E+01
1.60E-01     1.631E-49     1.000E+01
1.80E-01     3.188E-46     1.000E+01
2.00E-01     6.232E-43     1.000E+01
2.50E-01     6.776E-38     1.000E+01
3.00E-01     2.297E-34     1.000E+01
3.50E-01     6.611E-32     1.000E+01
4.00E-01     1.903E-29     1.000E+01
4.50E-01     1.009E-27     1.000E+01
5.00E-01     5.353E-26     1.000E+01
6.00E-01     2.259E-23     1.000E+01
7.00E-01     2.801E-21     1.000E+01
8.00E-01     1.472E-19     1.000E+01
9.00E-01     4.116E-18     1.000E+01
1.00E+00     7.139E-17     1.000E+01
1.25E+00     1.024E-14     1.000E+01
1.50E+00     1.469E-12     1.000E+01
1.75E+00     3.132E-11     1.000E+01
2.00E+00     6.675E-10     1.000E+01
2.50E+00     4.669E-08     1.000E+01
3.00E+00     1.094E-06     1.000E+01
3.50E+00     1.274E-05     1.000E+01
4.00E+00     9.198E-05     1.000E+01
5.00E+00     1.844E-03     1.000E+01
6.00E+00     1.596E-02     1.000E+01
7.00E+00     7.981E-02     1.000E+01
8.00E+00     2.669E-01     1.000E+01
9.00E+00     6.306E-01     1.000E+01
1.00E+01     1.066E+00     1.000E+01
