4        p  v47 cr48                       taly      8.10500E+00      
1.00E-03     0.000E+00     1.000E+00
2.00E-03     0.000E+00     1.000E+00
3.00E-03     0.000E+00     1.000E+00
4.00E-03     0.000E+00     1.000E+00
5.00E-03     0.000E+00     1.000E+00
6.00E-03     0.000E+00     1.000E+00
7.00E-03     0.000E+00     1.000E+00
8.00E-03     0.000E+00     1.000E+00
9.00E-03     0.000E+00     1.000E+00
1.00E-02     0.000E+00     1.000E+00
1.10E-02     7.683E-98     1.000E+01
1.20E-02     5.902E-96     1.000E+01
1.30E-02     4.534E-94     1.000E+01
1.40E-02     3.484E-92     1.000E+01
1.50E-02     2.676E-90     1.000E+01
1.60E-02     2.056E-88     1.000E+01
1.80E-02     1.213E-84     1.000E+01
2.00E-02     7.162E-81     1.000E+01
2.50E-02     1.917E-71     1.000E+01
3.00E-02     5.130E-62     1.000E+01
4.00E-02     3.674E-43     1.000E+01
5.00E-02     2.631E-24     1.000E+01
6.00E-02     1.113E-22     1.000E+01
7.00E-02     4.705E-21     1.000E+01
8.00E-02     1.989E-19     1.000E+01
9.00E-02     8.411E-18     1.000E+01
1.00E-01     3.556E-16     1.000E+01
1.10E-01     2.160E-15     1.000E+01
1.20E-01     1.312E-14     1.000E+01
1.30E-01     7.968E-14     1.000E+01
1.40E-01     4.839E-13     1.000E+01
1.50E-01     2.939E-12     1.000E+01
1.60E-01     9.167E-12     1.000E+01
1.80E-01     8.918E-11     1.000E+01
2.00E-01     8.676E-10     1.000E+01
2.50E-01     4.937E-08     1.000E+01
3.00E-01     1.061E-06     1.000E+01
3.50E-01     9.690E-06     1.000E+01
4.00E-01     8.855E-05     1.000E+01
4.50E-01     4.123E-04     1.000E+01
5.00E-01     1.919E-03     1.000E+01
6.00E-01     1.849E-02     1.000E+01
7.00E-01     1.046E-01     1.000E+01
8.00E-01     4.101E-01     1.000E+01
9.00E-01     1.237E+00     1.000E+01
1.00E+00     3.077E+00     1.000E+01
1.25E+00     1.304E+01     1.000E+01
1.50E+00     5.525E+01     1.000E+01
1.75E+00     1.192E+02     1.000E+01
2.00E+00     2.574E+02     1.000E+01
2.50E+00     6.696E+02     1.000E+01
3.00E+00     1.285E+03     1.000E+01
3.50E+00     2.059E+03     1.000E+01
4.00E+00     2.938E+03     1.000E+01
5.00E+00     4.769E+03     1.000E+01
6.00E+00     6.205E+03     1.000E+01
7.00E+00     6.711E+03     1.000E+01
8.00E+00     6.286E+03     1.000E+01
9.00E+00     5.407E+03     1.000E+01
1.00E+01     4.493E+03     1.000E+01
