4        p  v48 cr49                       taly      8.14500E+00      
1.00E-03     0.000E+00     1.000E+00
2.00E-03     0.000E+00     1.000E+00
3.00E-03     0.000E+00     1.000E+00
4.00E-03     0.000E+00     1.000E+00
5.00E-03     0.000E+00     1.000E+00
6.00E-03     0.000E+00     1.000E+00
7.00E-03     0.000E+00     1.000E+00
8.00E-03     0.000E+00     1.000E+00
9.00E-03     0.000E+00     1.000E+00
1.00E-02     0.000E+00     1.000E+00
1.10E-02     7.663E-98     1.000E+01
1.20E-02     5.872E-96     1.000E+01
1.30E-02     4.500E-94     1.000E+01
1.40E-02     3.448E-92     1.000E+01
1.50E-02     2.643E-90     1.000E+01
1.60E-02     2.025E-88     1.000E+01
1.80E-02     1.189E-84     1.000E+01
2.00E-02     6.983E-81     1.000E+01
2.50E-02     1.845E-71     1.000E+01
3.00E-02     4.877E-62     1.000E+01
4.00E-02     3.405E-43     1.000E+01
5.00E-02     2.378E-24     1.000E+01
6.00E-02     1.005E-22     1.000E+01
7.00E-02     4.251E-21     1.000E+01
8.00E-02     1.797E-19     1.000E+01
9.00E-02     7.600E-18     1.000E+01
1.00E-01     3.213E-16     1.000E+01
1.10E-01     1.950E-15     1.000E+01
1.20E-01     1.184E-14     1.000E+01
1.30E-01     7.186E-14     1.000E+01
1.40E-01     4.362E-13     1.000E+01
1.50E-01     2.648E-12     1.000E+01
1.60E-01     8.225E-12     1.000E+01
1.80E-01     7.937E-11     1.000E+01
2.00E-01     7.659E-10     1.000E+01
2.50E-01     4.248E-08     1.000E+01
3.00E-01     9.017E-07     1.000E+01
3.50E-01     8.316E-06     1.000E+01
4.00E-01     7.669E-05     1.000E+01
4.50E-01     3.678E-04     1.000E+01
5.00E-01     1.764E-03     1.000E+01
6.00E-01     1.865E-02     1.000E+01
7.00E-01     1.186E-01     1.000E+01
8.00E-01     5.285E-01     1.000E+01
9.00E-01     1.813E+00     1.000E+01
1.00E+00     5.093E+00     1.000E+01
1.25E+00     2.711E+01     1.000E+01
1.50E+00     1.443E+02     1.000E+01
1.75E+00     3.507E+02     1.000E+01
2.00E+00     8.526E+02     1.000E+01
2.50E+00     2.484E+03     1.000E+01
3.00E+00     4.963E+03     1.000E+01
3.50E+00     7.828E+03     1.000E+01
4.00E+00     1.039E+04     1.000E+01
5.00E+00     1.265E+04     1.000E+01
6.00E+00     1.155E+04     1.000E+01
7.00E+00     9.530E+03     1.000E+01
8.00E+00     7.760E+03     1.000E+01
9.00E+00     6.434E+03     1.000E+01
1.00E+01     5.470E+03     1.000E+01
