4        n  v47  v48                       taly      1.05420E+01      
1.00E-03     2.012E+07     1.000E+01
2.00E-03     1.917E+07     1.000E+01
3.00E-03     1.822E+07     1.000E+01
4.00E-03     1.727E+07     1.000E+01
5.00E-03     1.631E+07     1.000E+01
6.00E-03     1.586E+07     1.000E+01
7.00E-03     1.541E+07     1.000E+01
8.00E-03     1.496E+07     1.000E+01
9.00E-03     1.451E+07     1.000E+01
1.00E-02     1.406E+07     1.000E+01
1.10E-02     1.395E+07     1.000E+01
1.20E-02     1.384E+07     1.000E+01
1.30E-02     1.373E+07     1.000E+01
1.40E-02     1.362E+07     1.000E+01
1.50E-02     1.351E+07     1.000E+01
1.60E-02     1.340E+07     1.000E+01
1.80E-02     1.318E+07     1.000E+01
2.00E-02     1.296E+07     1.000E+01
2.50E-02     1.241E+07     1.000E+01
3.00E-02     1.186E+07     1.000E+01
4.00E-02     1.075E+07     1.000E+01
5.00E-02     9.651E+06     1.000E+01
6.00E-02     9.341E+06     1.000E+01
7.00E-02     9.032E+06     1.000E+01
8.00E-02     8.722E+06     1.000E+01
9.00E-02     8.412E+06     1.000E+01
1.00E-01     8.103E+06     1.000E+01
1.10E-01     7.943E+06     1.000E+01
1.20E-01     7.784E+06     1.000E+01
1.30E-01     7.624E+06     1.000E+01
1.40E-01     7.465E+06     1.000E+01
1.50E-01     7.305E+06     1.000E+01
1.60E-01     7.204E+06     1.000E+01
1.80E-01     7.003E+06     1.000E+01
2.00E-01     6.802E+06     1.000E+01
2.50E-01     6.443E+06     1.000E+01
3.00E-01     6.160E+06     1.000E+01
3.50E-01     5.940E+06     1.000E+01
4.00E-01     5.719E+06     1.000E+01
4.50E-01     5.551E+06     1.000E+01
5.00E-01     5.382E+06     1.000E+01
6.00E-01     5.118E+06     1.000E+01
7.00E-01     4.909E+06     1.000E+01
8.00E-01     4.742E+06     1.000E+01
9.00E-01     4.607E+06     1.000E+01
1.00E+00     4.496E+06     1.000E+01
1.25E+00     4.327E+06     1.000E+01
1.50E+00     4.159E+06     1.000E+01
1.75E+00     4.080E+06     1.000E+01
2.00E+00     4.001E+06     1.000E+01
2.50E+00     3.918E+06     1.000E+01
3.00E+00     3.871E+06     1.000E+01
3.50E+00     3.843E+06     1.000E+01
4.00E+00     3.820E+06     1.000E+01
5.00E+00     3.728E+06     1.000E+01
6.00E+00     3.445E+06     1.000E+01
7.00E+00     2.906E+06     1.000E+01
8.00E+00     2.247E+06     1.000E+01
9.00E+00     1.655E+06     1.000E+01
1.00E+01     1.206E+06     1.000E+01
