5        p  v49  he4 ti46                  taly      1.03000E+00      
1.00E-03     0.000E+00     1.000E+00
2.00E-03     0.000E+00     1.000E+00
3.00E-03     0.000E+00     1.000E+00
4.00E-03     0.000E+00     1.000E+00
5.00E-03     0.000E+00     1.000E+00
6.00E-03     0.000E+00     1.000E+00
7.00E-03     0.000E+00     1.000E+00
8.00E-03     0.000E+00     1.000E+00
9.00E-03     0.000E+00     1.000E+00
1.00E-02     0.000E+00     1.000E+00
1.10E-02     5.508E-98     1.000E+01
1.20E-02     3.034E-96     1.000E+01
1.30E-02     1.671E-94     1.000E+01
1.40E-02     9.203E-93     1.000E+01
1.50E-02     5.069E-91     1.000E+01
1.60E-02     2.792E-89     1.000E+01
1.80E-02     8.470E-86     1.000E+01
2.00E-02     2.570E-82     1.000E+01
2.50E-02     1.303E-73     1.000E+01
3.00E-02     6.603E-65     1.000E+01
4.00E-02     1.697E-47     1.000E+01
5.00E-02     4.360E-30     1.000E+01
6.00E-02     4.706E-29     1.000E+01
7.00E-02     5.079E-28     1.000E+01
8.00E-02     5.482E-27     1.000E+01
9.00E-02     5.918E-26     1.000E+01
1.00E-01     6.387E-25     1.000E+01
1.10E-01     1.388E-24     1.000E+01
1.20E-01     3.016E-24     1.000E+01
1.30E-01     6.553E-24     1.000E+01
1.40E-01     1.424E-23     1.000E+01
1.50E-01     3.094E-23     1.000E+01
1.60E-01     4.587E-23     1.000E+01
1.80E-01     1.009E-22     1.000E+01
2.00E-01     2.217E-22     1.000E+01
2.50E-01     5.075E-21     1.000E+01
3.00E-01     4.817E-19     1.000E+01
3.50E-01     1.830E-17     1.000E+01
4.00E-01     6.951E-16     1.000E+01
4.50E-01     1.062E-14     1.000E+01
5.00E-01     1.622E-13     1.000E+01
6.00E-01     1.063E-11     1.000E+01
7.00E-01     2.870E-10     1.000E+01
8.00E-01     4.168E-09     1.000E+01
9.00E-01     3.870E-08     1.000E+01
1.00E+00     2.576E-07     1.000E+01
1.25E+00     6.909E-06     1.000E+01
1.50E+00     1.853E-04     1.000E+01
1.75E+00     1.496E-03     1.000E+01
2.00E+00     1.208E-02     1.000E+01
2.50E+00     2.508E-01     1.000E+01
3.00E+00     2.623E+00     1.000E+01
3.50E+00     1.738E+01     1.000E+01
4.00E+00     8.214E+01     1.000E+01
5.00E+00     8.534E+02     1.000E+01
6.00E+00     4.235E+03     1.000E+01
7.00E+00     1.346E+04     1.000E+01
8.00E+00     3.378E+04     1.000E+01
9.00E+00     7.408E+04     1.000E+01
1.00E+01     1.473E+05     1.000E+01
