5        n  y78  he4 rb75                  taly      1.03380E+01      
1.00E-03     7.945E+05     1.000E+01
2.00E-03     8.023E+05     1.000E+01
3.00E-03     8.102E+05     1.000E+01
4.00E-03     8.182E+05     1.000E+01
5.00E-03     8.262E+05     1.000E+01
6.00E-03     8.230E+05     1.000E+01
7.00E-03     8.197E+05     1.000E+01
8.00E-03     8.164E+05     1.000E+01
9.00E-03     8.132E+05     1.000E+01
1.00E-02     8.100E+05     1.000E+01
1.10E-02     8.114E+05     1.000E+01
1.20E-02     8.129E+05     1.000E+01
1.30E-02     8.144E+05     1.000E+01
1.40E-02     8.158E+05     1.000E+01
1.50E-02     8.173E+05     1.000E+01
1.60E-02     8.188E+05     1.000E+01
1.80E-02     8.217E+05     1.000E+01
2.00E-02     8.247E+05     1.000E+01
2.50E-02     8.322E+05     1.000E+01
3.00E-02     8.398E+05     1.000E+01
4.00E-02     8.551E+05     1.000E+01
5.00E-02     8.706E+05     1.000E+01
6.00E-02     8.884E+05     1.000E+01
7.00E-02     9.065E+05     1.000E+01
8.00E-02     9.251E+05     1.000E+01
9.00E-02     9.439E+05     1.000E+01
1.00E-01     9.632E+05     1.000E+01
1.10E-01     9.818E+05     1.000E+01
1.20E-01     1.001E+06     1.000E+01
1.30E-01     1.020E+06     1.000E+01
1.40E-01     1.040E+06     1.000E+01
1.50E-01     1.060E+06     1.000E+01
1.60E-01     1.077E+06     1.000E+01
1.80E-01     1.112E+06     1.000E+01
2.00E-01     1.148E+06     1.000E+01
2.50E-01     1.211E+06     1.000E+01
3.00E-01     1.249E+06     1.000E+01
3.50E-01     1.271E+06     1.000E+01
4.00E-01     1.294E+06     1.000E+01
4.50E-01     1.320E+06     1.000E+01
5.00E-01     1.348E+06     1.000E+01
6.00E-01     1.422E+06     1.000E+01
7.00E-01     1.511E+06     1.000E+01
8.00E-01     1.610E+06     1.000E+01
9.00E-01     1.714E+06     1.000E+01
1.00E+00     1.820E+06     1.000E+01
1.25E+00     2.071E+06     1.000E+01
1.50E+00     2.355E+06     1.000E+01
1.75E+00     2.598E+06     1.000E+01
2.00E+00     2.865E+06     1.000E+01
2.50E+00     3.235E+06     1.000E+01
3.00E+00     3.210E+06     1.000E+01
3.50E+00     2.768E+06     1.000E+01
4.00E+00     2.234E+06     1.000E+01
5.00E+00     1.553E+06     1.000E+01
6.00E+00     1.285E+06     1.000E+01
7.00E+00     1.172E+06     1.000E+01
8.00E+00     1.086E+06     1.000E+01
9.00E+00     9.719E+05     1.000E+01
1.00E+01     8.250E+05     1.000E+01
