4        n  y78  y79                       taly      1.39010E+01      
1.00E-03     1.381E+03     1.000E+01
2.00E-03     1.399E+03     1.000E+01
3.00E-03     1.417E+03     1.000E+01
4.00E-03     1.436E+03     1.000E+01
5.00E-03     1.454E+03     1.000E+01
6.00E-03     1.453E+03     1.000E+01
7.00E-03     1.451E+03     1.000E+01
8.00E-03     1.450E+03     1.000E+01
9.00E-03     1.448E+03     1.000E+01
1.00E-02     1.447E+03     1.000E+01
1.10E-02     1.454E+03     1.000E+01
1.20E-02     1.461E+03     1.000E+01
1.30E-02     1.468E+03     1.000E+01
1.40E-02     1.475E+03     1.000E+01
1.50E-02     1.482E+03     1.000E+01
1.60E-02     1.489E+03     1.000E+01
1.80E-02     1.503E+03     1.000E+01
2.00E-02     1.517E+03     1.000E+01
2.50E-02     1.552E+03     1.000E+01
3.00E-02     1.587E+03     1.000E+01
4.00E-02     1.658E+03     1.000E+01
5.00E-02     1.728E+03     1.000E+01
6.00E-02     1.802E+03     1.000E+01
7.00E-02     1.876E+03     1.000E+01
8.00E-02     1.951E+03     1.000E+01
9.00E-02     2.025E+03     1.000E+01
1.00E-01     2.099E+03     1.000E+01
1.10E-01     2.192E+03     1.000E+01
1.20E-01     2.285E+03     1.000E+01
1.30E-01     2.378E+03     1.000E+01
1.40E-01     2.471E+03     1.000E+01
1.50E-01     2.564E+03     1.000E+01
1.60E-01     2.742E+03     1.000E+01
1.80E-01     3.097E+03     1.000E+01
2.00E-01     3.451E+03     1.000E+01
2.50E-01     5.118E+03     1.000E+01
3.00E-01     7.573E+03     1.000E+01
3.50E-01     1.056E+04     1.000E+01
4.00E-01     1.354E+04     1.000E+01
4.50E-01     1.637E+04     1.000E+01
5.00E-01     1.920E+04     1.000E+01
6.00E-01     2.396E+04     1.000E+01
7.00E-01     2.789E+04     1.000E+01
8.00E-01     3.116E+04     1.000E+01
9.00E-01     3.392E+04     1.000E+01
1.00E+00     3.629E+04     1.000E+01
1.25E+00     4.029E+04     1.000E+01
1.50E+00     4.430E+04     1.000E+01
1.75E+00     4.625E+04     1.000E+01
2.00E+00     4.821E+04     1.000E+01
2.50E+00     4.758E+04     1.000E+01
3.00E+00     4.045E+04     1.000E+01
3.50E+00     2.944E+04     1.000E+01
4.00E+00     1.985E+04     1.000E+01
5.00E+00     9.526E+03     1.000E+01
6.00E+00     5.507E+03     1.000E+01
7.00E+00     3.633E+03     1.000E+01
8.00E+00     2.541E+03     1.000E+01
9.00E+00     1.795E+03     1.000E+01
1.00E+01     1.250E+03     1.000E+01
