4        n  y79  y80                       taly      1.08610E+01      
1.00E-03     6.176E+05     1.000E+01
2.00E-03     6.233E+05     1.000E+01
3.00E-03     6.291E+05     1.000E+01
4.00E-03     6.348E+05     1.000E+01
5.00E-03     6.406E+05     1.000E+01
6.00E-03     6.377E+05     1.000E+01
7.00E-03     6.349E+05     1.000E+01
8.00E-03     6.320E+05     1.000E+01
9.00E-03     6.291E+05     1.000E+01
1.00E-02     6.263E+05     1.000E+01
1.10E-02     6.271E+05     1.000E+01
1.20E-02     6.280E+05     1.000E+01
1.30E-02     6.288E+05     1.000E+01
1.40E-02     6.296E+05     1.000E+01
1.50E-02     6.305E+05     1.000E+01
1.60E-02     6.313E+05     1.000E+01
1.80E-02     6.330E+05     1.000E+01
2.00E-02     6.347E+05     1.000E+01
2.50E-02     6.389E+05     1.000E+01
3.00E-02     6.431E+05     1.000E+01
4.00E-02     6.515E+05     1.000E+01
5.00E-02     6.599E+05     1.000E+01
6.00E-02     6.708E+05     1.000E+01
7.00E-02     6.818E+05     1.000E+01
8.00E-02     6.927E+05     1.000E+01
9.00E-02     7.037E+05     1.000E+01
1.00E-01     7.146E+05     1.000E+01
1.10E-01     7.263E+05     1.000E+01
1.20E-01     7.380E+05     1.000E+01
1.30E-01     7.497E+05     1.000E+01
1.40E-01     7.613E+05     1.000E+01
1.50E-01     7.730E+05     1.000E+01
1.60E-01     7.853E+05     1.000E+01
1.80E-01     8.100E+05     1.000E+01
2.00E-01     8.346E+05     1.000E+01
2.50E-01     8.964E+05     1.000E+01
3.00E-01     9.563E+05     1.000E+01
3.50E-01     1.012E+06     1.000E+01
4.00E-01     1.068E+06     1.000E+01
4.50E-01     1.120E+06     1.000E+01
5.00E-01     1.171E+06     1.000E+01
6.00E-01     1.268E+06     1.000E+01
7.00E-01     1.359E+06     1.000E+01
8.00E-01     1.445E+06     1.000E+01
9.00E-01     1.526E+06     1.000E+01
1.00E+00     1.602E+06     1.000E+01
1.25E+00     1.764E+06     1.000E+01
1.50E+00     1.926E+06     1.000E+01
1.75E+00     2.048E+06     1.000E+01
2.00E+00     2.171E+06     1.000E+01
2.50E+00     2.360E+06     1.000E+01
3.00E+00     2.510E+06     1.000E+01
3.50E+00     2.634E+06     1.000E+01
4.00E+00     2.740E+06     1.000E+01
5.00E+00     2.896E+06     1.000E+01
6.00E+00     2.769E+06     1.000E+01
7.00E+00     1.899E+06     1.000E+01
8.00E+00     8.780E+05     1.000E+01
9.00E+00     3.675E+05     1.000E+01
1.00E+01     1.689E+05     1.000E+01
