5      he4  y79    p zr82                  taly      7.22000E-01      
1.00E-03     0.000E+00     1.000E+00
2.00E-03     0.000E+00     1.000E+00
3.00E-03     0.000E+00     1.000E+00
4.00E-03     0.000E+00     1.000E+00
5.00E-03     0.000E+00     1.000E+00
6.00E-03     0.000E+00     1.000E+00
7.00E-03     0.000E+00     1.000E+00
8.00E-03     0.000E+00     1.000E+00
9.00E-03     0.000E+00     1.000E+00
1.00E-02     0.000E+00     1.000E+00
1.10E-02     0.000E+00     1.000E+00
1.20E-02     0.000E+00     1.000E+00
1.30E-02     0.000E+00     1.000E+00
1.40E-02     0.000E+00     1.000E+00
1.50E-02     0.000E+00     1.000E+00
1.60E-02     0.000E+00     1.000E+00
1.80E-02     0.000E+00     1.000E+00
2.00E-02     0.000E+00     1.000E+00
2.50E-02     0.000E+00     1.000E+00
3.00E-02     0.000E+00     1.000E+00
4.00E-02     0.000E+00     1.000E+00
5.00E-02     0.000E+00     1.000E+00
6.00E-02     0.000E+00     1.000E+00
7.00E-02     0.000E+00     1.000E+00
8.00E-02     0.000E+00     1.000E+00
9.00E-02     0.000E+00     1.000E+00
1.00E-01     0.000E+00     1.000E+00
1.10E-01     0.000E+00     1.000E+00
1.20E-01     0.000E+00     1.000E+00
1.30E-01     0.000E+00     1.000E+00
1.40E-01     0.000E+00     1.000E+00
1.50E-01     0.000E+00     1.000E+00
1.60E-01     0.000E+00     1.000E+00
1.80E-01     0.000E+00     1.000E+00
2.00E-01     0.000E+00     1.000E+00
2.50E-01     0.000E+00     1.000E+00
3.00E-01     0.000E+00     1.000E+00
3.50E-01     8.612E-71     1.000E+01
4.00E-01     7.416E-42     1.000E+01
4.50E-01     4.664E-39     1.000E+01
5.00E-01     2.933E-36     1.000E+01
6.00E-01     2.776E-32     1.000E+01
7.00E-01     3.429E-29     1.000E+01
8.00E-01     1.152E-26     1.000E+01
9.00E-01     1.555E-24     1.000E+01
1.00E+00     1.078E-22     1.000E+01
1.25E+00     2.017E-19     1.000E+01
1.50E+00     3.775E-16     1.000E+01
1.75E+00     4.085E-14     1.000E+01
2.00E+00     4.420E-12     1.000E+01
2.50E+00     2.999E-09     1.000E+01
3.00E+00     3.870E-07     1.000E+01
3.50E+00     1.741E-05     1.000E+01
4.00E+00     3.839E-04     1.000E+01
5.00E+00     4.411E-02     1.000E+01
6.00E+00     1.270E+00     1.000E+01
7.00E+00     1.119E+01     1.000E+01
8.00E+00     3.730E+01     1.000E+01
9.00E+00     7.549E+01     1.000E+01
1.00E+01     1.264E+02     1.000E+01
