4      he4  y77 nb81                       taly      2.59300E+00      
1.00E-03     0.000E+00     1.000E+00
2.00E-03     0.000E+00     1.000E+00
3.00E-03     0.000E+00     1.000E+00
4.00E-03     0.000E+00     1.000E+00
5.00E-03     0.000E+00     1.000E+00
6.00E-03     0.000E+00     1.000E+00
7.00E-03     0.000E+00     1.000E+00
8.00E-03     0.000E+00     1.000E+00
9.00E-03     0.000E+00     1.000E+00
1.00E-02     0.000E+00     1.000E+00
1.10E-02     0.000E+00     1.000E+00
1.20E-02     0.000E+00     1.000E+00
1.30E-02     0.000E+00     1.000E+00
1.40E-02     0.000E+00     1.000E+00
1.50E-02     0.000E+00     1.000E+00
1.60E-02     0.000E+00     1.000E+00
1.80E-02     0.000E+00     1.000E+00
2.00E-02     0.000E+00     1.000E+00
2.50E-02     0.000E+00     1.000E+00
3.00E-02     0.000E+00     1.000E+00
4.00E-02     0.000E+00     1.000E+00
5.00E-02     0.000E+00     1.000E+00
6.00E-02     0.000E+00     1.000E+00
7.00E-02     0.000E+00     1.000E+00
8.00E-02     0.000E+00     1.000E+00
9.00E-02     0.000E+00     1.000E+00
1.00E-01     0.000E+00     1.000E+00
1.10E-01     0.000E+00     1.000E+00
1.20E-01     0.000E+00     1.000E+00
1.30E-01     0.000E+00     1.000E+00
1.40E-01     0.000E+00     1.000E+00
1.50E-01     0.000E+00     1.000E+00
1.60E-01     0.000E+00     1.000E+00
1.80E-01     0.000E+00     1.000E+00
2.00E-01     0.000E+00     1.000E+00
2.50E-01     0.000E+00     1.000E+00
3.00E-01     0.000E+00     1.000E+00
3.50E-01     1.609E-72     1.000E+01
4.00E-01     2.589E-45     1.000E+01
4.50E-01     1.139E-42     1.000E+01
5.00E-01     5.007E-40     1.000E+01
6.00E-01     1.807E-36     1.000E+01
7.00E-01     9.069E-34     1.000E+01
8.00E-01     1.868E-31     1.000E+01
9.00E-01     2.005E-29     1.000E+01
1.00E+00     1.132E-27     1.000E+01
1.25E+00     9.763E-25     1.000E+01
1.50E+00     8.418E-22     1.000E+01
1.75E+00     4.228E-20     1.000E+01
2.00E+00     2.123E-18     1.000E+01
2.50E+00     4.566E-16     1.000E+01
3.00E+00     2.709E-14     1.000E+01
3.50E+00     7.284E-13     1.000E+01
4.00E+00     1.117E-11     1.000E+01
5.00E+00     7.750E-10     1.000E+01
6.00E+00     1.660E-08     1.000E+01
7.00E+00     1.558E-07     1.000E+01
8.00E+00     7.994E-07     1.000E+01
9.00E+00     2.590E-06     1.000E+01
1.00E+01     5.888E-06     1.000E+01
