4        p  y79 zr80                       taly      4.44900E+00      
1.00E-03     0.000E+00     1.000E+00
2.00E-03     0.000E+00     1.000E+00
3.00E-03     0.000E+00     1.000E+00
4.00E-03     0.000E+00     1.000E+00
5.00E-03     0.000E+00     1.000E+00
6.00E-03     0.000E+00     1.000E+00
7.00E-03     0.000E+00     1.000E+00
8.00E-03     0.000E+00     1.000E+00
9.00E-03     0.000E+00     1.000E+00
1.00E-02     0.000E+00     1.000E+00
1.10E-02     2.740E-98     1.000E+01
1.20E-02     7.508E-97     1.000E+01
1.30E-02     2.057E-95     1.000E+01
1.40E-02     5.637E-94     1.000E+01
1.50E-02     1.545E-92     1.000E+01
1.60E-02     4.233E-91     1.000E+01
1.80E-02     3.178E-88     1.000E+01
2.00E-02     2.386E-85     1.000E+01
2.50E-02     3.686E-78     1.000E+01
3.00E-02     5.694E-71     1.000E+01
4.00E-02     1.359E-56     1.000E+01
5.00E-02     3.242E-42     1.000E+01
6.00E-02     2.403E-39     1.000E+01
7.00E-02     1.781E-36     1.000E+01
8.00E-02     1.320E-33     1.000E+01
9.00E-02     9.786E-31     1.000E+01
1.00E-01     7.253E-28     1.000E+01
1.10E-01     1.018E-26     1.000E+01
1.20E-01     1.428E-25     1.000E+01
1.30E-01     2.004E-24     1.000E+01
1.40E-01     2.812E-23     1.000E+01
1.50E-01     3.946E-22     1.000E+01
1.60E-01     2.037E-21     1.000E+01
1.80E-01     5.431E-20     1.000E+01
2.00E-01     1.448E-18     1.000E+01
2.50E-01     4.937E-16     1.000E+01
3.00E-01     4.210E-14     1.000E+01
3.50E-01     1.072E-12     1.000E+01
4.00E-01     2.729E-11     1.000E+01
4.50E-01     2.716E-10     1.000E+01
5.00E-01     2.702E-09     1.000E+01
6.00E-01     8.855E-08     1.000E+01
7.00E-01     1.405E-06     1.000E+01
8.00E-01     1.336E-05     1.000E+01
9.00E-01     8.664E-05     1.000E+01
1.00E+00     4.185E-04     1.000E+01
1.25E+00     5.570E-03     1.000E+01
1.50E+00     7.413E-02     1.000E+01
1.75E+00     3.128E-01     1.000E+01
2.00E+00     1.320E+00     1.000E+01
2.50E+00     8.424E+00     1.000E+01
3.00E+00     3.126E+01     1.000E+01
3.50E+00     8.424E+01     1.000E+01
4.00E+00     1.853E+02     1.000E+01
5.00E+00     6.144E+02     1.000E+01
6.00E+00     1.395E+03     1.000E+01
7.00E+00     1.928E+03     1.000E+01
8.00E+00     1.610E+03     1.000E+01
9.00E+00     1.117E+03     1.000E+01
1.00E+01     7.862E+02     1.000E+01
