4        p  y81 zr82                       taly      5.52000E+00      
1.00E-03     0.000E+00     1.000E+00
2.00E-03     0.000E+00     1.000E+00
3.00E-03     0.000E+00     1.000E+00
4.00E-03     0.000E+00     1.000E+00
5.00E-03     0.000E+00     1.000E+00
6.00E-03     0.000E+00     1.000E+00
7.00E-03     0.000E+00     1.000E+00
8.00E-03     0.000E+00     1.000E+00
9.00E-03     0.000E+00     1.000E+00
1.00E-02     0.000E+00     1.000E+00
1.10E-02     2.743E-98     1.000E+01
1.20E-02     7.524E-97     1.000E+01
1.30E-02     2.064E-95     1.000E+01
1.40E-02     5.661E-94     1.000E+01
1.50E-02     1.553E-92     1.000E+01
1.60E-02     4.259E-91     1.000E+01
1.80E-02     3.205E-88     1.000E+01
2.00E-02     2.411E-85     1.000E+01
2.50E-02     3.744E-78     1.000E+01
3.00E-02     5.814E-71     1.000E+01
4.00E-02     1.402E-56     1.000E+01
5.00E-02     3.380E-42     1.000E+01
6.00E-02     2.608E-39     1.000E+01
7.00E-02     2.012E-36     1.000E+01
8.00E-02     1.553E-33     1.000E+01
9.00E-02     1.198E-30     1.000E+01
1.00E-01     9.244E-28     1.000E+01
1.10E-01     1.302E-26     1.000E+01
1.20E-01     1.835E-25     1.000E+01
1.30E-01     2.584E-24     1.000E+01
1.40E-01     3.641E-23     1.000E+01
1.50E-01     5.129E-22     1.000E+01
1.60E-01     2.651E-21     1.000E+01
1.80E-01     7.086E-20     1.000E+01
2.00E-01     1.894E-18     1.000E+01
2.50E-01     6.500E-16     1.000E+01
3.00E-01     5.568E-14     1.000E+01
3.50E-01     1.420E-12     1.000E+01
4.00E-01     3.623E-11     1.000E+01
4.50E-01     3.610E-10     1.000E+01
5.00E-01     3.597E-09     1.000E+01
6.00E-01     1.188E-07     1.000E+01
7.00E-01     1.926E-06     1.000E+01
8.00E-01     1.906E-05     1.000E+01
9.00E-01     1.315E-04     1.000E+01
1.00E+00     6.873E-04     1.000E+01
1.25E+00     1.172E-02     1.000E+01
1.50E+00     1.999E-01     1.000E+01
1.75E+00     1.050E+00     1.000E+01
2.00E+00     5.512E+00     1.000E+01
2.50E+00     4.850E+01     1.000E+01
3.00E+00     2.263E+02     1.000E+01
3.50E+00     7.100E+02     1.000E+01
4.00E+00     1.672E+03     1.000E+01
5.00E+00     4.622E+03     1.000E+01
6.00E+00     6.543E+03     1.000E+01
7.00E+00     6.857E+03     1.000E+01
8.00E+00     6.509E+03     1.000E+01
9.00E+00     5.969E+03     1.000E+01
1.00E+01     5.390E+03     1.000E+01
