5        p zr83  he4  y80                  taly      1.00000E-01      
1.00E-03     0.000E+00     1.000E+00
2.00E-03     0.000E+00     1.000E+00
3.00E-03     0.000E+00     1.000E+00
4.00E-03     0.000E+00     1.000E+00
5.00E-03     0.000E+00     1.000E+00
6.00E-03     0.000E+00     1.000E+00
7.00E-03     0.000E+00     1.000E+00
8.00E-03     0.000E+00     1.000E+00
9.00E-03     0.000E+00     1.000E+00
1.00E-02     0.000E+00     1.000E+00
1.10E-02     2.042E-98     1.000E+01
1.20E-02     4.171E-97     1.000E+01
1.30E-02     8.518E-96     1.000E+01
1.40E-02     1.740E-94     1.000E+01
1.50E-02     3.553E-93     1.000E+01
1.60E-02     7.255E-92     1.000E+01
1.80E-02     3.026E-89     1.000E+01
2.00E-02     1.262E-86     1.000E+01
2.50E-02     4.483E-80     1.000E+01
3.00E-02     1.593E-73     1.000E+01
4.00E-02     2.010E-60     1.000E+01
5.00E-02     2.537E-47     1.000E+01
6.00E-02     1.648E-44     1.000E+01
7.00E-02     1.070E-41     1.000E+01
8.00E-02     6.952E-39     1.000E+01
9.00E-02     4.515E-36     1.000E+01
1.00E-01     2.933E-33     1.000E+01
1.10E-01     2.428E-32     1.000E+01
1.20E-01     2.010E-31     1.000E+01
1.30E-01     1.664E-30     1.000E+01
1.40E-01     1.378E-29     1.000E+01
1.50E-01     1.140E-28     1.000E+01
1.60E-01     3.186E-28     1.000E+01
1.80E-01     2.486E-27     1.000E+01
2.00E-01     1.940E-26     1.000E+01
2.50E-01     3.782E-25     1.000E+01
3.00E-01     2.534E-24     1.000E+01
3.50E-01     7.813E-24     1.000E+01
4.00E-01     2.409E-23     1.000E+01
4.50E-01     4.532E-23     1.000E+01
5.00E-01     8.528E-23     1.000E+01
6.00E-01     1.895E-22     1.000E+01
7.00E-01     3.267E-22     1.000E+01
8.00E-01     4.838E-22     1.000E+01
9.00E-01     6.753E-22     1.000E+01
1.00E+00     2.459E-21     1.000E+01
1.25E+00     3.236E-18     1.000E+01
1.50E+00     4.259E-15     1.000E+01
1.75E+00     3.868E-13     1.000E+01
2.00E+00     3.514E-11     1.000E+01
2.50E+00     1.868E-08     1.000E+01
3.00E+00     2.050E-06     1.000E+01
3.50E+00     7.909E-05     1.000E+01
4.00E+00     1.405E-03     1.000E+01
5.00E+00     8.510E-02     1.000E+01
6.00E+00     1.366E+00     1.000E+01
7.00E+00     1.057E+01     1.000E+01
8.00E+00     5.127E+01     1.000E+01
9.00E+00     1.771E+02     1.000E+01
1.00E+01     4.707E+02     1.000E+01
