4        p  y82 zr83                       taly      5.13700E+00      
1.00E-03     0.000E+00     1.000E+00
2.00E-03     0.000E+00     1.000E+00
3.00E-03     0.000E+00     1.000E+00
4.00E-03     0.000E+00     1.000E+00
5.00E-03     0.000E+00     1.000E+00
6.00E-03     0.000E+00     1.000E+00
7.00E-03     0.000E+00     1.000E+00
8.00E-03     0.000E+00     1.000E+00
9.00E-03     0.000E+00     1.000E+00
1.00E-02     0.000E+00     1.000E+00
1.10E-02     2.752E-98     1.000E+01
1.20E-02     7.576E-97     1.000E+01
1.30E-02     2.085E-95     1.000E+01
1.40E-02     5.739E-94     1.000E+01
1.50E-02     1.580E-92     1.000E+01
1.60E-02     4.348E-91     1.000E+01
1.80E-02     3.294E-88     1.000E+01
2.00E-02     2.496E-85     1.000E+01
2.50E-02     3.942E-78     1.000E+01
3.00E-02     6.228E-71     1.000E+01
4.00E-02     1.554E-56     1.000E+01
5.00E-02     3.879E-42     1.000E+01
6.00E-02     2.993E-39     1.000E+01
7.00E-02     2.310E-36     1.000E+01
8.00E-02     1.783E-33     1.000E+01
9.00E-02     1.376E-30     1.000E+01
1.00E-01     1.062E-27     1.000E+01
1.10E-01     1.496E-26     1.000E+01
1.20E-01     2.107E-25     1.000E+01
1.30E-01     2.968E-24     1.000E+01
1.40E-01     4.180E-23     1.000E+01
1.50E-01     5.887E-22     1.000E+01
1.60E-01     3.041E-21     1.000E+01
1.80E-01     8.113E-20     1.000E+01
2.00E-01     2.165E-18     1.000E+01
2.50E-01     7.397E-16     1.000E+01
3.00E-01     6.321E-14     1.000E+01
3.50E-01     1.611E-12     1.000E+01
4.00E-01     4.105E-11     1.000E+01
4.50E-01     4.092E-10     1.000E+01
5.00E-01     4.078E-09     1.000E+01
6.00E-01     1.347E-07     1.000E+01
7.00E-01     2.181E-06     1.000E+01
8.00E-01     2.155E-05     1.000E+01
9.00E-01     1.484E-04     1.000E+01
1.00E+00     7.755E-04     1.000E+01
1.25E+00     1.330E-02     1.000E+01
1.50E+00     2.281E-01     1.000E+01
1.75E+00     1.213E+00     1.000E+01
2.00E+00     6.452E+00     1.000E+01
2.50E+00     5.800E+01     1.000E+01
3.00E+00     2.680E+02     1.000E+01
3.50E+00     7.708E+02     1.000E+01
4.00E+00     1.493E+03     1.000E+01
5.00E+00     2.491E+03     1.000E+01
6.00E+00     2.669E+03     1.000E+01
7.00E+00     2.578E+03     1.000E+01
8.00E+00     2.423E+03     1.000E+01
9.00E+00     2.251E+03     1.000E+01
1.00E+01     2.077E+03     1.000E+01
