5        p  y80  he4 sr77                  taly      1.52000E+00      
1.00E-03     0.000E+00     1.000E+00
2.00E-03     0.000E+00     1.000E+00
3.00E-03     0.000E+00     1.000E+00
4.00E-03     0.000E+00     1.000E+00
5.00E-03     0.000E+00     1.000E+00
6.00E-03     0.000E+00     1.000E+00
7.00E-03     0.000E+00     1.000E+00
8.00E-03     0.000E+00     1.000E+00
9.00E-03     0.000E+00     1.000E+00
1.00E-02     0.000E+00     1.000E+00
1.10E-02     2.100E-98     1.000E+01
1.20E-02     4.412E-97     1.000E+01
1.30E-02     9.267E-96     1.000E+01
1.40E-02     1.946E-94     1.000E+01
1.50E-02     4.088E-93     1.000E+01
1.60E-02     8.587E-92     1.000E+01
1.80E-02     3.788E-89     1.000E+01
2.00E-02     1.671E-86     1.000E+01
2.50E-02     6.833E-80     1.000E+01
3.00E-02     2.793E-73     1.000E+01
4.00E-02     4.669E-60     1.000E+01
5.00E-02     7.804E-47     1.000E+01
6.00E-02     4.524E-44     1.000E+01
7.00E-02     2.622E-41     1.000E+01
8.00E-02     1.520E-38     1.000E+01
9.00E-02     8.811E-36     1.000E+01
1.00E-01     5.108E-33     1.000E+01
1.10E-01     4.114E-32     1.000E+01
1.20E-01     3.313E-31     1.000E+01
1.30E-01     2.668E-30     1.000E+01
1.40E-01     2.149E-29     1.000E+01
1.50E-01     1.731E-28     1.000E+01
1.60E-01     4.854E-28     1.000E+01
1.80E-01     3.818E-27     1.000E+01
2.00E-01     3.003E-26     1.000E+01
2.50E-01     6.443E-25     1.000E+01
3.00E-01     4.897E-24     1.000E+01
3.50E-01     1.719E-23     1.000E+01
4.00E-01     6.031E-23     1.000E+01
4.50E-01     1.283E-22     1.000E+01
5.00E-01     2.728E-22     1.000E+01
6.00E-01     3.432E-21     1.000E+01
7.00E-01     3.876E-19     1.000E+01
8.00E-01     2.389E-17     1.000E+01
9.00E-01     7.801E-16     1.000E+01
1.00E+00     1.524E-14     1.000E+01
1.25E+00     2.299E-12     1.000E+01
1.50E+00     3.468E-10     1.000E+01
1.75E+00     7.492E-09     1.000E+01
2.00E+00     1.618E-07     1.000E+01
2.50E+00     1.460E-05     1.000E+01
3.00E+00     4.858E-04     1.000E+01
3.50E+00     7.791E-03     1.000E+01
4.00E+00     7.093E-02     1.000E+01
5.00E+00     1.743E+00     1.000E+01
6.00E+00     1.575E+01     1.000E+01
7.00E+00     8.227E+01     1.000E+01
8.00E+00     3.064E+02     1.000E+01
9.00E+00     8.931E+02     1.000E+01
1.00E+01     2.126E+03     1.000E+01
