4        n zn62 zn63                       taly      9.11600E+00      
1.00E-03     4.025E+07     1.000E+01
2.00E-03     3.646E+07     1.000E+01
3.00E-03     3.267E+07     1.000E+01
4.00E-03     2.888E+07     1.000E+01
5.00E-03     2.510E+07     1.000E+01
6.00E-03     2.402E+07     1.000E+01
7.00E-03     2.294E+07     1.000E+01
8.00E-03     2.186E+07     1.000E+01
9.00E-03     2.079E+07     1.000E+01
1.00E-02     1.971E+07     1.000E+01
1.10E-02     1.951E+07     1.000E+01
1.20E-02     1.931E+07     1.000E+01
1.30E-02     1.911E+07     1.000E+01
1.40E-02     1.891E+07     1.000E+01
1.50E-02     1.871E+07     1.000E+01
1.60E-02     1.851E+07     1.000E+01
1.80E-02     1.811E+07     1.000E+01
2.00E-02     1.772E+07     1.000E+01
2.50E-02     1.672E+07     1.000E+01
3.00E-02     1.572E+07     1.000E+01
4.00E-02     1.373E+07     1.000E+01
5.00E-02     1.173E+07     1.000E+01
6.00E-02     1.138E+07     1.000E+01
7.00E-02     1.103E+07     1.000E+01
8.00E-02     1.068E+07     1.000E+01
9.00E-02     1.033E+07     1.000E+01
1.00E-01     9.979E+06     1.000E+01
1.10E-01     9.846E+06     1.000E+01
1.20E-01     9.713E+06     1.000E+01
1.30E-01     9.580E+06     1.000E+01
1.40E-01     9.447E+06     1.000E+01
1.50E-01     9.314E+06     1.000E+01
1.60E-01     9.252E+06     1.000E+01
1.80E-01     9.126E+06     1.000E+01
2.00E-01     9.000E+06     1.000E+01
2.50E-01     8.840E+06     1.000E+01
3.00E-01     8.753E+06     1.000E+01
3.50E-01     8.716E+06     1.000E+01
4.00E-01     8.678E+06     1.000E+01
4.50E-01     8.671E+06     1.000E+01
5.00E-01     8.663E+06     1.000E+01
6.00E-01     8.681E+06     1.000E+01
7.00E-01     8.718E+06     1.000E+01
8.00E-01     8.769E+06     1.000E+01
9.00E-01     8.827E+06     1.000E+01
1.00E+00     8.890E+06     1.000E+01
1.25E+00     9.049E+06     1.000E+01
1.50E+00     9.208E+06     1.000E+01
1.75E+00     9.328E+06     1.000E+01
2.00E+00     9.448E+06     1.000E+01
2.50E+00     9.560E+06     1.000E+01
3.00E+00     9.542E+06     1.000E+01
3.50E+00     9.413E+06     1.000E+01
4.00E+00     9.186E+06     1.000E+01
5.00E+00     8.316E+06     1.000E+01
6.00E+00     6.491E+06     1.000E+01
7.00E+00     4.083E+06     1.000E+01
8.00E+00     2.263E+06     1.000E+01
9.00E+00     1.258E+06     1.000E+01
1.00E+01     7.445E+05     1.000E+01
