5        n zn55  he4 ni52                  taly      1.41970E+01      
1.00E-03     2.815E+06     1.000E+01
2.00E-03     2.828E+06     1.000E+01
3.00E-03     2.841E+06     1.000E+01
4.00E-03     2.853E+06     1.000E+01
5.00E-03     2.866E+06     1.000E+01
6.00E-03     2.844E+06     1.000E+01
7.00E-03     2.822E+06     1.000E+01
8.00E-03     2.799E+06     1.000E+01
9.00E-03     2.777E+06     1.000E+01
1.00E-02     2.756E+06     1.000E+01
1.10E-02     2.752E+06     1.000E+01
1.20E-02     2.748E+06     1.000E+01
1.30E-02     2.744E+06     1.000E+01
1.40E-02     2.740E+06     1.000E+01
1.50E-02     2.736E+06     1.000E+01
1.60E-02     2.732E+06     1.000E+01
1.80E-02     2.724E+06     1.000E+01
2.00E-02     2.716E+06     1.000E+01
2.50E-02     2.696E+06     1.000E+01
3.00E-02     2.677E+06     1.000E+01
4.00E-02     2.638E+06     1.000E+01
5.00E-02     2.600E+06     1.000E+01
6.00E-02     2.584E+06     1.000E+01
7.00E-02     2.568E+06     1.000E+01
8.00E-02     2.552E+06     1.000E+01
9.00E-02     2.536E+06     1.000E+01
1.00E-01     2.520E+06     1.000E+01
1.10E-01     2.510E+06     1.000E+01
1.20E-01     2.500E+06     1.000E+01
1.30E-01     2.490E+06     1.000E+01
1.40E-01     2.480E+06     1.000E+01
1.50E-01     2.470E+06     1.000E+01
1.60E-01     2.463E+06     1.000E+01
1.80E-01     2.451E+06     1.000E+01
2.00E-01     2.439E+06     1.000E+01
2.50E-01     2.418E+06     1.000E+01
3.00E-01     2.402E+06     1.000E+01
3.50E-01     2.388E+06     1.000E+01
4.00E-01     2.374E+06     1.000E+01
4.50E-01     2.361E+06     1.000E+01
5.00E-01     2.349E+06     1.000E+01
6.00E-01     2.326E+06     1.000E+01
7.00E-01     2.302E+06     1.000E+01
8.00E-01     2.272E+06     1.000E+01
9.00E-01     2.228E+06     1.000E+01
1.00E+00     2.170E+06     1.000E+01
1.25E+00     2.039E+06     1.000E+01
1.50E+00     1.916E+06     1.000E+01
1.75E+00     2.064E+06     1.000E+01
2.00E+00     2.223E+06     1.000E+01
2.50E+00     2.769E+06     1.000E+01
3.00E+00     3.228E+06     1.000E+01
3.50E+00     3.526E+06     1.000E+01
4.00E+00     3.678E+06     1.000E+01
5.00E+00     3.658E+06     1.000E+01
6.00E+00     3.381E+06     1.000E+01
7.00E+00     2.985E+06     1.000E+01
8.00E+00     2.552E+06     1.000E+01
9.00E+00     2.128E+06     1.000E+01
1.00E+01     1.735E+06     1.000E+01
