5        n zn62    p cu62                  taly      2.40100E+00      
1.00E-03     2.634E+08     1.000E+01
2.00E-03     2.373E+08     1.000E+01
3.00E-03     2.137E+08     1.000E+01
4.00E-03     1.925E+08     1.000E+01
5.00E-03     1.734E+08     1.000E+01
6.00E-03     1.658E+08     1.000E+01
7.00E-03     1.585E+08     1.000E+01
8.00E-03     1.516E+08     1.000E+01
9.00E-03     1.449E+08     1.000E+01
1.00E-02     1.386E+08     1.000E+01
1.10E-02     1.368E+08     1.000E+01
1.20E-02     1.351E+08     1.000E+01
1.30E-02     1.334E+08     1.000E+01
1.40E-02     1.317E+08     1.000E+01
1.50E-02     1.300E+08     1.000E+01
1.60E-02     1.284E+08     1.000E+01
1.80E-02     1.252E+08     1.000E+01
2.00E-02     1.220E+08     1.000E+01
2.50E-02     1.145E+08     1.000E+01
3.00E-02     1.075E+08     1.000E+01
4.00E-02     9.462E+07     1.000E+01
5.00E-02     8.332E+07     1.000E+01
6.00E-02     8.041E+07     1.000E+01
7.00E-02     7.760E+07     1.000E+01
8.00E-02     7.489E+07     1.000E+01
9.00E-02     7.227E+07     1.000E+01
1.00E-01     6.975E+07     1.000E+01
1.10E-01     6.866E+07     1.000E+01
1.20E-01     6.759E+07     1.000E+01
1.30E-01     6.653E+07     1.000E+01
1.40E-01     6.550E+07     1.000E+01
1.50E-01     6.447E+07     1.000E+01
1.60E-01     6.401E+07     1.000E+01
1.80E-01     6.308E+07     1.000E+01
2.00E-01     6.216E+07     1.000E+01
2.50E-01     6.128E+07     1.000E+01
3.00E-01     6.118E+07     1.000E+01
3.50E-01     6.171E+07     1.000E+01
4.00E-01     6.224E+07     1.000E+01
4.50E-01     6.329E+07     1.000E+01
5.00E-01     6.435E+07     1.000E+01
6.00E-01     6.720E+07     1.000E+01
7.00E-01     7.063E+07     1.000E+01
8.00E-01     7.453E+07     1.000E+01
9.00E-01     7.885E+07     1.000E+01
1.00E+00     8.354E+07     1.000E+01
1.25E+00     9.687E+07     1.000E+01
1.50E+00     1.123E+08     1.000E+01
1.75E+00     1.303E+08     1.000E+01
2.00E+00     1.512E+08     1.000E+01
2.50E+00     2.015E+08     1.000E+01
3.00E+00     2.619E+08     1.000E+01
3.50E+00     3.296E+08     1.000E+01
4.00E+00     4.007E+08     1.000E+01
5.00E+00     5.298E+08     1.000E+01
6.00E+00     5.718E+08     1.000E+01
7.00E+00     4.866E+08     1.000E+01
8.00E+00     3.645E+08     1.000E+01
9.00E+00     2.737E+08     1.000E+01
1.00E+01     2.158E+08     1.000E+01
