4        p zn66 ga67                       taly      5.26900E+00      
1.00E-03     0.000E+00     1.000E+00
2.00E-03     0.000E+00     1.000E+00
3.00E-03     0.000E+00     1.000E+00
4.00E-03     0.000E+00     1.000E+00
5.00E-03     0.000E+00     1.000E+00
6.00E-03     0.000E+00     1.000E+00
7.00E-03     0.000E+00     1.000E+00
8.00E-03     0.000E+00     1.000E+00
9.00E-03     0.000E+00     1.000E+00
1.00E-02     0.000E+00     1.000E+00
1.10E-02     5.000E-98     1.000E+01
1.20E-02     2.500E-96     1.000E+01
1.30E-02     1.250E-94     1.000E+01
1.40E-02     6.249E-93     1.000E+01
1.50E-02     3.124E-91     1.000E+01
1.60E-02     1.562E-89     1.000E+01
1.80E-02     3.905E-86     1.000E+01
2.00E-02     9.761E-83     1.000E+01
2.50E-02     3.050E-74     1.000E+01
3.00E-02     9.527E-66     1.000E+01
4.00E-02     9.299E-49     1.000E+01
5.00E-02     9.077E-32     1.000E+01
6.00E-02     9.970E-30     1.000E+01
7.00E-02     1.095E-27     1.000E+01
8.00E-02     1.203E-25     1.000E+01
9.00E-02     1.321E-23     1.000E+01
1.00E-01     1.451E-21     1.000E+01
1.10E-01     1.373E-20     1.000E+01
1.20E-01     1.300E-19     1.000E+01
1.30E-01     1.230E-18     1.000E+01
1.40E-01     1.164E-17     1.000E+01
1.50E-01     1.101E-16     1.000E+01
1.60E-01     4.556E-16     1.000E+01
1.80E-01     7.794E-15     1.000E+01
2.00E-01     1.333E-13     1.000E+01
2.50E-01     2.492E-11     1.000E+01
3.00E-01     1.178E-09     1.000E+01
3.50E-01     1.552E-08     1.000E+01
4.00E-01     2.045E-07     1.000E+01
4.50E-01     1.165E-06     1.000E+01
5.00E-01     6.640E-06     1.000E+01
6.00E-01     9.794E-05     1.000E+01
7.00E-01     8.767E-04     1.000E+01
8.00E-01     5.413E-03     1.000E+01
9.00E-01     2.510E-02     1.000E+01
1.00E+00     9.298E-02     1.000E+01
1.25E+00     8.594E-01     1.000E+01
1.50E+00     7.943E+00     1.000E+01
1.75E+00     2.918E+01     1.000E+01
2.00E+00     1.072E+02     1.000E+01
2.50E+00     6.164E+02     1.000E+01
3.00E+00     2.218E+03     1.000E+01
3.50E+00     5.941E+03     1.000E+01
4.00E+00     1.287E+04     1.000E+01
5.00E+00     3.549E+04     1.000E+01
6.00E+00     5.092E+04     1.000E+01
7.00E+00     4.877E+04     1.000E+01
8.00E+00     4.050E+04     1.000E+01
9.00E+00     3.245E+04     1.000E+01
1.00E+01     2.587E+04     1.000E+01
