4      he4 zn56 ge60                       taly      4.45500E+00      
1.00E-03     0.000E+00     1.000E+00
2.00E-03     0.000E+00     1.000E+00
3.00E-03     0.000E+00     1.000E+00
4.00E-03     0.000E+00     1.000E+00
5.00E-03     0.000E+00     1.000E+00
6.00E-03     0.000E+00     1.000E+00
7.00E-03     0.000E+00     1.000E+00
8.00E-03     0.000E+00     1.000E+00
9.00E-03     0.000E+00     1.000E+00
1.00E-02     0.000E+00     1.000E+00
1.10E-02     0.000E+00     1.000E+00
1.20E-02     0.000E+00     1.000E+00
1.30E-02     0.000E+00     1.000E+00
1.40E-02     0.000E+00     1.000E+00
1.50E-02     0.000E+00     1.000E+00
1.60E-02     0.000E+00     1.000E+00
1.80E-02     0.000E+00     1.000E+00
2.00E-02     0.000E+00     1.000E+00
2.50E-02     0.000E+00     1.000E+00
3.00E-02     0.000E+00     1.000E+00
4.00E-02     0.000E+00     1.000E+00
5.00E-02     0.000E+00     1.000E+00
6.00E-02     0.000E+00     1.000E+00
7.00E-02     0.000E+00     1.000E+00
8.00E-02     0.000E+00     1.000E+00
9.00E-02     0.000E+00     1.000E+00
1.00E-01     0.000E+00     1.000E+00
1.10E-01     0.000E+00     1.000E+00
1.20E-01     0.000E+00     1.000E+00
1.30E-01     0.000E+00     1.000E+00
1.40E-01     0.000E+00     1.000E+00
1.50E-01     0.000E+00     1.000E+00
1.60E-01     0.000E+00     1.000E+00
1.80E-01     0.000E+00     1.000E+00
2.00E-01     0.000E+00     1.000E+00
2.50E-01     1.040E-46     1.000E+01
3.00E-01     4.325E-42     1.000E+01
3.50E-01     3.264E-39     1.000E+01
4.00E-01     2.464E-36     1.000E+01
4.50E-01     1.461E-34     1.000E+01
5.00E-01     8.668E-33     1.000E+01
6.00E-01     5.008E-30     1.000E+01
7.00E-01     1.289E-27     1.000E+01
8.00E-01     1.403E-25     1.000E+01
9.00E-01     7.321E-24     1.000E+01
1.00E+00     2.144E-22     1.000E+01
1.25E+00     6.785E-20     1.000E+01
1.50E+00     2.148E-17     1.000E+01
1.75E+00     7.160E-16     1.000E+01
2.00E+00     2.387E-14     1.000E+01
2.50E+00     3.466E-12     1.000E+01
3.00E+00     1.499E-10     1.000E+01
3.50E+00     2.849E-09     1.000E+01
4.00E+00     2.990E-08     1.000E+01
5.00E+00     9.720E-07     1.000E+01
6.00E+00     1.098E-05     1.000E+01
7.00E+00     6.432E-05     1.000E+01
8.00E+00     2.448E-04     1.000E+01
9.00E+00     6.913E-04     1.000E+01
1.00E+01     1.572E-03     1.000E+01
