4        n zn61 zn62                       taly      1.28900E+01      
1.00E-03     8.930E+05     1.000E+01
2.00E-03     8.971E+05     1.000E+01
3.00E-03     9.012E+05     1.000E+01
4.00E-03     9.053E+05     1.000E+01
5.00E-03     9.094E+05     1.000E+01
6.00E-03     9.025E+05     1.000E+01
7.00E-03     8.956E+05     1.000E+01
8.00E-03     8.886E+05     1.000E+01
9.00E-03     8.817E+05     1.000E+01
1.00E-02     8.748E+05     1.000E+01
1.10E-02     8.736E+05     1.000E+01
1.20E-02     8.725E+05     1.000E+01
1.30E-02     8.714E+05     1.000E+01
1.40E-02     8.703E+05     1.000E+01
1.50E-02     8.691E+05     1.000E+01
1.60E-02     8.680E+05     1.000E+01
1.80E-02     8.658E+05     1.000E+01
2.00E-02     8.635E+05     1.000E+01
2.50E-02     8.579E+05     1.000E+01
3.00E-02     8.523E+05     1.000E+01
4.00E-02     8.410E+05     1.000E+01
5.00E-02     8.298E+05     1.000E+01
6.00E-02     8.258E+05     1.000E+01
7.00E-02     8.218E+05     1.000E+01
8.00E-02     8.178E+05     1.000E+01
9.00E-02     8.138E+05     1.000E+01
1.00E-01     8.098E+05     1.000E+01
1.10E-01     8.078E+05     1.000E+01
1.20E-01     8.057E+05     1.000E+01
1.30E-01     8.037E+05     1.000E+01
1.40E-01     8.017E+05     1.000E+01
1.50E-01     7.996E+05     1.000E+01
1.60E-01     7.988E+05     1.000E+01
1.80E-01     7.972E+05     1.000E+01
2.00E-01     7.955E+05     1.000E+01
2.50E-01     7.943E+05     1.000E+01
3.00E-01     7.940E+05     1.000E+01
3.50E-01     7.938E+05     1.000E+01
4.00E-01     7.937E+05     1.000E+01
4.50E-01     7.938E+05     1.000E+01
5.00E-01     7.940E+05     1.000E+01
6.00E-01     7.958E+05     1.000E+01
7.00E-01     7.990E+05     1.000E+01
8.00E-01     8.035E+05     1.000E+01
9.00E-01     8.090E+05     1.000E+01
1.00E+00     8.152E+05     1.000E+01
1.25E+00     8.334E+05     1.000E+01
1.50E+00     8.516E+05     1.000E+01
1.75E+00     8.700E+05     1.000E+01
2.00E+00     8.885E+05     1.000E+01
2.50E+00     9.210E+05     1.000E+01
3.00E+00     9.477E+05     1.000E+01
3.50E+00     9.683E+05     1.000E+01
4.00E+00     9.808E+05     1.000E+01
5.00E+00     9.529E+05     1.000E+01
6.00E+00     7.914E+05     1.000E+01
7.00E+00     5.352E+05     1.000E+01
8.00E+00     3.216E+05     1.000E+01
9.00E+00     1.919E+05     1.000E+01
1.00E+01     1.199E+05     1.000E+01
