5        n zn59    p cu59                  taly      9.92500E+00      
1.00E-03     6.908E+08     1.000E+01
2.00E-03     6.942E+08     1.000E+01
3.00E-03     6.976E+08     1.000E+01
4.00E-03     7.011E+08     1.000E+01
5.00E-03     7.046E+08     1.000E+01
6.00E-03     6.992E+08     1.000E+01
7.00E-03     6.939E+08     1.000E+01
8.00E-03     6.886E+08     1.000E+01
9.00E-03     6.834E+08     1.000E+01
1.00E-02     6.782E+08     1.000E+01
1.10E-02     6.773E+08     1.000E+01
1.20E-02     6.764E+08     1.000E+01
1.30E-02     6.755E+08     1.000E+01
1.40E-02     6.746E+08     1.000E+01
1.50E-02     6.737E+08     1.000E+01
1.60E-02     6.729E+08     1.000E+01
1.80E-02     6.711E+08     1.000E+01
2.00E-02     6.693E+08     1.000E+01
2.50E-02     6.649E+08     1.000E+01
3.00E-02     6.605E+08     1.000E+01
4.00E-02     6.518E+08     1.000E+01
5.00E-02     6.433E+08     1.000E+01
6.00E-02     6.397E+08     1.000E+01
7.00E-02     6.361E+08     1.000E+01
8.00E-02     6.325E+08     1.000E+01
9.00E-02     6.290E+08     1.000E+01
1.00E-01     6.255E+08     1.000E+01
1.10E-01     6.233E+08     1.000E+01
1.20E-01     6.211E+08     1.000E+01
1.30E-01     6.189E+08     1.000E+01
1.40E-01     6.167E+08     1.000E+01
1.50E-01     6.145E+08     1.000E+01
1.60E-01     6.132E+08     1.000E+01
1.80E-01     6.107E+08     1.000E+01
2.00E-01     6.081E+08     1.000E+01
2.50E-01     6.040E+08     1.000E+01
3.00E-01     6.008E+08     1.000E+01
3.50E-01     5.980E+08     1.000E+01
4.00E-01     5.952E+08     1.000E+01
4.50E-01     5.928E+08     1.000E+01
5.00E-01     5.904E+08     1.000E+01
6.00E-01     5.864E+08     1.000E+01
7.00E-01     5.836E+08     1.000E+01
8.00E-01     5.817E+08     1.000E+01
9.00E-01     5.807E+08     1.000E+01
1.00E+00     5.804E+08     1.000E+01
1.25E+00     5.830E+08     1.000E+01
1.50E+00     5.856E+08     1.000E+01
1.75E+00     5.898E+08     1.000E+01
2.00E+00     5.941E+08     1.000E+01
2.50E+00     6.002E+08     1.000E+01
3.00E+00     6.017E+08     1.000E+01
3.50E+00     5.976E+08     1.000E+01
4.00E+00     5.847E+08     1.000E+01
5.00E+00     4.962E+08     1.000E+01
6.00E+00     3.068E+08     1.000E+01
7.00E+00     1.474E+08     1.000E+01
8.00E+00     6.928E+07     1.000E+01
9.00E+00     3.530E+07     1.000E+01
1.00E+01     1.971E+07     1.000E+01
