5        n zn59  he4 ni56                  taly      1.23380E+01      
1.00E-03     8.468E+06     1.000E+01
2.00E-03     8.512E+06     1.000E+01
3.00E-03     8.556E+06     1.000E+01
4.00E-03     8.601E+06     1.000E+01
5.00E-03     8.646E+06     1.000E+01
6.00E-03     8.583E+06     1.000E+01
7.00E-03     8.519E+06     1.000E+01
8.00E-03     8.457E+06     1.000E+01
9.00E-03     8.395E+06     1.000E+01
1.00E-02     8.333E+06     1.000E+01
1.10E-02     8.324E+06     1.000E+01
1.20E-02     8.315E+06     1.000E+01
1.30E-02     8.307E+06     1.000E+01
1.40E-02     8.298E+06     1.000E+01
1.50E-02     8.289E+06     1.000E+01
1.60E-02     8.281E+06     1.000E+01
1.80E-02     8.263E+06     1.000E+01
2.00E-02     8.246E+06     1.000E+01
2.50E-02     8.203E+06     1.000E+01
3.00E-02     8.160E+06     1.000E+01
4.00E-02     8.074E+06     1.000E+01
5.00E-02     7.990E+06     1.000E+01
6.00E-02     7.967E+06     1.000E+01
7.00E-02     7.944E+06     1.000E+01
8.00E-02     7.921E+06     1.000E+01
9.00E-02     7.897E+06     1.000E+01
1.00E-01     7.874E+06     1.000E+01
1.10E-01     7.868E+06     1.000E+01
1.20E-01     7.861E+06     1.000E+01
1.30E-01     7.855E+06     1.000E+01
1.40E-01     7.848E+06     1.000E+01
1.50E-01     7.842E+06     1.000E+01
1.60E-01     7.846E+06     1.000E+01
1.80E-01     7.855E+06     1.000E+01
2.00E-01     7.864E+06     1.000E+01
2.50E-01     7.913E+06     1.000E+01
3.00E-01     7.969E+06     1.000E+01
3.50E-01     8.025E+06     1.000E+01
4.00E-01     8.080E+06     1.000E+01
4.50E-01     8.134E+06     1.000E+01
5.00E-01     8.188E+06     1.000E+01
6.00E-01     8.299E+06     1.000E+01
7.00E-01     8.416E+06     1.000E+01
8.00E-01     8.540E+06     1.000E+01
9.00E-01     8.670E+06     1.000E+01
1.00E+00     8.805E+06     1.000E+01
1.25E+00     9.152E+06     1.000E+01
1.50E+00     9.514E+06     1.000E+01
1.75E+00     9.856E+06     1.000E+01
2.00E+00     1.021E+07     1.000E+01
2.50E+00     1.084E+07     1.000E+01
3.00E+00     1.138E+07     1.000E+01
3.50E+00     1.183E+07     1.000E+01
4.00E+00     1.215E+07     1.000E+01
5.00E+00     1.161E+07     1.000E+01
6.00E+00     8.492E+06     1.000E+01
7.00E+00     5.056E+06     1.000E+01
8.00E+00     3.002E+06     1.000E+01
9.00E+00     1.917E+06     1.000E+01
1.00E+01     1.310E+06     1.000E+01
