5        n zn56  he4 ni53                  taly      9.69800E+00      
1.00E-03     5.948E+05     1.000E+01
2.00E-03     5.976E+05     1.000E+01
3.00E-03     6.004E+05     1.000E+01
4.00E-03     6.033E+05     1.000E+01
5.00E-03     6.062E+05     1.000E+01
6.00E-03     6.015E+05     1.000E+01
7.00E-03     5.969E+05     1.000E+01
8.00E-03     5.923E+05     1.000E+01
9.00E-03     5.878E+05     1.000E+01
1.00E-02     5.833E+05     1.000E+01
1.10E-02     5.825E+05     1.000E+01
1.20E-02     5.818E+05     1.000E+01
1.30E-02     5.811E+05     1.000E+01
1.40E-02     5.803E+05     1.000E+01
1.50E-02     5.796E+05     1.000E+01
1.60E-02     5.788E+05     1.000E+01
1.80E-02     5.773E+05     1.000E+01
2.00E-02     5.758E+05     1.000E+01
2.50E-02     5.721E+05     1.000E+01
3.00E-02     5.685E+05     1.000E+01
4.00E-02     5.612E+05     1.000E+01
5.00E-02     5.540E+05     1.000E+01
6.00E-02     5.513E+05     1.000E+01
7.00E-02     5.487E+05     1.000E+01
8.00E-02     5.460E+05     1.000E+01
9.00E-02     5.434E+05     1.000E+01
1.00E-01     5.407E+05     1.000E+01
1.10E-01     5.393E+05     1.000E+01
1.20E-01     5.379E+05     1.000E+01
1.30E-01     5.365E+05     1.000E+01
1.40E-01     5.351E+05     1.000E+01
1.50E-01     5.337E+05     1.000E+01
1.60E-01     5.331E+05     1.000E+01
1.80E-01     5.319E+05     1.000E+01
2.00E-01     5.307E+05     1.000E+01
2.50E-01     5.298E+05     1.000E+01
3.00E-01     5.297E+05     1.000E+01
3.50E-01     5.300E+05     1.000E+01
4.00E-01     5.304E+05     1.000E+01
4.50E-01     5.310E+05     1.000E+01
5.00E-01     5.316E+05     1.000E+01
6.00E-01     5.329E+05     1.000E+01
7.00E-01     5.326E+05     1.000E+01
8.00E-01     5.277E+05     1.000E+01
9.00E-01     5.160E+05     1.000E+01
1.00E+00     4.972E+05     1.000E+01
1.25E+00     4.583E+05     1.000E+01
1.50E+00     4.225E+05     1.000E+01
1.75E+00     4.639E+05     1.000E+01
2.00E+00     5.093E+05     1.000E+01
2.50E+00     6.548E+05     1.000E+01
3.00E+00     7.942E+05     1.000E+01
3.50E+00     9.099E+05     1.000E+01
4.00E+00     9.983E+05     1.000E+01
5.00E+00     1.097E+06     1.000E+01
6.00E+00     1.109E+06     1.000E+01
7.00E+00     1.060E+06     1.000E+01
8.00E+00     9.744E+05     1.000E+01
9.00E+00     8.682E+05     1.000E+01
1.00E+01     7.534E+05     1.000E+01
