5        p zn62  he4 cu59                  taly      5.40000E-02      
1.00E-03     0.000E+00     1.000E+00
2.00E-03     0.000E+00     1.000E+00
3.00E-03     0.000E+00     1.000E+00
4.00E-03     0.000E+00     1.000E+00
5.00E-03     0.000E+00     1.000E+00
6.00E-03     0.000E+00     1.000E+00
7.00E-03     0.000E+00     1.000E+00
8.00E-03     0.000E+00     1.000E+00
9.00E-03     0.000E+00     1.000E+00
1.00E-02     0.000E+00     1.000E+00
1.10E-02     3.625E-98     1.000E+01
1.20E-02     1.314E-96     1.000E+01
1.30E-02     4.764E-95     1.000E+01
1.40E-02     1.727E-93     1.000E+01
1.50E-02     6.260E-92     1.000E+01
1.60E-02     2.269E-90     1.000E+01
1.80E-02     2.982E-87     1.000E+01
2.00E-02     3.919E-84     1.000E+01
2.50E-02     2.454E-76     1.000E+01
3.00E-02     1.536E-68     1.000E+01
4.00E-02     6.020E-53     1.000E+01
5.00E-02     2.359E-37     1.000E+01
6.00E-02     1.447E-35     1.000E+01
7.00E-02     8.869E-34     1.000E+01
8.00E-02     5.438E-32     1.000E+01
9.00E-02     3.334E-30     1.000E+01
1.00E-01     2.044E-28     1.000E+01
1.10E-01     7.861E-28     1.000E+01
1.20E-01     3.023E-27     1.000E+01
1.30E-01     1.162E-26     1.000E+01
1.40E-01     4.469E-26     1.000E+01
1.50E-01     1.719E-25     1.000E+01
1.60E-01     3.341E-25     1.000E+01
1.80E-01     1.263E-24     1.000E+01
2.00E-01     4.773E-24     1.000E+01
2.50E-01     3.436E-23     1.000E+01
3.00E-01     1.266E-22     1.000E+01
3.50E-01     2.837E-22     1.000E+01
4.00E-01     6.358E-22     1.000E+01
4.50E-01     1.026E-21     1.000E+01
5.00E-01     1.656E-21     1.000E+01
6.00E-01     3.249E-21     1.000E+01
7.00E-01     4.773E-20     1.000E+01
8.00E-01     4.665E-18     1.000E+01
9.00E-01     2.349E-16     1.000E+01
1.00E+00     6.756E-15     1.000E+01
1.25E+00     2.563E-12     1.000E+01
1.50E+00     9.723E-10     1.000E+01
1.75E+00     3.972E-08     1.000E+01
2.00E+00     1.623E-06     1.000E+01
2.50E+00     2.682E-04     1.000E+01
3.00E+00     1.192E-02     1.000E+01
3.50E+00     2.333E-01     1.000E+01
4.00E+00     2.599E+00     1.000E+01
5.00E+00     9.955E+01     1.000E+01
6.00E+00     1.216E+03     1.000E+01
7.00E+00     6.312E+03     1.000E+01
8.00E+00     1.855E+04     1.000E+01
9.00E+00     3.935E+04     1.000E+01
1.00E+01     6.864E+04     1.000E+01
