4        n zn56 zn57                       taly      1.50380E+01      
1.00E-03     1.273E+04     1.000E+01
2.00E-03     1.279E+04     1.000E+01
3.00E-03     1.284E+04     1.000E+01
4.00E-03     1.290E+04     1.000E+01
5.00E-03     1.296E+04     1.000E+01
6.00E-03     1.286E+04     1.000E+01
7.00E-03     1.276E+04     1.000E+01
8.00E-03     1.266E+04     1.000E+01
9.00E-03     1.256E+04     1.000E+01
1.00E-02     1.246E+04     1.000E+01
1.10E-02     1.244E+04     1.000E+01
1.20E-02     1.242E+04     1.000E+01
1.30E-02     1.240E+04     1.000E+01
1.40E-02     1.238E+04     1.000E+01
1.50E-02     1.236E+04     1.000E+01
1.60E-02     1.234E+04     1.000E+01
1.80E-02     1.231E+04     1.000E+01
2.00E-02     1.227E+04     1.000E+01
2.50E-02     1.218E+04     1.000E+01
3.00E-02     1.208E+04     1.000E+01
4.00E-02     1.190E+04     1.000E+01
5.00E-02     1.171E+04     1.000E+01
6.00E-02     1.162E+04     1.000E+01
7.00E-02     1.154E+04     1.000E+01
8.00E-02     1.145E+04     1.000E+01
9.00E-02     1.137E+04     1.000E+01
1.00E-01     1.128E+04     1.000E+01
1.10E-01     1.122E+04     1.000E+01
1.20E-01     1.116E+04     1.000E+01
1.30E-01     1.110E+04     1.000E+01
1.40E-01     1.104E+04     1.000E+01
1.50E-01     1.099E+04     1.000E+01
1.60E-01     1.094E+04     1.000E+01
1.80E-01     1.086E+04     1.000E+01
2.00E-01     1.078E+04     1.000E+01
2.50E-01     1.061E+04     1.000E+01
3.00E-01     1.047E+04     1.000E+01
3.50E-01     1.034E+04     1.000E+01
4.00E-01     1.022E+04     1.000E+01
4.50E-01     1.010E+04     1.000E+01
5.00E-01     9.981E+03     1.000E+01
6.00E-01     9.751E+03     1.000E+01
7.00E-01     9.490E+03     1.000E+01
8.00E-01     9.142E+03     1.000E+01
9.00E-01     8.659E+03     1.000E+01
1.00E+00     8.027E+03     1.000E+01
1.25E+00     6.283E+03     1.000E+01
1.50E+00     4.538E+03     1.000E+01
1.75E+00     3.835E+03     1.000E+01
2.00E+00     3.133E+03     1.000E+01
2.50E+00     2.862E+03     1.000E+01
3.00E+00     2.894E+03     1.000E+01
3.50E+00     2.973E+03     1.000E+01
4.00E+00     3.028E+03     1.000E+01
5.00E+00     3.004E+03     1.000E+01
6.00E+00     2.828E+03     1.000E+01
7.00E+00     2.563E+03     1.000E+01
8.00E+00     2.261E+03     1.000E+01
9.00E+00     1.953E+03     1.000E+01
1.00E+01     1.657E+03     1.000E+01
