4        n zn60 zn61                       taly      1.02460E+01      
1.00E-03     3.178E+05     1.000E+01
2.00E-03     3.187E+05     1.000E+01
3.00E-03     3.196E+05     1.000E+01
4.00E-03     3.205E+05     1.000E+01
5.00E-03     3.215E+05     1.000E+01
6.00E-03     3.187E+05     1.000E+01
7.00E-03     3.160E+05     1.000E+01
8.00E-03     3.133E+05     1.000E+01
9.00E-03     3.105E+05     1.000E+01
1.00E-02     3.078E+05     1.000E+01
1.10E-02     3.072E+05     1.000E+01
1.20E-02     3.067E+05     1.000E+01
1.30E-02     3.061E+05     1.000E+01
1.40E-02     3.056E+05     1.000E+01
1.50E-02     3.050E+05     1.000E+01
1.60E-02     3.045E+05     1.000E+01
1.80E-02     3.034E+05     1.000E+01
2.00E-02     3.023E+05     1.000E+01
2.50E-02     2.995E+05     1.000E+01
3.00E-02     2.968E+05     1.000E+01
4.00E-02     2.913E+05     1.000E+01
5.00E-02     2.858E+05     1.000E+01
6.00E-02     2.835E+05     1.000E+01
7.00E-02     2.813E+05     1.000E+01
8.00E-02     2.790E+05     1.000E+01
9.00E-02     2.767E+05     1.000E+01
1.00E-01     2.745E+05     1.000E+01
1.10E-01     2.731E+05     1.000E+01
1.20E-01     2.717E+05     1.000E+01
1.30E-01     2.703E+05     1.000E+01
1.40E-01     2.689E+05     1.000E+01
1.50E-01     2.675E+05     1.000E+01
1.60E-01     2.667E+05     1.000E+01
1.80E-01     2.649E+05     1.000E+01
2.00E-01     2.632E+05     1.000E+01
2.50E-01     2.603E+05     1.000E+01
3.00E-01     2.580E+05     1.000E+01
3.50E-01     2.563E+05     1.000E+01
4.00E-01     2.545E+05     1.000E+01
4.50E-01     2.531E+05     1.000E+01
5.00E-01     2.517E+05     1.000E+01
6.00E-01     2.495E+05     1.000E+01
7.00E-01     2.481E+05     1.000E+01
8.00E-01     2.472E+05     1.000E+01
9.00E-01     2.468E+05     1.000E+01
1.00E+00     2.468E+05     1.000E+01
1.25E+00     2.486E+05     1.000E+01
1.50E+00     2.505E+05     1.000E+01
1.75E+00     2.535E+05     1.000E+01
2.00E+00     2.565E+05     1.000E+01
2.50E+00     2.620E+05     1.000E+01
3.00E+00     2.660E+05     1.000E+01
3.50E+00     2.687E+05     1.000E+01
4.00E+00     2.703E+05     1.000E+01
5.00E+00     2.708E+05     1.000E+01
6.00E+00     2.670E+05     1.000E+01
7.00E+00     2.530E+05     1.000E+01
8.00E+00     2.159E+05     1.000E+01
9.00E+00     1.537E+05     1.000E+01
1.00E+01     9.237E+04     1.000E+01
