4        p zn65 ga66                       taly      5.10100E+00      
1.00E-03     0.000E+00     1.000E+00
2.00E-03     0.000E+00     1.000E+00
3.00E-03     0.000E+00     1.000E+00
4.00E-03     0.000E+00     1.000E+00
5.00E-03     0.000E+00     1.000E+00
6.00E-03     0.000E+00     1.000E+00
7.00E-03     0.000E+00     1.000E+00
8.00E-03     0.000E+00     1.000E+00
9.00E-03     0.000E+00     1.000E+00
1.00E-02     0.000E+00     1.000E+00
1.10E-02     5.030E-98     1.000E+01
1.20E-02     2.530E-96     1.000E+01
1.30E-02     1.273E-94     1.000E+01
1.40E-02     6.401E-93     1.000E+01
1.50E-02     3.219E-91     1.000E+01
1.60E-02     1.619E-89     1.000E+01
1.80E-02     4.097E-86     1.000E+01
2.00E-02     1.036E-82     1.000E+01
2.50E-02     3.337E-74     1.000E+01
3.00E-02     1.074E-65     1.000E+01
4.00E-02     1.113E-48     1.000E+01
5.00E-02     1.154E-31     1.000E+01
6.00E-02     1.177E-29     1.000E+01
7.00E-02     1.201E-27     1.000E+01
8.00E-02     1.226E-25     1.000E+01
9.00E-02     1.251E-23     1.000E+01
1.00E-01     1.276E-21     1.000E+01
1.10E-01     1.122E-20     1.000E+01
1.20E-01     9.869E-20     1.000E+01
1.30E-01     8.678E-19     1.000E+01
1.40E-01     7.632E-18     1.000E+01
1.50E-01     6.711E-17     1.000E+01
1.60E-01     2.647E-16     1.000E+01
1.80E-01     4.117E-15     1.000E+01
2.00E-01     6.404E-14     1.000E+01
2.50E-01     8.457E-12     1.000E+01
3.00E-01     3.472E-10     1.000E+01
3.50E-01     5.149E-09     1.000E+01
4.00E-01     7.636E-08     1.000E+01
4.50E-01     5.163E-07     1.000E+01
5.00E-01     3.490E-06     1.000E+01
6.00E-01     6.379E-05     1.000E+01
7.00E-01     6.443E-04     1.000E+01
8.00E-01     4.309E-03     1.000E+01
9.00E-01     2.127E-02     1.000E+01
1.00E+00     8.313E-02     1.000E+01
1.25E+00     8.401E-01     1.000E+01
1.50E+00     8.490E+00     1.000E+01
1.75E+00     3.222E+01     1.000E+01
2.00E+00     1.223E+02     1.000E+01
2.50E+00     6.879E+02     1.000E+01
3.00E+00     2.234E+03     1.000E+01
3.50E+00     4.912E+03     1.000E+01
4.00E+00     7.991E+03     1.000E+01
5.00E+00     1.212E+04     1.000E+01
6.00E+00     1.357E+04     1.000E+01
7.00E+00     1.409E+04     1.000E+01
8.00E+00     1.435E+04     1.000E+01
9.00E+00     1.454E+04     1.000E+01
1.00E+01     1.468E+04     1.000E+01
