4      he4 zn58 ge62                       taly      2.02600E+00      
1.00E-03     0.000E+00     1.000E+00
2.00E-03     0.000E+00     1.000E+00
3.00E-03     0.000E+00     1.000E+00
4.00E-03     0.000E+00     1.000E+00
5.00E-03     0.000E+00     1.000E+00
6.00E-03     0.000E+00     1.000E+00
7.00E-03     0.000E+00     1.000E+00
8.00E-03     0.000E+00     1.000E+00
9.00E-03     0.000E+00     1.000E+00
1.00E-02     0.000E+00     1.000E+00
1.10E-02     0.000E+00     1.000E+00
1.20E-02     0.000E+00     1.000E+00
1.30E-02     0.000E+00     1.000E+00
1.40E-02     0.000E+00     1.000E+00
1.50E-02     0.000E+00     1.000E+00
1.60E-02     0.000E+00     1.000E+00
1.80E-02     0.000E+00     1.000E+00
2.00E-02     0.000E+00     1.000E+00
2.50E-02     0.000E+00     1.000E+00
3.00E-02     0.000E+00     1.000E+00
4.00E-02     0.000E+00     1.000E+00
5.00E-02     0.000E+00     1.000E+00
6.00E-02     0.000E+00     1.000E+00
7.00E-02     0.000E+00     1.000E+00
8.00E-02     0.000E+00     1.000E+00
9.00E-02     0.000E+00     1.000E+00
1.00E-01     0.000E+00     1.000E+00
1.10E-01     0.000E+00     1.000E+00
1.20E-01     0.000E+00     1.000E+00
1.30E-01     0.000E+00     1.000E+00
1.40E-01     0.000E+00     1.000E+00
1.50E-01     0.000E+00     1.000E+00
1.60E-01     0.000E+00     1.000E+00
1.80E-01     0.000E+00     1.000E+00
2.00E-01     0.000E+00     1.000E+00
2.50E-01     1.451E-44     1.000E+01
3.00E-01     5.865E-40     1.000E+01
3.50E-01     4.807E-37     1.000E+01
4.00E-01     3.940E-34     1.000E+01
4.50E-01     2.789E-32     1.000E+01
5.00E-01     1.974E-30     1.000E+01
6.00E-01     1.087E-27     1.000E+01
7.00E-01     1.700E-25     1.000E+01
8.00E-01     1.114E-23     1.000E+01
9.00E-01     3.811E-22     1.000E+01
1.00E+00     7.920E-21     1.000E+01
1.25E+00     1.628E-18     1.000E+01
1.50E+00     3.345E-16     1.000E+01
1.75E+00     1.009E-14     1.000E+01
2.00E+00     3.042E-13     1.000E+01
2.50E+00     3.750E-11     1.000E+01
3.00E+00     1.311E-09     1.000E+01
3.50E+00     1.988E-08     1.000E+01
4.00E+00     1.696E-07     1.000E+01
5.00E+00     4.072E-06     1.000E+01
6.00E+00     3.966E-05     1.000E+01
7.00E+00     2.259E-04     1.000E+01
8.00E+00     9.024E-04     1.000E+01
9.00E+00     2.793E-03     1.000E+01
1.00E+01     7.106E-03     1.000E+01
