4      he4 zn63 ge67                       taly      2.87000E+00      
1.00E-03     0.000E+00     1.000E+00
2.00E-03     0.000E+00     1.000E+00
3.00E-03     0.000E+00     1.000E+00
4.00E-03     0.000E+00     1.000E+00
5.00E-03     0.000E+00     1.000E+00
6.00E-03     0.000E+00     1.000E+00
7.00E-03     0.000E+00     1.000E+00
8.00E-03     0.000E+00     1.000E+00
9.00E-03     0.000E+00     1.000E+00
1.00E-02     0.000E+00     1.000E+00
1.10E-02     0.000E+00     1.000E+00
1.20E-02     0.000E+00     1.000E+00
1.30E-02     0.000E+00     1.000E+00
1.40E-02     0.000E+00     1.000E+00
1.50E-02     0.000E+00     1.000E+00
1.60E-02     0.000E+00     1.000E+00
1.80E-02     0.000E+00     1.000E+00
2.00E-02     0.000E+00     1.000E+00
2.50E-02     0.000E+00     1.000E+00
3.00E-02     0.000E+00     1.000E+00
4.00E-02     0.000E+00     1.000E+00
5.00E-02     0.000E+00     1.000E+00
6.00E-02     0.000E+00     1.000E+00
7.00E-02     0.000E+00     1.000E+00
8.00E-02     0.000E+00     1.000E+00
9.00E-02     0.000E+00     1.000E+00
1.00E-01     0.000E+00     1.000E+00
1.10E-01     0.000E+00     1.000E+00
1.20E-01     0.000E+00     1.000E+00
1.30E-01     0.000E+00     1.000E+00
1.40E-01     0.000E+00     1.000E+00
1.50E-01     0.000E+00     1.000E+00
1.60E-01     0.000E+00     1.000E+00
1.80E-01     0.000E+00     1.000E+00
2.00E-01     0.000E+00     1.000E+00
2.50E-01     3.105E-43     1.000E+01
3.00E-01     1.871E-38     1.000E+01
3.50E-01     2.531E-35     1.000E+01
4.00E-01     3.424E-32     1.000E+01
4.50E-01     4.287E-30     1.000E+01
5.00E-01     5.368E-28     1.000E+01
6.00E-01     7.725E-25     1.000E+01
7.00E-01     2.509E-22     1.000E+01
8.00E-01     2.940E-20     1.000E+01
9.00E-01     1.644E-18     1.000E+01
1.00E+00     5.239E-17     1.000E+01
1.25E+00     2.304E-14     1.000E+01
1.50E+00     1.014E-11     1.000E+01
1.75E+00     4.425E-10     1.000E+01
2.00E+00     1.932E-08     1.000E+01
2.50E+00     3.031E-06     1.000E+01
3.00E+00     1.038E-04     1.000E+01
3.50E+00     1.313E-03     1.000E+01
4.00E+00     8.194E-03     1.000E+01
5.00E+00     8.268E-02     1.000E+01
6.00E+00     3.325E-01     1.000E+01
7.00E+00     9.141E-01     1.000E+01
8.00E+00     2.092E+00     1.000E+01
9.00E+00     4.265E+00     1.000E+01
1.00E+01     7.921E+00     1.000E+01
