5        n zn62  he4 ni59                  taly      5.63400E+00      
1.00E-03     8.962E+06     1.000E+01
2.00E-03     7.976E+06     1.000E+01
3.00E-03     7.099E+06     1.000E+01
4.00E-03     6.318E+06     1.000E+01
5.00E-03     5.623E+06     1.000E+01
6.00E-03     5.362E+06     1.000E+01
7.00E-03     5.112E+06     1.000E+01
8.00E-03     4.875E+06     1.000E+01
9.00E-03     4.648E+06     1.000E+01
1.00E-02     4.432E+06     1.000E+01
1.10E-02     4.378E+06     1.000E+01
1.20E-02     4.324E+06     1.000E+01
1.30E-02     4.270E+06     1.000E+01
1.40E-02     4.218E+06     1.000E+01
1.50E-02     4.166E+06     1.000E+01
1.60E-02     4.115E+06     1.000E+01
1.80E-02     4.014E+06     1.000E+01
2.00E-02     3.916E+06     1.000E+01
2.50E-02     3.680E+06     1.000E+01
3.00E-02     3.459E+06     1.000E+01
4.00E-02     3.056E+06     1.000E+01
5.00E-02     2.700E+06     1.000E+01
6.00E-02     2.628E+06     1.000E+01
7.00E-02     2.557E+06     1.000E+01
8.00E-02     2.489E+06     1.000E+01
9.00E-02     2.422E+06     1.000E+01
1.00E-01     2.357E+06     1.000E+01
1.10E-01     2.336E+06     1.000E+01
1.20E-01     2.316E+06     1.000E+01
1.30E-01     2.295E+06     1.000E+01
1.40E-01     2.275E+06     1.000E+01
1.50E-01     2.254E+06     1.000E+01
1.60E-01     2.249E+06     1.000E+01
1.80E-01     2.238E+06     1.000E+01
2.00E-01     2.228E+06     1.000E+01
2.50E-01     2.233E+06     1.000E+01
3.00E-01     2.254E+06     1.000E+01
3.50E-01     2.283E+06     1.000E+01
4.00E-01     2.312E+06     1.000E+01
4.50E-01     2.348E+06     1.000E+01
5.00E-01     2.383E+06     1.000E+01
6.00E-01     2.462E+06     1.000E+01
7.00E-01     2.550E+06     1.000E+01
8.00E-01     2.646E+06     1.000E+01
9.00E-01     2.751E+06     1.000E+01
1.00E+00     2.865E+06     1.000E+01
1.25E+00     3.207E+06     1.000E+01
1.50E+00     3.590E+06     1.000E+01
1.75E+00     4.102E+06     1.000E+01
2.00E+00     4.686E+06     1.000E+01
2.50E+00     6.355E+06     1.000E+01
3.00E+00     8.810E+06     1.000E+01
3.50E+00     1.223E+07     1.000E+01
4.00E+00     1.669E+07     1.000E+01
5.00E+00     2.804E+07     1.000E+01
6.00E+00     3.711E+07     1.000E+01
7.00E+00     3.665E+07     1.000E+01
8.00E+00     3.021E+07     1.000E+01
9.00E+00     2.405E+07     1.000E+01
1.00E+01     1.972E+07     1.000E+01
