4        p zn62 ga63                       taly      2.66800E+00      
1.00E-03     0.000E+00     1.000E+00
2.00E-03     0.000E+00     1.000E+00
3.00E-03     0.000E+00     1.000E+00
4.00E-03     0.000E+00     1.000E+00
5.00E-03     0.000E+00     1.000E+00
6.00E-03     0.000E+00     1.000E+00
7.00E-03     0.000E+00     1.000E+00
8.00E-03     0.000E+00     1.000E+00
9.00E-03     0.000E+00     1.000E+00
1.00E-02     0.000E+00     1.000E+00
1.10E-02     4.919E-98     1.000E+01
1.20E-02     2.420E-96     1.000E+01
1.30E-02     1.190E-94     1.000E+01
1.40E-02     5.856E-93     1.000E+01
1.50E-02     2.881E-91     1.000E+01
1.60E-02     1.417E-89     1.000E+01
1.80E-02     3.429E-86     1.000E+01
2.00E-02     8.298E-83     1.000E+01
2.50E-02     2.390E-74     1.000E+01
3.00E-02     6.886E-66     1.000E+01
4.00E-02     5.714E-49     1.000E+01
5.00E-02     4.742E-32     1.000E+01
6.00E-02     5.561E-30     1.000E+01
7.00E-02     6.521E-28     1.000E+01
8.00E-02     7.647E-26     1.000E+01
9.00E-02     8.968E-24     1.000E+01
1.00E-01     1.052E-21     1.000E+01
1.10E-01     9.238E-21     1.000E+01
1.20E-01     8.114E-20     1.000E+01
1.30E-01     7.127E-19     1.000E+01
1.40E-01     6.260E-18     1.000E+01
1.50E-01     5.499E-17     1.000E+01
1.60E-01     2.158E-16     1.000E+01
1.80E-01     3.326E-15     1.000E+01
2.00E-01     5.124E-14     1.000E+01
2.50E-01     6.581E-12     1.000E+01
3.00E-01     2.656E-10     1.000E+01
3.50E-01     3.893E-09     1.000E+01
4.00E-01     5.707E-08     1.000E+01
4.50E-01     3.770E-07     1.000E+01
5.00E-01     2.491E-06     1.000E+01
6.00E-01     4.171E-05     1.000E+01
7.00E-01     3.706E-04     1.000E+01
8.00E-01     2.119E-03     1.000E+01
9.00E-01     8.810E-03     1.000E+01
1.00E+00     2.891E-02     1.000E+01
1.25E+00     2.008E-01     1.000E+01
1.50E+00     1.395E+00     1.000E+01
1.75E+00     4.110E+00     1.000E+01
2.00E+00     1.211E+01     1.000E+01
2.50E+00     4.853E+01     1.000E+01
3.00E+00     1.272E+02     1.000E+01
3.50E+00     2.564E+02     1.000E+01
4.00E+00     4.335E+02     1.000E+01
5.00E+00     8.648E+02     1.000E+01
6.00E+00     1.175E+03     1.000E+01
7.00E+00     1.149E+03     1.000E+01
8.00E+00     9.479E+02     1.000E+01
9.00E+00     7.729E+02     1.000E+01
1.00E+01     6.638E+02     1.000E+01
