4      he4 zr78 mo82                       taly      2.07100E+00      
1.00E-03     0.000E+00     1.000E+00
2.00E-03     0.000E+00     1.000E+00
3.00E-03     0.000E+00     1.000E+00
4.00E-03     0.000E+00     1.000E+00
5.00E-03     0.000E+00     1.000E+00
6.00E-03     0.000E+00     1.000E+00
7.00E-03     0.000E+00     1.000E+00
8.00E-03     0.000E+00     1.000E+00
9.00E-03     0.000E+00     1.000E+00
1.00E-02     0.000E+00     1.000E+00
1.10E-02     0.000E+00     1.000E+00
1.20E-02     0.000E+00     1.000E+00
1.30E-02     0.000E+00     1.000E+00
1.40E-02     0.000E+00     1.000E+00
1.50E-02     0.000E+00     1.000E+00
1.60E-02     0.000E+00     1.000E+00
1.80E-02     0.000E+00     1.000E+00
2.00E-02     0.000E+00     1.000E+00
2.50E-02     0.000E+00     1.000E+00
3.00E-02     0.000E+00     1.000E+00
4.00E-02     0.000E+00     1.000E+00
5.00E-02     0.000E+00     1.000E+00
6.00E-02     0.000E+00     1.000E+00
7.00E-02     0.000E+00     1.000E+00
8.00E-02     0.000E+00     1.000E+00
9.00E-02     0.000E+00     1.000E+00
1.00E-01     0.000E+00     1.000E+00
1.10E-01     0.000E+00     1.000E+00
1.20E-01     0.000E+00     1.000E+00
1.30E-01     0.000E+00     1.000E+00
1.40E-01     0.000E+00     1.000E+00
1.50E-01     0.000E+00     1.000E+00
1.60E-01     0.000E+00     1.000E+00
1.80E-01     0.000E+00     1.000E+00
2.00E-01     0.000E+00     1.000E+00
2.50E-01     0.000E+00     1.000E+00
3.00E-01     0.000E+00     1.000E+00
3.50E-01     2.877E-71     1.000E+01
4.00E-01     8.276E-43     1.000E+01
4.50E-01     4.091E-40     1.000E+01
5.00E-01     2.022E-37     1.000E+01
6.00E-01     8.330E-34     1.000E+01
7.00E-01     3.586E-31     1.000E+01
8.00E-01     4.097E-29     1.000E+01
9.00E-01     2.032E-27     1.000E+01
1.00E+00     5.684E-26     1.000E+01
1.25E+00     2.254E-23     1.000E+01
1.50E+00     8.935E-21     1.000E+01
1.75E+00     4.573E-19     1.000E+01
2.00E+00     2.340E-17     1.000E+01
2.50E+00     6.847E-15     1.000E+01
3.00E+00     5.231E-13     1.000E+01
3.50E+00     1.623E-11     1.000E+01
4.00E+00     2.659E-10     1.000E+01
5.00E+00     1.960E-08     1.000E+01
6.00E+00     4.665E-07     1.000E+01
7.00E+00     5.276E-06     1.000E+01
8.00E+00     3.498E-05     1.000E+01
9.00E+00     1.542E-04     1.000E+01
1.00E+01     4.903E-04     1.000E+01
