4      he4 zr79 mo83                       taly      2.05200E+00      
1.00E-03     0.000E+00     1.000E+00
2.00E-03     0.000E+00     1.000E+00
3.00E-03     0.000E+00     1.000E+00
4.00E-03     0.000E+00     1.000E+00
5.00E-03     0.000E+00     1.000E+00
6.00E-03     0.000E+00     1.000E+00
7.00E-03     0.000E+00     1.000E+00
8.00E-03     0.000E+00     1.000E+00
9.00E-03     0.000E+00     1.000E+00
1.00E-02     0.000E+00     1.000E+00
1.10E-02     0.000E+00     1.000E+00
1.20E-02     0.000E+00     1.000E+00
1.30E-02     0.000E+00     1.000E+00
1.40E-02     0.000E+00     1.000E+00
1.50E-02     0.000E+00     1.000E+00
1.60E-02     0.000E+00     1.000E+00
1.80E-02     0.000E+00     1.000E+00
2.00E-02     0.000E+00     1.000E+00
2.50E-02     0.000E+00     1.000E+00
3.00E-02     0.000E+00     1.000E+00
4.00E-02     0.000E+00     1.000E+00
5.00E-02     0.000E+00     1.000E+00
6.00E-02     0.000E+00     1.000E+00
7.00E-02     0.000E+00     1.000E+00
8.00E-02     0.000E+00     1.000E+00
9.00E-02     0.000E+00     1.000E+00
1.00E-01     0.000E+00     1.000E+00
1.10E-01     0.000E+00     1.000E+00
1.20E-01     0.000E+00     1.000E+00
1.30E-01     0.000E+00     1.000E+00
1.40E-01     0.000E+00     1.000E+00
1.50E-01     0.000E+00     1.000E+00
1.60E-01     0.000E+00     1.000E+00
1.80E-01     0.000E+00     1.000E+00
2.00E-01     0.000E+00     1.000E+00
2.50E-01     0.000E+00     1.000E+00
3.00E-01     0.000E+00     1.000E+00
3.50E-01     1.754E-71     1.000E+01
4.00E-01     3.076E-43     1.000E+01
4.50E-01     1.826E-40     1.000E+01
5.00E-01     1.084E-37     1.000E+01
6.00E-01     6.318E-34     1.000E+01
7.00E-01     3.487E-31     1.000E+01
8.00E-01     4.378E-29     1.000E+01
9.00E-01     2.089E-27     1.000E+01
1.00E+00     5.195E-26     1.000E+01
1.25E+00     1.399E-23     1.000E+01
1.50E+00     3.769E-21     1.000E+01
1.75E+00     1.562E-19     1.000E+01
2.00E+00     6.471E-18     1.000E+01
2.50E+00     1.539E-15     1.000E+01
3.00E+00     1.043E-13     1.000E+01
3.50E+00     2.978E-12     1.000E+01
4.00E+00     4.596E-11     1.000E+01
5.00E+00     3.189E-09     1.000E+01
6.00E+00     7.631E-08     1.000E+01
7.00E+00     9.086E-07     1.000E+01
8.00E+00     6.511E-06     1.000E+01
9.00E+00     3.140E-05     1.000E+01
1.00E+01     1.097E-04     1.000E+01
