4      he4 zr81 mo85                       taly      1.53900E+00      
1.00E-03     0.000E+00     1.000E+00
2.00E-03     0.000E+00     1.000E+00
3.00E-03     0.000E+00     1.000E+00
4.00E-03     0.000E+00     1.000E+00
5.00E-03     0.000E+00     1.000E+00
6.00E-03     0.000E+00     1.000E+00
7.00E-03     0.000E+00     1.000E+00
8.00E-03     0.000E+00     1.000E+00
9.00E-03     0.000E+00     1.000E+00
1.00E-02     0.000E+00     1.000E+00
1.10E-02     0.000E+00     1.000E+00
1.20E-02     0.000E+00     1.000E+00
1.30E-02     0.000E+00     1.000E+00
1.40E-02     0.000E+00     1.000E+00
1.50E-02     0.000E+00     1.000E+00
1.60E-02     0.000E+00     1.000E+00
1.80E-02     0.000E+00     1.000E+00
2.00E-02     0.000E+00     1.000E+00
2.50E-02     0.000E+00     1.000E+00
3.00E-02     0.000E+00     1.000E+00
4.00E-02     0.000E+00     1.000E+00
5.00E-02     0.000E+00     1.000E+00
6.00E-02     0.000E+00     1.000E+00
7.00E-02     0.000E+00     1.000E+00
8.00E-02     0.000E+00     1.000E+00
9.00E-02     0.000E+00     1.000E+00
1.00E-01     0.000E+00     1.000E+00
1.10E-01     0.000E+00     1.000E+00
1.20E-01     0.000E+00     1.000E+00
1.30E-01     0.000E+00     1.000E+00
1.40E-01     0.000E+00     1.000E+00
1.50E-01     0.000E+00     1.000E+00
1.60E-01     0.000E+00     1.000E+00
1.80E-01     0.000E+00     1.000E+00
2.00E-01     0.000E+00     1.000E+00
2.50E-01     0.000E+00     1.000E+00
3.00E-01     0.000E+00     1.000E+00
3.50E-01     2.780E-71     1.000E+01
4.00E-01     7.728E-43     1.000E+01
4.50E-01     5.857E-40     1.000E+01
5.00E-01     4.439E-37     1.000E+01
6.00E-01     5.416E-33     1.000E+01
7.00E-01     7.855E-30     1.000E+01
8.00E-01     2.997E-27     1.000E+01
9.00E-01     4.564E-25     1.000E+01
1.00E+00     3.512E-23     1.000E+01
1.25E+00     6.142E-20     1.000E+01
1.50E+00     1.074E-16     1.000E+01
1.75E+00     7.387E-15     1.000E+01
2.00E+00     5.080E-13     1.000E+01
2.50E+00     1.225E-10     1.000E+01
3.00E+00     6.387E-09     1.000E+01
3.50E+00     1.382E-07     1.000E+01
4.00E+00     1.717E-06     1.000E+01
5.00E+00     9.129E-05     1.000E+01
6.00E+00     1.796E-03     1.000E+01
7.00E+00     1.544E-02     1.000E+01
8.00E+00     5.726E-02     1.000E+01
9.00E+00     1.108E-01     1.000E+01
1.00E+01     1.586E-01     1.000E+01
