4        n zr81 zr82                       taly      1.36180E+01      
1.00E-03     1.746E+06     1.000E+01
2.00E-03     1.765E+06     1.000E+01
3.00E-03     1.784E+06     1.000E+01
4.00E-03     1.803E+06     1.000E+01
5.00E-03     1.822E+06     1.000E+01
6.00E-03     1.816E+06     1.000E+01
7.00E-03     1.810E+06     1.000E+01
8.00E-03     1.804E+06     1.000E+01
9.00E-03     1.799E+06     1.000E+01
1.00E-02     1.793E+06     1.000E+01
1.10E-02     1.797E+06     1.000E+01
1.20E-02     1.802E+06     1.000E+01
1.30E-02     1.807E+06     1.000E+01
1.40E-02     1.811E+06     1.000E+01
1.50E-02     1.816E+06     1.000E+01
1.60E-02     1.821E+06     1.000E+01
1.80E-02     1.830E+06     1.000E+01
2.00E-02     1.840E+06     1.000E+01
2.50E-02     1.863E+06     1.000E+01
3.00E-02     1.887E+06     1.000E+01
4.00E-02     1.933E+06     1.000E+01
5.00E-02     1.980E+06     1.000E+01
6.00E-02     2.033E+06     1.000E+01
7.00E-02     2.086E+06     1.000E+01
8.00E-02     2.139E+06     1.000E+01
9.00E-02     2.191E+06     1.000E+01
1.00E-01     2.244E+06     1.000E+01
1.10E-01     2.298E+06     1.000E+01
1.20E-01     2.353E+06     1.000E+01
1.30E-01     2.407E+06     1.000E+01
1.40E-01     2.461E+06     1.000E+01
1.50E-01     2.516E+06     1.000E+01
1.60E-01     2.571E+06     1.000E+01
1.80E-01     2.683E+06     1.000E+01
2.00E-01     2.794E+06     1.000E+01
2.50E-01     3.069E+06     1.000E+01
3.00E-01     3.332E+06     1.000E+01
3.50E-01     3.572E+06     1.000E+01
4.00E-01     3.811E+06     1.000E+01
4.50E-01     4.023E+06     1.000E+01
5.00E-01     4.235E+06     1.000E+01
6.00E-01     4.613E+06     1.000E+01
7.00E-01     4.953E+06     1.000E+01
8.00E-01     5.258E+06     1.000E+01
9.00E-01     5.531E+06     1.000E+01
1.00E+00     5.776E+06     1.000E+01
1.25E+00     6.222E+06     1.000E+01
1.50E+00     6.667E+06     1.000E+01
1.75E+00     6.919E+06     1.000E+01
2.00E+00     7.172E+06     1.000E+01
2.50E+00     7.448E+06     1.000E+01
3.00E+00     7.586E+06     1.000E+01
3.50E+00     7.640E+06     1.000E+01
4.00E+00     7.640E+06     1.000E+01
5.00E+00     7.535E+06     1.000E+01
6.00E+00     7.174E+06     1.000E+01
7.00E+00     5.862E+06     1.000E+01
8.00E+00     3.366E+06     1.000E+01
9.00E+00     1.440E+06     1.000E+01
1.00E+01     5.900E+05     1.000E+01
