4        n zr82 zr83                       taly      1.00390E+01      
1.00E-03     4.428E+06     1.000E+01
2.00E-03     4.463E+06     1.000E+01
3.00E-03     4.499E+06     1.000E+01
4.00E-03     4.535E+06     1.000E+01
5.00E-03     4.571E+06     1.000E+01
6.00E-03     4.553E+06     1.000E+01
7.00E-03     4.536E+06     1.000E+01
8.00E-03     4.518E+06     1.000E+01
9.00E-03     4.500E+06     1.000E+01
1.00E-02     4.483E+06     1.000E+01
1.10E-02     4.496E+06     1.000E+01
1.20E-02     4.510E+06     1.000E+01
1.30E-02     4.524E+06     1.000E+01
1.40E-02     4.537E+06     1.000E+01
1.50E-02     4.551E+06     1.000E+01
1.60E-02     4.564E+06     1.000E+01
1.80E-02     4.591E+06     1.000E+01
2.00E-02     4.619E+06     1.000E+01
2.50E-02     4.687E+06     1.000E+01
3.00E-02     4.754E+06     1.000E+01
4.00E-02     4.890E+06     1.000E+01
5.00E-02     5.026E+06     1.000E+01
6.00E-02     5.188E+06     1.000E+01
7.00E-02     5.350E+06     1.000E+01
8.00E-02     5.512E+06     1.000E+01
9.00E-02     5.674E+06     1.000E+01
1.00E-01     5.836E+06     1.000E+01
1.10E-01     5.997E+06     1.000E+01
1.20E-01     6.157E+06     1.000E+01
1.30E-01     6.318E+06     1.000E+01
1.40E-01     6.479E+06     1.000E+01
1.50E-01     6.640E+06     1.000E+01
1.60E-01     6.796E+06     1.000E+01
1.80E-01     7.110E+06     1.000E+01
2.00E-01     7.423E+06     1.000E+01
2.50E-01     8.161E+06     1.000E+01
3.00E-01     8.837E+06     1.000E+01
3.50E-01     9.419E+06     1.000E+01
4.00E-01     1.000E+07     1.000E+01
4.50E-01     1.048E+07     1.000E+01
5.00E-01     1.097E+07     1.000E+01
6.00E-01     1.178E+07     1.000E+01
7.00E-01     1.249E+07     1.000E+01
8.00E-01     1.309E+07     1.000E+01
9.00E-01     1.362E+07     1.000E+01
1.00E+00     1.407E+07     1.000E+01
1.25E+00     1.479E+07     1.000E+01
1.50E+00     1.551E+07     1.000E+01
1.75E+00     1.580E+07     1.000E+01
2.00E+00     1.608E+07     1.000E+01
2.50E+00     1.617E+07     1.000E+01
3.00E+00     1.599E+07     1.000E+01
3.50E+00     1.567E+07     1.000E+01
4.00E+00     1.524E+07     1.000E+01
5.00E+00     1.343E+07     1.000E+01
6.00E+00     7.679E+06     1.000E+01
7.00E+00     2.430E+06     1.000E+01
8.00E+00     7.462E+05     1.000E+01
9.00E+00     2.937E+05     1.000E+01
1.00E+01     1.509E+05     1.000E+01
