5      he4 zr79    p nb82                  taly      2.78000E-01      
1.00E-03     0.000E+00     1.000E+00
2.00E-03     0.000E+00     1.000E+00
3.00E-03     0.000E+00     1.000E+00
4.00E-03     0.000E+00     1.000E+00
5.00E-03     0.000E+00     1.000E+00
6.00E-03     0.000E+00     1.000E+00
7.00E-03     0.000E+00     1.000E+00
8.00E-03     0.000E+00     1.000E+00
9.00E-03     0.000E+00     1.000E+00
1.00E-02     0.000E+00     1.000E+00
1.10E-02     0.000E+00     1.000E+00
1.20E-02     0.000E+00     1.000E+00
1.30E-02     0.000E+00     1.000E+00
1.40E-02     0.000E+00     1.000E+00
1.50E-02     0.000E+00     1.000E+00
1.60E-02     0.000E+00     1.000E+00
1.80E-02     0.000E+00     1.000E+00
2.00E-02     0.000E+00     1.000E+00
2.50E-02     0.000E+00     1.000E+00
3.00E-02     0.000E+00     1.000E+00
4.00E-02     0.000E+00     1.000E+00
5.00E-02     0.000E+00     1.000E+00
6.00E-02     0.000E+00     1.000E+00
7.00E-02     0.000E+00     1.000E+00
8.00E-02     0.000E+00     1.000E+00
9.00E-02     0.000E+00     1.000E+00
1.00E-01     0.000E+00     1.000E+00
1.10E-01     0.000E+00     1.000E+00
1.20E-01     0.000E+00     1.000E+00
1.30E-01     0.000E+00     1.000E+00
1.40E-01     0.000E+00     1.000E+00
1.50E-01     0.000E+00     1.000E+00
1.60E-01     0.000E+00     1.000E+00
1.80E-01     0.000E+00     1.000E+00
2.00E-01     0.000E+00     1.000E+00
2.50E-01     0.000E+00     1.000E+00
3.00E-01     0.000E+00     1.000E+00
3.50E-01     3.001E-71     1.000E+01
4.00E-01     9.006E-43     1.000E+01
4.50E-01     6.216E-40     1.000E+01
5.00E-01     4.291E-37     1.000E+01
6.00E-01     4.130E-33     1.000E+01
7.00E-01     4.339E-30     1.000E+01
8.00E-01     1.104E-27     1.000E+01
9.00E-01     1.086E-25     1.000E+01
1.00E+00     5.538E-24     1.000E+01
1.25E+00     6.256E-21     1.000E+01
1.50E+00     7.067E-18     1.000E+01
1.75E+00     6.050E-16     1.000E+01
2.00E+00     5.179E-14     1.000E+01
2.50E+00     2.636E-11     1.000E+01
3.00E+00     2.702E-09     1.000E+01
3.50E+00     9.701E-08     1.000E+01
4.00E+00     1.692E-06     1.000E+01
5.00E+00     1.246E-04     1.000E+01
6.00E+00     2.735E-03     1.000E+01
7.00E+00     2.780E-02     1.000E+01
8.00E+00     1.658E-01     1.000E+01
9.00E+00     6.690E-01     1.000E+01
1.00E+01     1.997E+00     1.000E+01
