4        n zr79 zr80                       taly      1.65290E+01      
1.00E-03     3.269E+04     1.000E+01
2.00E-03     3.306E+04     1.000E+01
3.00E-03     3.343E+04     1.000E+01
4.00E-03     3.380E+04     1.000E+01
5.00E-03     3.417E+04     1.000E+01
6.00E-03     3.407E+04     1.000E+01
7.00E-03     3.398E+04     1.000E+01
8.00E-03     3.388E+04     1.000E+01
9.00E-03     3.378E+04     1.000E+01
1.00E-02     3.369E+04     1.000E+01
1.10E-02     3.379E+04     1.000E+01
1.20E-02     3.389E+04     1.000E+01
1.30E-02     3.399E+04     1.000E+01
1.40E-02     3.409E+04     1.000E+01
1.50E-02     3.419E+04     1.000E+01
1.60E-02     3.429E+04     1.000E+01
1.80E-02     3.449E+04     1.000E+01
2.00E-02     3.469E+04     1.000E+01
2.50E-02     3.520E+04     1.000E+01
3.00E-02     3.570E+04     1.000E+01
4.00E-02     3.671E+04     1.000E+01
5.00E-02     3.771E+04     1.000E+01
6.00E-02     3.882E+04     1.000E+01
7.00E-02     3.994E+04     1.000E+01
8.00E-02     4.105E+04     1.000E+01
9.00E-02     4.216E+04     1.000E+01
1.00E-01     4.328E+04     1.000E+01
1.10E-01     4.442E+04     1.000E+01
1.20E-01     4.557E+04     1.000E+01
1.30E-01     4.671E+04     1.000E+01
1.40E-01     4.786E+04     1.000E+01
1.50E-01     4.901E+04     1.000E+01
1.60E-01     5.018E+04     1.000E+01
1.80E-01     5.254E+04     1.000E+01
2.00E-01     5.489E+04     1.000E+01
2.50E-01     6.071E+04     1.000E+01
3.00E-01     6.629E+04     1.000E+01
3.50E-01     7.126E+04     1.000E+01
4.00E-01     7.623E+04     1.000E+01
4.50E-01     7.921E+04     1.000E+01
5.00E-01     8.219E+04     1.000E+01
6.00E-01     7.907E+04     1.000E+01
7.00E-01     6.594E+04     1.000E+01
8.00E-01     4.960E+04     1.000E+01
9.00E-01     3.605E+04     1.000E+01
1.00E+00     2.653E+04     1.000E+01
1.25E+00     1.799E+04     1.000E+01
1.50E+00     9.447E+03     1.000E+01
1.75E+00     7.671E+03     1.000E+01
2.00E+00     5.895E+03     1.000E+01
2.50E+00     4.651E+03     1.000E+01
3.00E+00     4.059E+03     1.000E+01
3.50E+00     3.715E+03     1.000E+01
4.00E+00     3.484E+03     1.000E+01
5.00E+00     3.168E+03     1.000E+01
6.00E+00     2.923E+03     1.000E+01
7.00E+00     2.688E+03     1.000E+01
8.00E+00     2.432E+03     1.000E+01
9.00E+00     2.138E+03     1.000E+01
1.00E+01     1.808E+03     1.000E+01
