4      he4 zr82 mo86                       taly      2.59200E+00      
1.00E-03     0.000E+00     1.000E+00
2.00E-03     0.000E+00     1.000E+00
3.00E-03     0.000E+00     1.000E+00
4.00E-03     0.000E+00     1.000E+00
5.00E-03     0.000E+00     1.000E+00
6.00E-03     0.000E+00     1.000E+00
7.00E-03     0.000E+00     1.000E+00
8.00E-03     0.000E+00     1.000E+00
9.00E-03     0.000E+00     1.000E+00
1.00E-02     0.000E+00     1.000E+00
1.10E-02     0.000E+00     1.000E+00
1.20E-02     0.000E+00     1.000E+00
1.30E-02     0.000E+00     1.000E+00
1.40E-02     0.000E+00     1.000E+00
1.50E-02     0.000E+00     1.000E+00
1.60E-02     0.000E+00     1.000E+00
1.80E-02     0.000E+00     1.000E+00
2.00E-02     0.000E+00     1.000E+00
2.50E-02     0.000E+00     1.000E+00
3.00E-02     0.000E+00     1.000E+00
4.00E-02     0.000E+00     1.000E+00
5.00E-02     0.000E+00     1.000E+00
6.00E-02     0.000E+00     1.000E+00
7.00E-02     0.000E+00     1.000E+00
8.00E-02     0.000E+00     1.000E+00
9.00E-02     0.000E+00     1.000E+00
1.00E-01     0.000E+00     1.000E+00
1.10E-01     0.000E+00     1.000E+00
1.20E-01     0.000E+00     1.000E+00
1.30E-01     0.000E+00     1.000E+00
1.40E-01     0.000E+00     1.000E+00
1.50E-01     0.000E+00     1.000E+00
1.60E-01     0.000E+00     1.000E+00
1.80E-01     0.000E+00     1.000E+00
2.00E-01     0.000E+00     1.000E+00
2.50E-01     0.000E+00     1.000E+00
3.00E-01     0.000E+00     1.000E+00
3.50E-01     3.000E-71     1.000E+01
4.00E-01     9.002E-43     1.000E+01
4.50E-01     6.587E-40     1.000E+01
5.00E-01     4.820E-37     1.000E+01
6.00E-01     5.533E-33     1.000E+01
7.00E-01     8.027E-30     1.000E+01
8.00E-01     3.125E-27     1.000E+01
9.00E-01     4.856E-25     1.000E+01
1.00E+00     3.821E-23     1.000E+01
1.25E+00     8.068E-20     1.000E+01
1.50E+00     1.704E-16     1.000E+01
1.75E+00     1.546E-14     1.000E+01
2.00E+00     1.403E-12     1.000E+01
2.50E+00     5.050E-10     1.000E+01
3.00E+00     3.391E-08     1.000E+01
3.50E+00     8.581E-07     1.000E+01
4.00E+00     1.170E-05     1.000E+01
5.00E+00     6.319E-04     1.000E+01
6.00E+00     7.837E-03     1.000E+01
7.00E+00     2.728E-02     1.000E+01
8.00E+00     6.039E-02     1.000E+01
9.00E+00     1.321E-01     1.000E+01
1.00E+01     3.017E-01     1.000E+01
