5      he4 ag96    p cd99                  taly      5.55000E-01      
1.00E-03     0.000E+00     1.000E+00
2.00E-03     0.000E+00     1.000E+00
3.00E-03     0.000E+00     1.000E+00
4.00E-03     0.000E+00     1.000E+00
5.00E-03     0.000E+00     1.000E+00
6.00E-03     0.000E+00     1.000E+00
7.00E-03     0.000E+00     1.000E+00
8.00E-03     0.000E+00     1.000E+00
9.00E-03     0.000E+00     1.000E+00
1.00E-02     0.000E+00     1.000E+00
1.10E-02     0.000E+00     1.000E+00
1.20E-02     0.000E+00     1.000E+00
1.30E-02     0.000E+00     1.000E+00
1.40E-02     0.000E+00     1.000E+00
1.50E-02     0.000E+00     1.000E+00
1.60E-02     0.000E+00     1.000E+00
1.80E-02     0.000E+00     1.000E+00
2.00E-02     0.000E+00     1.000E+00
2.50E-02     0.000E+00     1.000E+00
3.00E-02     0.000E+00     1.000E+00
4.00E-02     0.000E+00     1.000E+00
5.00E-02     0.000E+00     1.000E+00
6.00E-02     0.000E+00     1.000E+00
7.00E-02     0.000E+00     1.000E+00
8.00E-02     0.000E+00     1.000E+00
9.00E-02     0.000E+00     1.000E+00
1.00E-01     0.000E+00     1.000E+00
1.10E-01     0.000E+00     1.000E+00
1.20E-01     0.000E+00     1.000E+00
1.30E-01     0.000E+00     1.000E+00
1.40E-01     0.000E+00     1.000E+00
1.50E-01     0.000E+00     1.000E+00
1.60E-01     0.000E+00     1.000E+00
1.80E-01     0.000E+00     1.000E+00
2.00E-01     0.000E+00     1.000E+00
2.50E-01     0.000E+00     1.000E+00
3.00E-01     0.000E+00     1.000E+00
3.50E-01     0.000E+00     1.000E+00
4.00E-01     0.000E+00     1.000E+00
4.50E-01     6.275E-72     1.000E+01
5.00E-01     3.937E-44     1.000E+01
6.00E-01     3.579E-39     1.000E+01
7.00E-01     2.136E-35     1.000E+01
8.00E-01     2.480E-32     1.000E+01
9.00E-01     9.398E-30     1.000E+01
1.00E+00     1.516E-27     1.000E+01
1.25E+00     9.729E-24     1.000E+01
1.50E+00     6.245E-20     1.000E+01
1.75E+00     1.332E-17     1.000E+01
2.00E+00     2.843E-15     1.000E+01
2.50E+00     4.216E-12     1.000E+01
3.00E+00     7.794E-10     1.000E+01
3.50E+00     3.931E-08     1.000E+01
4.00E+00     8.855E-07     1.000E+01
5.00E+00     1.012E-04     1.000E+01
6.00E+00     3.144E-03     1.000E+01
7.00E+00     4.156E-02     1.000E+01
8.00E+00     3.043E-01     1.000E+01
9.00E+00     1.455E+00     1.000E+01
1.00E+01     5.050E+00     1.000E+01
