4        n ag94 ag95                       taly      1.52570E+01      
1.00E-03     1.046E+03     1.000E+01
2.00E-03     1.055E+03     1.000E+01
3.00E-03     1.064E+03     1.000E+01
4.00E-03     1.073E+03     1.000E+01
5.00E-03     1.082E+03     1.000E+01
6.00E-03     1.076E+03     1.000E+01
7.00E-03     1.071E+03     1.000E+01
8.00E-03     1.065E+03     1.000E+01
9.00E-03     1.060E+03     1.000E+01
1.00E-02     1.054E+03     1.000E+01
1.10E-02     1.055E+03     1.000E+01
1.20E-02     1.055E+03     1.000E+01
1.30E-02     1.056E+03     1.000E+01
1.40E-02     1.056E+03     1.000E+01
1.50E-02     1.057E+03     1.000E+01
1.60E-02     1.057E+03     1.000E+01
1.80E-02     1.058E+03     1.000E+01
2.00E-02     1.059E+03     1.000E+01
2.50E-02     1.062E+03     1.000E+01
3.00E-02     1.065E+03     1.000E+01
4.00E-02     1.070E+03     1.000E+01
5.00E-02     1.075E+03     1.000E+01
6.00E-02     1.084E+03     1.000E+01
7.00E-02     1.092E+03     1.000E+01
8.00E-02     1.101E+03     1.000E+01
9.00E-02     1.110E+03     1.000E+01
1.00E-01     1.118E+03     1.000E+01
1.10E-01     1.127E+03     1.000E+01
1.20E-01     1.137E+03     1.000E+01
1.30E-01     1.146E+03     1.000E+01
1.40E-01     1.155E+03     1.000E+01
1.50E-01     1.164E+03     1.000E+01
1.60E-01     1.173E+03     1.000E+01
1.80E-01     1.192E+03     1.000E+01
2.00E-01     1.211E+03     1.000E+01
2.50E-01     1.257E+03     1.000E+01
3.00E-01     1.300E+03     1.000E+01
3.50E-01     1.336E+03     1.000E+01
4.00E-01     1.372E+03     1.000E+01
4.50E-01     1.401E+03     1.000E+01
5.00E-01     1.431E+03     1.000E+01
6.00E-01     1.481E+03     1.000E+01
7.00E-01     1.525E+03     1.000E+01
8.00E-01     1.564E+03     1.000E+01
9.00E-01     1.601E+03     1.000E+01
1.00E+00     1.636E+03     1.000E+01
1.25E+00     1.713E+03     1.000E+01
1.50E+00     1.790E+03     1.000E+01
1.75E+00     1.865E+03     1.000E+01
2.00E+00     1.939E+03     1.000E+01
2.50E+00     2.093E+03     1.000E+01
3.00E+00     2.254E+03     1.000E+01
3.50E+00     2.418E+03     1.000E+01
4.00E+00     2.582E+03     1.000E+01
5.00E+00     2.790E+03     1.000E+01
6.00E+00     1.795E+03     1.000E+01
7.00E+00     5.750E+02     1.000E+01
8.00E+00     2.695E+02     1.000E+01
9.00E+00     1.854E+02     1.000E+01
1.00E+01     1.446E+02     1.000E+01
