5        n ag95  he4 rh92                  taly      9.04800E+00      
1.00E-03     1.268E+02     1.000E+01
2.00E-03     1.283E+02     1.000E+01
3.00E-03     1.297E+02     1.000E+01
4.00E-03     1.312E+02     1.000E+01
5.00E-03     1.327E+02     1.000E+01
6.00E-03     1.324E+02     1.000E+01
7.00E-03     1.321E+02     1.000E+01
8.00E-03     1.318E+02     1.000E+01
9.00E-03     1.314E+02     1.000E+01
1.00E-02     1.311E+02     1.000E+01
1.10E-02     1.315E+02     1.000E+01
1.20E-02     1.319E+02     1.000E+01
1.30E-02     1.323E+02     1.000E+01
1.40E-02     1.327E+02     1.000E+01
1.50E-02     1.332E+02     1.000E+01
1.60E-02     1.336E+02     1.000E+01
1.80E-02     1.344E+02     1.000E+01
2.00E-02     1.352E+02     1.000E+01
2.50E-02     1.374E+02     1.000E+01
3.00E-02     1.395E+02     1.000E+01
4.00E-02     1.439E+02     1.000E+01
5.00E-02     1.485E+02     1.000E+01
6.00E-02     1.530E+02     1.000E+01
7.00E-02     1.576E+02     1.000E+01
8.00E-02     1.623E+02     1.000E+01
9.00E-02     1.672E+02     1.000E+01
1.00E-01     1.723E+02     1.000E+01
1.10E-01     1.769E+02     1.000E+01
1.20E-01     1.816E+02     1.000E+01
1.30E-01     1.865E+02     1.000E+01
1.40E-01     1.915E+02     1.000E+01
1.50E-01     1.966E+02     1.000E+01
1.60E-01     2.013E+02     1.000E+01
1.80E-01     2.111E+02     1.000E+01
2.00E-01     2.213E+02     1.000E+01
2.50E-01     2.451E+02     1.000E+01
3.00E-01     2.674E+02     1.000E+01
3.50E-01     2.865E+02     1.000E+01
4.00E-01     3.071E+02     1.000E+01
4.50E-01     3.243E+02     1.000E+01
5.00E-01     3.424E+02     1.000E+01
6.00E-01     3.751E+02     1.000E+01
7.00E-01     4.061E+02     1.000E+01
8.00E-01     4.359E+02     1.000E+01
9.00E-01     4.651E+02     1.000E+01
1.00E+00     4.940E+02     1.000E+01
1.25E+00     5.663E+02     1.000E+01
1.50E+00     6.490E+02     1.000E+01
1.75E+00     7.495E+02     1.000E+01
2.00E+00     8.654E+02     1.000E+01
2.50E+00     1.211E+03     1.000E+01
3.00E+00     1.768E+03     1.000E+01
3.50E+00     2.666E+03     1.000E+01
4.00E+00     4.223E+03     1.000E+01
5.00E+00     1.582E+04     1.000E+01
6.00E+00     7.176E+04     1.000E+01
7.00E+00     1.759E+05     1.000E+01
8.00E+00     2.746E+05     1.000E+01
9.00E+00     3.574E+05     1.000E+01
1.00E+01     4.266E+05     1.000E+01
