4      he4 ag95 in99                       taly      4.20400E+00      
1.00E-03     0.000E+00     1.000E+00
2.00E-03     0.000E+00     1.000E+00
3.00E-03     0.000E+00     1.000E+00
4.00E-03     0.000E+00     1.000E+00
5.00E-03     0.000E+00     1.000E+00
6.00E-03     0.000E+00     1.000E+00
7.00E-03     0.000E+00     1.000E+00
8.00E-03     0.000E+00     1.000E+00
9.00E-03     0.000E+00     1.000E+00
1.00E-02     0.000E+00     1.000E+00
1.10E-02     0.000E+00     1.000E+00
1.20E-02     0.000E+00     1.000E+00
1.30E-02     0.000E+00     1.000E+00
1.40E-02     0.000E+00     1.000E+00
1.50E-02     0.000E+00     1.000E+00
1.60E-02     0.000E+00     1.000E+00
1.80E-02     0.000E+00     1.000E+00
2.00E-02     0.000E+00     1.000E+00
2.50E-02     0.000E+00     1.000E+00
3.00E-02     0.000E+00     1.000E+00
4.00E-02     0.000E+00     1.000E+00
5.00E-02     0.000E+00     1.000E+00
6.00E-02     0.000E+00     1.000E+00
7.00E-02     0.000E+00     1.000E+00
8.00E-02     0.000E+00     1.000E+00
9.00E-02     0.000E+00     1.000E+00
1.00E-01     0.000E+00     1.000E+00
1.10E-01     0.000E+00     1.000E+00
1.20E-01     0.000E+00     1.000E+00
1.30E-01     0.000E+00     1.000E+00
1.40E-01     0.000E+00     1.000E+00
1.50E-01     0.000E+00     1.000E+00
1.60E-01     0.000E+00     1.000E+00
1.80E-01     0.000E+00     1.000E+00
2.00E-01     0.000E+00     1.000E+00
2.50E-01     0.000E+00     1.000E+00
3.00E-01     0.000E+00     1.000E+00
3.50E-01     0.000E+00     1.000E+00
4.00E-01     0.000E+00     1.000E+00
4.50E-01     8.567E-73     1.000E+01
5.00E-01     7.340E-46     1.000E+01
6.00E-01     5.288E-41     1.000E+01
7.00E-01     1.805E-37     1.000E+01
8.00E-01     9.957E-35     1.000E+01
9.00E-01     1.754E-32     1.000E+01
1.00E+00     1.451E-30     1.000E+01
1.25E+00     3.373E-27     1.000E+01
1.50E+00     7.839E-24     1.000E+01
1.75E+00     9.735E-22     1.000E+01
2.00E+00     1.209E-19     1.000E+01
2.50E+00     1.263E-16     1.000E+01
3.00E+00     2.672E-14     1.000E+01
3.50E+00     1.912E-12     1.000E+01
4.00E+00     6.269E-11     1.000E+01
5.00E+00     1.228E-08     1.000E+01
6.00E+00     3.916E-07     1.000E+01
7.00E+00     3.006E-06     1.000E+01
8.00E+00     1.059E-05     1.000E+01
9.00E+00     2.631E-05     1.000E+01
1.00E+01     5.456E-05     1.000E+01
