4      he4 ag96in100                       taly      2.22600E+00      
1.00E-03     0.000E+00     1.000E+00
2.00E-03     0.000E+00     1.000E+00
3.00E-03     0.000E+00     1.000E+00
4.00E-03     0.000E+00     1.000E+00
5.00E-03     0.000E+00     1.000E+00
6.00E-03     0.000E+00     1.000E+00
7.00E-03     0.000E+00     1.000E+00
8.00E-03     0.000E+00     1.000E+00
9.00E-03     0.000E+00     1.000E+00
1.00E-02     0.000E+00     1.000E+00
1.10E-02     0.000E+00     1.000E+00
1.20E-02     0.000E+00     1.000E+00
1.30E-02     0.000E+00     1.000E+00
1.40E-02     0.000E+00     1.000E+00
1.50E-02     0.000E+00     1.000E+00
1.60E-02     0.000E+00     1.000E+00
1.80E-02     0.000E+00     1.000E+00
2.00E-02     0.000E+00     1.000E+00
2.50E-02     0.000E+00     1.000E+00
3.00E-02     0.000E+00     1.000E+00
4.00E-02     0.000E+00     1.000E+00
5.00E-02     0.000E+00     1.000E+00
6.00E-02     0.000E+00     1.000E+00
7.00E-02     0.000E+00     1.000E+00
8.00E-02     0.000E+00     1.000E+00
9.00E-02     0.000E+00     1.000E+00
1.00E-01     0.000E+00     1.000E+00
1.10E-01     0.000E+00     1.000E+00
1.20E-01     0.000E+00     1.000E+00
1.30E-01     0.000E+00     1.000E+00
1.40E-01     0.000E+00     1.000E+00
1.50E-01     0.000E+00     1.000E+00
1.60E-01     0.000E+00     1.000E+00
1.80E-01     0.000E+00     1.000E+00
2.00E-01     0.000E+00     1.000E+00
2.50E-01     0.000E+00     1.000E+00
3.00E-01     0.000E+00     1.000E+00
3.50E-01     0.000E+00     1.000E+00
4.00E-01     0.000E+00     1.000E+00
4.50E-01     1.500E-71     1.000E+01
5.00E-01     2.251E-43     1.000E+01
6.00E-01     1.512E-38     1.000E+01
7.00E-01     5.825E-35     1.000E+01
8.00E-01     3.975E-32     1.000E+01
9.00E-01     8.501E-30     1.000E+01
1.00E+00     7.856E-28     1.000E+01
1.25E+00     1.682E-24     1.000E+01
1.50E+00     3.601E-21     1.000E+01
1.75E+00     3.944E-19     1.000E+01
2.00E+00     4.318E-17     1.000E+01
2.50E+00     2.912E-14     1.000E+01
3.00E+00     2.830E-12     1.000E+01
3.50E+00     7.624E-11     1.000E+01
4.00E+00     9.402E-10     1.000E+01
5.00E+00     4.129E-08     1.000E+01
6.00E+00     7.500E-07     1.000E+01
7.00E+00     7.808E-06     1.000E+01
8.00E+00     5.272E-05     1.000E+01
9.00E+00     2.506E-04     1.000E+01
1.00E+01     8.942E-04     1.000E+01
