4        n ag97 ag98                       taly      1.03110E+01      
1.00E-03     5.213E+05     1.000E+01
2.00E-03     5.343E+05     1.000E+01
3.00E-03     5.473E+05     1.000E+01
4.00E-03     5.604E+05     1.000E+01
5.00E-03     5.734E+05     1.000E+01
6.00E-03     5.783E+05     1.000E+01
7.00E-03     5.831E+05     1.000E+01
8.00E-03     5.880E+05     1.000E+01
9.00E-03     5.929E+05     1.000E+01
1.00E-02     5.978E+05     1.000E+01
1.10E-02     6.059E+05     1.000E+01
1.20E-02     6.140E+05     1.000E+01
1.30E-02     6.222E+05     1.000E+01
1.40E-02     6.303E+05     1.000E+01
1.50E-02     6.384E+05     1.000E+01
1.60E-02     6.466E+05     1.000E+01
1.80E-02     6.629E+05     1.000E+01
2.00E-02     6.791E+05     1.000E+01
2.50E-02     7.198E+05     1.000E+01
3.00E-02     7.605E+05     1.000E+01
4.00E-02     8.418E+05     1.000E+01
5.00E-02     9.231E+05     1.000E+01
6.00E-02     9.977E+05     1.000E+01
7.00E-02     1.072E+06     1.000E+01
8.00E-02     1.147E+06     1.000E+01
9.00E-02     1.221E+06     1.000E+01
1.00E-01     1.296E+06     1.000E+01
1.10E-01     1.364E+06     1.000E+01
1.20E-01     1.432E+06     1.000E+01
1.30E-01     1.500E+06     1.000E+01
1.40E-01     1.569E+06     1.000E+01
1.50E-01     1.637E+06     1.000E+01
1.60E-01     1.700E+06     1.000E+01
1.80E-01     1.826E+06     1.000E+01
2.00E-01     1.951E+06     1.000E+01
2.50E-01     2.236E+06     1.000E+01
3.00E-01     2.489E+06     1.000E+01
3.50E-01     2.699E+06     1.000E+01
4.00E-01     2.909E+06     1.000E+01
4.50E-01     3.073E+06     1.000E+01
5.00E-01     3.237E+06     1.000E+01
6.00E-01     3.500E+06     1.000E+01
7.00E-01     3.714E+06     1.000E+01
8.00E-01     3.891E+06     1.000E+01
9.00E-01     4.037E+06     1.000E+01
1.00E+00     4.160E+06     1.000E+01
1.25E+00     4.347E+06     1.000E+01
1.50E+00     4.534E+06     1.000E+01
1.75E+00     4.610E+06     1.000E+01
2.00E+00     4.686E+06     1.000E+01
2.50E+00     4.730E+06     1.000E+01
3.00E+00     4.718E+06     1.000E+01
3.50E+00     4.675E+06     1.000E+01
4.00E+00     4.617E+06     1.000E+01
5.00E+00     4.486E+06     1.000E+01
6.00E+00     4.325E+06     1.000E+01
7.00E+00     3.915E+06     1.000E+01
8.00E+00     2.856E+06     1.000E+01
9.00E+00     1.533E+06     1.000E+01
1.00E+01     7.073E+05     1.000E+01
