4        p ag97 cd98                       taly      4.09900E+00      
1.00E-03     0.000E+00     1.000E+00
2.00E-03     0.000E+00     1.000E+00
3.00E-03     0.000E+00     1.000E+00
4.00E-03     0.000E+00     1.000E+00
5.00E-03     0.000E+00     1.000E+00
6.00E-03     0.000E+00     1.000E+00
7.00E-03     0.000E+00     1.000E+00
8.00E-03     0.000E+00     1.000E+00
9.00E-03     0.000E+00     1.000E+00
1.00E-02     0.000E+00     1.000E+00
1.10E-02     0.000E+00     1.000E+00
1.20E-02     0.000E+00     1.000E+00
1.30E-02     0.000E+00     1.000E+00
1.40E-02     0.000E+00     1.000E+00
1.50E-02     0.000E+00     1.000E+00
1.60E-02     0.000E+00     1.000E+00
1.80E-02     0.000E+00     1.000E+00
2.00E-02     0.000E+00     1.000E+00
2.50E-02     0.000E+00     1.000E+00
3.00E-02     0.000E+00     1.000E+00
4.00E-02     0.000E+00     1.000E+00
5.00E-02     0.000E+00     1.000E+00
6.00E-02     2.179E-86     1.000E+01
7.00E-02     4.748E-73     1.000E+01
8.00E-02     1.035E-59     1.000E+01
9.00E-02     2.254E-46     1.000E+01
1.00E-01     4.912E-33     1.000E+01
1.10E-01     1.153E-31     1.000E+01
1.20E-01     2.704E-30     1.000E+01
1.30E-01     6.344E-29     1.000E+01
1.40E-01     1.489E-27     1.000E+01
1.50E-01     3.492E-26     1.000E+01
1.60E-01     2.271E-25     1.000E+01
1.80E-01     9.598E-24     1.000E+01
2.00E-01     4.057E-22     1.000E+01
2.50E-01     3.027E-19     1.000E+01
3.00E-01     4.665E-17     1.000E+01
3.50E-01     1.820E-15     1.000E+01
4.00E-01     7.100E-14     1.000E+01
4.50E-01     9.538E-13     1.000E+01
5.00E-01     1.281E-11     1.000E+01
6.00E-01     6.631E-10     1.000E+01
7.00E-01     1.520E-08     1.000E+01
8.00E-01     1.972E-07     1.000E+01
9.00E-01     1.684E-06     1.000E+01
1.00E+00     1.046E-05     1.000E+01
1.25E+00     2.305E-04     1.000E+01
1.50E+00     5.079E-03     1.000E+01
1.75E+00     3.046E-02     1.000E+01
2.00E+00     1.827E-01     1.000E+01
2.50E+00     1.939E+00     1.000E+01
3.00E+00     1.054E+01     1.000E+01
3.50E+00     3.805E+01     1.000E+01
4.00E+00     1.049E+02     1.000E+01
5.00E+00     4.792E+02     1.000E+01
6.00E+00     1.433E+03     1.000E+01
7.00E+00     3.140E+03     1.000E+01
8.00E+00     4.734E+03     1.000E+01
9.00E+00     4.707E+03     1.000E+01
1.00E+01     3.694E+03     1.000E+01
