5        n al25    p mg25                  taly      5.05900E+00      
1.00E-03     2.622E+08     1.000E+01
2.00E-03     2.643E+08     1.000E+01
3.00E-03     2.664E+08     1.000E+01
4.00E-03     2.685E+08     1.000E+01
5.00E-03     2.707E+08     1.000E+01
6.00E-03     2.693E+08     1.000E+01
7.00E-03     2.679E+08     1.000E+01
8.00E-03     2.665E+08     1.000E+01
9.00E-03     2.652E+08     1.000E+01
1.00E-02     2.638E+08     1.000E+01
1.10E-02     2.641E+08     1.000E+01
1.20E-02     2.643E+08     1.000E+01
1.30E-02     2.646E+08     1.000E+01
1.40E-02     2.649E+08     1.000E+01
1.50E-02     2.652E+08     1.000E+01
1.60E-02     2.654E+08     1.000E+01
1.80E-02     2.660E+08     1.000E+01
2.00E-02     2.665E+08     1.000E+01
2.50E-02     2.679E+08     1.000E+01
3.00E-02     2.692E+08     1.000E+01
4.00E-02     2.720E+08     1.000E+01
5.00E-02     2.748E+08     1.000E+01
6.00E-02     2.788E+08     1.000E+01
7.00E-02     2.830E+08     1.000E+01
8.00E-02     2.872E+08     1.000E+01
9.00E-02     2.915E+08     1.000E+01
1.00E-01     2.958E+08     1.000E+01
1.10E-01     3.003E+08     1.000E+01
1.20E-01     3.049E+08     1.000E+01
1.30E-01     3.095E+08     1.000E+01
1.40E-01     3.142E+08     1.000E+01
1.50E-01     3.190E+08     1.000E+01
1.60E-01     3.238E+08     1.000E+01
1.80E-01     3.335E+08     1.000E+01
2.00E-01     3.436E+08     1.000E+01
2.50E-01     3.684E+08     1.000E+01
3.00E-01     3.924E+08     1.000E+01
3.50E-01     4.141E+08     1.000E+01
4.00E-01     4.370E+08     1.000E+01
4.50E-01     4.570E+08     1.000E+01
5.00E-01     4.778E+08     1.000E+01
6.00E-01     5.158E+08     1.000E+01
7.00E-01     5.516E+08     1.000E+01
8.00E-01     5.853E+08     1.000E+01
9.00E-01     6.173E+08     1.000E+01
1.00E+00     6.476E+08     1.000E+01
1.25E+00     7.091E+08     1.000E+01
1.50E+00     7.764E+08     1.000E+01
1.75E+00     8.243E+08     1.000E+01
2.00E+00     8.751E+08     1.000E+01
2.50E+00     9.509E+08     1.000E+01
3.00E+00     1.009E+09     1.000E+01
3.50E+00     1.055E+09     1.000E+01
4.00E+00     1.090E+09     1.000E+01
5.00E+00     1.139E+09     1.000E+01
6.00E+00     1.166E+09     1.000E+01
7.00E+00     1.177E+09     1.000E+01
8.00E+00     1.169E+09     1.000E+01
9.00E+00     1.139E+09     1.000E+01
1.00E+01     1.082E+09     1.000E+01
