4      he4 al23  p27                       taly      9.89500E+00      
1.00E-03     0.000E+00     1.000E+00
2.00E-03     0.000E+00     1.000E+00
3.00E-03     0.000E+00     1.000E+00
4.00E-03     0.000E+00     1.000E+00
5.00E-03     0.000E+00     1.000E+00
6.00E-03     0.000E+00     1.000E+00
7.00E-03     0.000E+00     1.000E+00
8.00E-03     0.000E+00     1.000E+00
9.00E-03     0.000E+00     1.000E+00
1.00E-02     0.000E+00     1.000E+00
1.10E-02     0.000E+00     1.000E+00
1.20E-02     0.000E+00     1.000E+00
1.30E-02     0.000E+00     1.000E+00
1.40E-02     0.000E+00     1.000E+00
1.50E-02     0.000E+00     1.000E+00
1.60E-02     0.000E+00     1.000E+00
1.80E-02     0.000E+00     1.000E+00
2.00E-02     0.000E+00     1.000E+00
2.50E-02     0.000E+00     1.000E+00
3.00E-02     0.000E+00     1.000E+00
4.00E-02     0.000E+00     1.000E+00
5.00E-02     0.000E+00     1.000E+00
6.00E-02     4.104E-87     1.000E+01
7.00E-02     1.685E-74     1.000E+01
8.00E-02     6.914E-62     1.000E+01
9.00E-02     2.838E-49     1.000E+01
1.00E-01     1.165E-36     1.000E+01
1.10E-01     1.797E-35     1.000E+01
1.20E-01     2.772E-34     1.000E+01
1.30E-01     4.275E-33     1.000E+01
1.40E-01     6.594E-32     1.000E+01
1.50E-01     1.017E-30     1.000E+01
1.60E-01     6.000E-30     1.000E+01
1.80E-01     2.088E-28     1.000E+01
2.00E-01     7.264E-27     1.000E+01
2.50E-01     6.032E-24     1.000E+01
3.00E-01     1.051E-21     1.000E+01
3.50E-01     4.549E-20     1.000E+01
4.00E-01     1.968E-18     1.000E+01
4.50E-01     2.879E-17     1.000E+01
5.00E-01     4.212E-16     1.000E+01
6.00E-01     2.519E-14     1.000E+01
7.00E-01     6.560E-13     1.000E+01
8.00E-01     9.573E-12     1.000E+01
9.00E-01     9.154E-11     1.000E+01
1.00E+00     6.350E-10     1.000E+01
1.25E+00     1.854E-08     1.000E+01
1.50E+00     5.413E-07     1.000E+01
1.75E+00     4.352E-06     1.000E+01
2.00E+00     3.500E-05     1.000E+01
2.50E+00     6.427E-04     1.000E+01
3.00E+00     5.585E-03     1.000E+01
3.50E+00     2.961E-02     1.000E+01
4.00E+00     1.112E-01     1.000E+01
5.00E+00     7.861E-01     1.000E+01
6.00E+00     3.086E+00     1.000E+01
7.00E+00     8.406E+00     1.000E+01
8.00E+00     1.799E+01     1.000E+01
9.00E+00     3.254E+01     1.000E+01
1.00E+01     5.218E+01     1.000E+01
