4        n al24 al25                       taly      1.69390E+01      
1.00E-03     8.455E+03     1.000E+01
2.00E-03     8.538E+03     1.000E+01
3.00E-03     8.622E+03     1.000E+01
4.00E-03     8.705E+03     1.000E+01
5.00E-03     8.789E+03     1.000E+01
6.00E-03     8.753E+03     1.000E+01
7.00E-03     8.718E+03     1.000E+01
8.00E-03     8.682E+03     1.000E+01
9.00E-03     8.647E+03     1.000E+01
1.00E-02     8.612E+03     1.000E+01
1.10E-02     8.627E+03     1.000E+01
1.20E-02     8.642E+03     1.000E+01
1.30E-02     8.657E+03     1.000E+01
1.40E-02     8.672E+03     1.000E+01
1.50E-02     8.687E+03     1.000E+01
1.60E-02     8.702E+03     1.000E+01
1.80E-02     8.732E+03     1.000E+01
2.00E-02     8.763E+03     1.000E+01
2.50E-02     8.838E+03     1.000E+01
3.00E-02     8.914E+03     1.000E+01
4.00E-02     9.065E+03     1.000E+01
5.00E-02     9.216E+03     1.000E+01
6.00E-02     9.400E+03     1.000E+01
7.00E-02     9.583E+03     1.000E+01
8.00E-02     9.766E+03     1.000E+01
9.00E-02     9.950E+03     1.000E+01
1.00E-01     1.013E+04     1.000E+01
1.10E-01     1.033E+04     1.000E+01
1.20E-01     1.052E+04     1.000E+01
1.30E-01     1.071E+04     1.000E+01
1.40E-01     1.091E+04     1.000E+01
1.50E-01     1.110E+04     1.000E+01
1.60E-01     1.130E+04     1.000E+01
1.80E-01     1.171E+04     1.000E+01
2.00E-01     1.211E+04     1.000E+01
2.50E-01     1.313E+04     1.000E+01
3.00E-01     1.411E+04     1.000E+01
3.50E-01     1.503E+04     1.000E+01
4.00E-01     1.596E+04     1.000E+01
4.50E-01     1.681E+04     1.000E+01
5.00E-01     1.766E+04     1.000E+01
6.00E-01     1.927E+04     1.000E+01
7.00E-01     2.081E+04     1.000E+01
8.00E-01     2.227E+04     1.000E+01
9.00E-01     2.367E+04     1.000E+01
1.00E+00     2.501E+04     1.000E+01
1.25E+00     2.798E+04     1.000E+01
1.50E+00     3.094E+04     1.000E+01
1.75E+00     3.336E+04     1.000E+01
2.00E+00     3.577E+04     1.000E+01
2.50E+00     3.966E+04     1.000E+01
3.00E+00     4.271E+04     1.000E+01
3.50E+00     4.504E+04     1.000E+01
4.00E+00     4.677E+04     1.000E+01
5.00E+00     4.879E+04     1.000E+01
6.00E+00     4.938E+04     1.000E+01
7.00E+00     4.887E+04     1.000E+01
8.00E+00     4.727E+04     1.000E+01
9.00E+00     4.445E+04     1.000E+01
1.00E+01     4.038E+04     1.000E+01
