5        n al24    p mg24                  taly      1.46680E+01      
1.00E-03     1.984E+08     1.000E+01
2.00E-03     2.003E+08     1.000E+01
3.00E-03     2.021E+08     1.000E+01
4.00E-03     2.040E+08     1.000E+01
5.00E-03     2.059E+08     1.000E+01
6.00E-03     2.049E+08     1.000E+01
7.00E-03     2.040E+08     1.000E+01
8.00E-03     2.031E+08     1.000E+01
9.00E-03     2.022E+08     1.000E+01
1.00E-02     2.013E+08     1.000E+01
1.10E-02     2.015E+08     1.000E+01
1.20E-02     2.018E+08     1.000E+01
1.30E-02     2.020E+08     1.000E+01
1.40E-02     2.023E+08     1.000E+01
1.50E-02     2.025E+08     1.000E+01
1.60E-02     2.028E+08     1.000E+01
1.80E-02     2.033E+08     1.000E+01
2.00E-02     2.038E+08     1.000E+01
2.50E-02     2.051E+08     1.000E+01
3.00E-02     2.064E+08     1.000E+01
4.00E-02     2.089E+08     1.000E+01
5.00E-02     2.116E+08     1.000E+01
6.00E-02     2.148E+08     1.000E+01
7.00E-02     2.181E+08     1.000E+01
8.00E-02     2.215E+08     1.000E+01
9.00E-02     2.249E+08     1.000E+01
1.00E-01     2.284E+08     1.000E+01
1.10E-01     2.318E+08     1.000E+01
1.20E-01     2.354E+08     1.000E+01
1.30E-01     2.389E+08     1.000E+01
1.40E-01     2.426E+08     1.000E+01
1.50E-01     2.463E+08     1.000E+01
1.60E-01     2.499E+08     1.000E+01
1.80E-01     2.574E+08     1.000E+01
2.00E-01     2.652E+08     1.000E+01
2.50E-01     2.842E+08     1.000E+01
3.00E-01     3.025E+08     1.000E+01
3.50E-01     3.193E+08     1.000E+01
4.00E-01     3.369E+08     1.000E+01
4.50E-01     3.524E+08     1.000E+01
5.00E-01     3.685E+08     1.000E+01
6.00E-01     3.983E+08     1.000E+01
7.00E-01     4.265E+08     1.000E+01
8.00E-01     4.533E+08     1.000E+01
9.00E-01     4.787E+08     1.000E+01
1.00E+00     5.028E+08     1.000E+01
1.25E+00     5.511E+08     1.000E+01
1.50E+00     6.040E+08     1.000E+01
1.75E+00     6.393E+08     1.000E+01
2.00E+00     6.766E+08     1.000E+01
2.50E+00     7.263E+08     1.000E+01
3.00E+00     7.585E+08     1.000E+01
3.50E+00     7.775E+08     1.000E+01
4.00E+00     7.868E+08     1.000E+01
5.00E+00     7.859E+08     1.000E+01
6.00E+00     7.684E+08     1.000E+01
7.00E+00     7.391E+08     1.000E+01
8.00E+00     6.974E+08     1.000E+01
9.00E+00     6.406E+08     1.000E+01
1.00E+01     5.681E+08     1.000E+01
