5        n al22    p mg22                  taly      1.93830E+01      
1.00E-03     4.550E+06     1.000E+01
2.00E-03     4.591E+06     1.000E+01
3.00E-03     4.632E+06     1.000E+01
4.00E-03     4.674E+06     1.000E+01
5.00E-03     4.715E+06     1.000E+01
6.00E-03     4.693E+06     1.000E+01
7.00E-03     4.670E+06     1.000E+01
8.00E-03     4.648E+06     1.000E+01
9.00E-03     4.625E+06     1.000E+01
1.00E-02     4.603E+06     1.000E+01
1.10E-02     4.608E+06     1.000E+01
1.20E-02     4.612E+06     1.000E+01
1.30E-02     4.617E+06     1.000E+01
1.40E-02     4.621E+06     1.000E+01
1.50E-02     4.626E+06     1.000E+01
1.60E-02     4.630E+06     1.000E+01
1.80E-02     4.639E+06     1.000E+01
2.00E-02     4.648E+06     1.000E+01
2.50E-02     4.671E+06     1.000E+01
3.00E-02     4.693E+06     1.000E+01
4.00E-02     4.739E+06     1.000E+01
5.00E-02     4.785E+06     1.000E+01
6.00E-02     4.847E+06     1.000E+01
7.00E-02     4.910E+06     1.000E+01
8.00E-02     4.973E+06     1.000E+01
9.00E-02     5.037E+06     1.000E+01
1.00E-01     5.102E+06     1.000E+01
1.10E-01     5.169E+06     1.000E+01
1.20E-01     5.236E+06     1.000E+01
1.30E-01     5.305E+06     1.000E+01
1.40E-01     5.374E+06     1.000E+01
1.50E-01     5.444E+06     1.000E+01
1.60E-01     5.515E+06     1.000E+01
1.80E-01     5.659E+06     1.000E+01
2.00E-01     5.807E+06     1.000E+01
2.50E-01     6.172E+06     1.000E+01
3.00E-01     6.525E+06     1.000E+01
3.50E-01     6.846E+06     1.000E+01
4.00E-01     7.183E+06     1.000E+01
4.50E-01     7.478E+06     1.000E+01
5.00E-01     7.786E+06     1.000E+01
6.00E-01     8.352E+06     1.000E+01
7.00E-01     8.888E+06     1.000E+01
8.00E-01     9.397E+06     1.000E+01
9.00E-01     9.882E+06     1.000E+01
1.00E+00     1.034E+07     1.000E+01
1.25E+00     1.129E+07     1.000E+01
1.50E+00     1.232E+07     1.000E+01
1.75E+00     1.304E+07     1.000E+01
2.00E+00     1.381E+07     1.000E+01
2.50E+00     1.492E+07     1.000E+01
3.00E+00     1.574E+07     1.000E+01
3.50E+00     1.633E+07     1.000E+01
4.00E+00     1.672E+07     1.000E+01
5.00E+00     1.707E+07     1.000E+01
6.00E+00     1.694E+07     1.000E+01
7.00E+00     1.637E+07     1.000E+01
8.00E+00     1.534E+07     1.000E+01
9.00E+00     1.383E+07     1.000E+01
1.00E+01     1.196E+07     1.000E+01
