5        n al26  he4 na23                  taly      2.96600E+00      
1.00E-03     1.629E+07     1.000E+01
2.00E-03     1.497E+07     1.000E+01
3.00E-03     1.375E+07     1.000E+01
4.00E-03     1.263E+07     1.000E+01
5.00E-03     1.160E+07     1.000E+01
6.00E-03     1.125E+07     1.000E+01
7.00E-03     1.091E+07     1.000E+01
8.00E-03     1.059E+07     1.000E+01
9.00E-03     1.027E+07     1.000E+01
1.00E-02     9.961E+06     1.000E+01
1.10E-02     9.929E+06     1.000E+01
1.20E-02     9.898E+06     1.000E+01
1.30E-02     9.866E+06     1.000E+01
1.40E-02     9.835E+06     1.000E+01
1.50E-02     9.803E+06     1.000E+01
1.60E-02     9.772E+06     1.000E+01
1.80E-02     9.709E+06     1.000E+01
2.00E-02     9.647E+06     1.000E+01
2.50E-02     9.494E+06     1.000E+01
3.00E-02     9.343E+06     1.000E+01
4.00E-02     9.049E+06     1.000E+01
5.00E-02     8.764E+06     1.000E+01
6.00E-02     8.860E+06     1.000E+01
7.00E-02     8.956E+06     1.000E+01
8.00E-02     9.054E+06     1.000E+01
9.00E-02     9.153E+06     1.000E+01
1.00E-01     9.253E+06     1.000E+01
1.10E-01     9.355E+06     1.000E+01
1.20E-01     9.457E+06     1.000E+01
1.30E-01     9.561E+06     1.000E+01
1.40E-01     9.666E+06     1.000E+01
1.50E-01     9.772E+06     1.000E+01
1.60E-01     9.868E+06     1.000E+01
1.80E-01     1.006E+07     1.000E+01
2.00E-01     1.026E+07     1.000E+01
2.50E-01     1.070E+07     1.000E+01
3.00E-01     1.110E+07     1.000E+01
3.50E-01     1.143E+07     1.000E+01
4.00E-01     1.177E+07     1.000E+01
4.50E-01     1.207E+07     1.000E+01
5.00E-01     1.237E+07     1.000E+01
6.00E-01     1.294E+07     1.000E+01
7.00E-01     1.354E+07     1.000E+01
8.00E-01     1.419E+07     1.000E+01
9.00E-01     1.491E+07     1.000E+01
1.00E+00     1.572E+07     1.000E+01
1.25E+00     1.823E+07     1.000E+01
1.50E+00     2.114E+07     1.000E+01
1.75E+00     2.458E+07     1.000E+01
2.00E+00     2.858E+07     1.000E+01
2.50E+00     3.740E+07     1.000E+01
3.00E+00     4.713E+07     1.000E+01
3.50E+00     5.752E+07     1.000E+01
4.00E+00     6.841E+07     1.000E+01
5.00E+00     9.123E+07     1.000E+01
6.00E+00     1.146E+08     1.000E+01
7.00E+00     1.369E+08     1.000E+01
8.00E+00     1.560E+08     1.000E+01
9.00E+00     1.694E+08     1.000E+01
1.00E+01     1.755E+08     1.000E+01
