4      he4 al27  p31                       taly      9.66900E+00      
1.00E-03     0.000E+00     1.000E+00
2.00E-03     0.000E+00     1.000E+00
3.00E-03     0.000E+00     1.000E+00
4.00E-03     0.000E+00     1.000E+00
5.00E-03     0.000E+00     1.000E+00
6.00E-03     0.000E+00     1.000E+00
7.00E-03     0.000E+00     1.000E+00
8.00E-03     0.000E+00     1.000E+00
9.00E-03     0.000E+00     1.000E+00
1.00E-02     0.000E+00     1.000E+00
1.10E-02     0.000E+00     1.000E+00
1.20E-02     0.000E+00     1.000E+00
1.30E-02     0.000E+00     1.000E+00
1.40E-02     0.000E+00     1.000E+00
1.50E-02     0.000E+00     1.000E+00
1.60E-02     0.000E+00     1.000E+00
1.80E-02     0.000E+00     1.000E+00
2.00E-02     0.000E+00     1.000E+00
2.50E-02     0.000E+00     1.000E+00
3.00E-02     0.000E+00     1.000E+00
4.00E-02     0.000E+00     1.000E+00
5.00E-02     0.000E+00     1.000E+00
6.00E-02     1.474E-86     1.000E+01
7.00E-02     2.174E-73     1.000E+01
8.00E-02     3.205E-60     1.000E+01
9.00E-02     4.726E-47     1.000E+01
1.00E-01     6.968E-34     1.000E+01
1.10E-01     1.651E-32     1.000E+01
1.20E-01     3.914E-31     1.000E+01
1.30E-01     9.278E-30     1.000E+01
1.40E-01     2.199E-28     1.000E+01
1.50E-01     5.212E-27     1.000E+01
1.60E-01     3.426E-26     1.000E+01
1.80E-01     1.480E-24     1.000E+01
2.00E-01     6.394E-23     1.000E+01
2.50E-01     4.691E-20     1.000E+01
3.00E-01     6.844E-18     1.000E+01
3.50E-01     2.472E-16     1.000E+01
4.00E-01     8.927E-15     1.000E+01
4.50E-01     1.105E-13     1.000E+01
5.00E-01     1.367E-12     1.000E+01
6.00E-01     6.089E-11     1.000E+01
7.00E-01     1.229E-09     1.000E+01
8.00E-01     1.435E-08     1.000E+01
9.00E-01     1.127E-07     1.000E+01
1.00E+00     6.540E-07     1.000E+01
1.25E+00     1.291E-05     1.000E+01
1.50E+00     2.548E-04     1.000E+01
1.75E+00     1.442E-03     1.000E+01
2.00E+00     8.157E-03     1.000E+01
2.50E+00     8.625E-02     1.000E+01
3.00E+00     5.058E-01     1.000E+01
3.50E+00     2.031E+00     1.000E+01
4.00E+00     6.219E+00     1.000E+01
5.00E+00     3.337E+01     1.000E+01
6.00E+00     1.099E+02     1.000E+01
7.00E+00     2.657E+02     1.000E+01
8.00E+00     5.211E+02     1.000E+01
9.00E+00     8.756E+02     1.000E+01
1.00E+01     1.299E+03     1.000E+01
