4        p al27 si28                       mc10      1.15851E+01      
1.00E-03     0.000E+00     1.000E+00
2.00E-03     0.000E+00     1.000E+00
3.00E-03     0.000E+00     1.000E+00
4.00E-03     0.000E+00     1.000E+00
5.00E-03     0.000E+00     1.000E+00
6.00E-03     0.000E+00     1.000E+00
7.00E-03     0.000E+00     1.000E+00
8.00E-03     0.000E+00     1.000E+00
9.00E-03     0.000E+00     1.000E+00
1.00E-02     4.877E-37     1.473E+00
1.10E-02     1.350E-35     1.469E+00
1.20E-02     2.498E-34     1.472E+00
1.30E-02     3.456E-33     1.459E+00
1.40E-02     4.112E-32     1.445E+00
1.50E-02     4.735E-31     1.592E+00
1.60E-02     5.762E-30     2.083E+00
1.80E-02     9.753E-28     3.411E+00
2.00E-02     8.037E-26     3.943E+00
2.50E-02     2.651E-22     3.511E+00
3.00E-02     7.002E-20     3.111E+00
4.00E-02     8.328E-17     2.971E+00
5.00E-02     5.644E-15     3.105E+00
6.00E-02     9.662E-14     2.773E+00
7.00E-02     1.504E-12     1.583E+00
8.00E-02     4.442E-11     1.173E+00
9.00E-02     8.644E-10     1.140E+00
1.00E-01     9.791E-09     1.126E+00
1.10E-01     7.163E-08     1.115E+00
1.20E-01     3.756E-07     1.106E+00
1.30E-01     1.524E-06     1.098E+00
1.40E-01     5.059E-06     1.092E+00
1.50E-01     1.430E-05     1.087E+00
1.60E-01     3.552E-05     1.082E+00
1.80E-01     1.631E-04     1.074E+00
2.00E-01     5.613E-04     1.067E+00
2.50E-01     5.708E-03     1.050E+00
3.00E-01     3.082E-02     1.038E+00
3.50E-01     1.155E-01     1.032E+00
4.00E-01     3.401E-01     1.030E+00
4.50E-01     8.437E-01     1.029E+00
5.00E-01     1.844E+00     1.030E+00
6.00E-01     6.721E+00     1.032E+00
7.00E-01     1.889E+01     1.033E+00
8.00E-01     4.385E+01     1.034E+00
9.00E-01     8.798E+01     1.035E+00
1.00E+00     1.575E+02     1.035E+00
1.25E+00     4.763E+02     1.036E+00
1.50E+00     1.041E+03     1.035E+00
1.75E+00     1.869E+03     1.033E+00
2.00E+00     2.948E+03     1.031E+00
2.50E+00     5.702E+03     1.028E+00
3.00E+00     8.931E+03     1.026E+00
3.50E+00     1.227E+04     1.025E+00
4.00E+00     1.547E+04     1.024E+00
5.00E+00     2.085E+04     1.023E+00
6.00E+00     2.463E+04     1.023E+00
7.00E+00     2.691E+04     1.023E+00
8.00E+00     2.797E+04     1.023E+00
9.00E+00     2.807E+04     1.023E+00
1.00E+01     2.746E+04     1.023E+00
