4        n al25 al26                       taly      1.13650E+01      
1.00E-03     1.042E+04     1.000E+01
2.00E-03     1.050E+04     1.000E+01
3.00E-03     1.058E+04     1.000E+01
4.00E-03     1.066E+04     1.000E+01
5.00E-03     1.074E+04     1.000E+01
6.00E-03     1.068E+04     1.000E+01
7.00E-03     1.063E+04     1.000E+01
8.00E-03     1.057E+04     1.000E+01
9.00E-03     1.051E+04     1.000E+01
1.00E-02     1.045E+04     1.000E+01
1.10E-02     1.046E+04     1.000E+01
1.20E-02     1.047E+04     1.000E+01
1.30E-02     1.048E+04     1.000E+01
1.40E-02     1.049E+04     1.000E+01
1.50E-02     1.050E+04     1.000E+01
1.60E-02     1.050E+04     1.000E+01
1.80E-02     1.052E+04     1.000E+01
2.00E-02     1.054E+04     1.000E+01
2.50E-02     1.058E+04     1.000E+01
3.00E-02     1.062E+04     1.000E+01
4.00E-02     1.071E+04     1.000E+01
5.00E-02     1.079E+04     1.000E+01
6.00E-02     1.094E+04     1.000E+01
7.00E-02     1.109E+04     1.000E+01
8.00E-02     1.123E+04     1.000E+01
9.00E-02     1.138E+04     1.000E+01
1.00E-01     1.153E+04     1.000E+01
1.10E-01     1.169E+04     1.000E+01
1.20E-01     1.186E+04     1.000E+01
1.30E-01     1.202E+04     1.000E+01
1.40E-01     1.219E+04     1.000E+01
1.50E-01     1.235E+04     1.000E+01
1.60E-01     1.253E+04     1.000E+01
1.80E-01     1.288E+04     1.000E+01
2.00E-01     1.324E+04     1.000E+01
2.50E-01     1.413E+04     1.000E+01
3.00E-01     1.500E+04     1.000E+01
3.50E-01     1.580E+04     1.000E+01
4.00E-01     1.661E+04     1.000E+01
4.50E-01     1.735E+04     1.000E+01
5.00E-01     1.810E+04     1.000E+01
6.00E-01     1.948E+04     1.000E+01
7.00E-01     2.080E+04     1.000E+01
8.00E-01     2.205E+04     1.000E+01
9.00E-01     2.325E+04     1.000E+01
1.00E+00     2.439E+04     1.000E+01
1.25E+00     2.690E+04     1.000E+01
1.50E+00     2.941E+04     1.000E+01
1.75E+00     3.147E+04     1.000E+01
2.00E+00     3.353E+04     1.000E+01
2.50E+00     3.702E+04     1.000E+01
3.00E+00     4.006E+04     1.000E+01
3.50E+00     4.284E+04     1.000E+01
4.00E+00     4.547E+04     1.000E+01
5.00E+00     5.053E+04     1.000E+01
6.00E+00     5.551E+04     1.000E+01
7.00E+00     6.032E+04     1.000E+01
8.00E+00     6.460E+04     1.000E+01
9.00E+00     6.774E+04     1.000E+01
1.00E+01     6.902E+04     1.000E+01
