5      he4 al25    p si28                  taly      7.71300E+00      
1.00E-03     0.000E+00     1.000E+00
2.00E-03     0.000E+00     1.000E+00
3.00E-03     0.000E+00     1.000E+00
4.00E-03     0.000E+00     1.000E+00
5.00E-03     0.000E+00     1.000E+00
6.00E-03     0.000E+00     1.000E+00
7.00E-03     0.000E+00     1.000E+00
8.00E-03     0.000E+00     1.000E+00
9.00E-03     0.000E+00     1.000E+00
1.00E-02     0.000E+00     1.000E+00
1.10E-02     0.000E+00     1.000E+00
1.20E-02     0.000E+00     1.000E+00
1.30E-02     0.000E+00     1.000E+00
1.40E-02     0.000E+00     1.000E+00
1.50E-02     0.000E+00     1.000E+00
1.60E-02     0.000E+00     1.000E+00
1.80E-02     0.000E+00     1.000E+00
2.00E-02     0.000E+00     1.000E+00
2.50E-02     0.000E+00     1.000E+00
3.00E-02     0.000E+00     1.000E+00
4.00E-02     0.000E+00     1.000E+00
5.00E-02     0.000E+00     1.000E+00
6.00E-02     2.624E-86     1.000E+01
7.00E-02     6.883E-73     1.000E+01
8.00E-02     1.806E-59     1.000E+01
9.00E-02     4.738E-46     1.000E+01
1.00E-01     1.243E-32     1.000E+01
1.10E-01     2.759E-31     1.000E+01
1.20E-01     6.126E-30     1.000E+01
1.30E-01     1.360E-28     1.000E+01
1.40E-01     3.019E-27     1.000E+01
1.50E-01     6.702E-26     1.000E+01
1.60E-01     4.467E-25     1.000E+01
1.80E-01     1.984E-23     1.000E+01
2.00E-01     8.815E-22     1.000E+01
2.50E-01     7.366E-19     1.000E+01
3.00E-01     1.238E-16     1.000E+01
3.50E-01     5.145E-15     1.000E+01
4.00E-01     2.138E-13     1.000E+01
4.50E-01     3.008E-12     1.000E+01
5.00E-01     4.230E-11     1.000E+01
6.00E-01     2.360E-09     1.000E+01
7.00E-01     5.804E-08     1.000E+01
8.00E-01     8.102E-07     1.000E+01
9.00E-01     7.501E-06     1.000E+01
1.00E+00     5.094E-05     1.000E+01
1.25E+00     1.482E-03     1.000E+01
1.50E+00     4.313E-02     1.000E+01
1.75E+00     3.543E-01     1.000E+01
2.00E+00     2.910E+00     1.000E+01
2.50E+00     5.542E+01     1.000E+01
3.00E+00     4.939E+02     1.000E+01
3.50E+00     2.669E+03     1.000E+01
4.00E+00     1.018E+04     1.000E+01
5.00E+00     7.426E+04     1.000E+01
6.00E+00     3.014E+05     1.000E+01
7.00E+00     8.492E+05     1.000E+01
8.00E+00     1.870E+06     1.000E+01
9.00E+00     3.436E+06     1.000E+01
1.00E+01     5.478E+06     1.000E+01
