5      he4 al22    p si25                  taly      9.51000E+00      
1.00E-03     0.000E+00     1.000E+00
2.00E-03     0.000E+00     1.000E+00
3.00E-03     0.000E+00     1.000E+00
4.00E-03     0.000E+00     1.000E+00
5.00E-03     0.000E+00     1.000E+00
6.00E-03     0.000E+00     1.000E+00
7.00E-03     0.000E+00     1.000E+00
8.00E-03     0.000E+00     1.000E+00
9.00E-03     0.000E+00     1.000E+00
1.00E-02     0.000E+00     1.000E+00
1.10E-02     0.000E+00     1.000E+00
1.20E-02     0.000E+00     1.000E+00
1.30E-02     0.000E+00     1.000E+00
1.40E-02     0.000E+00     1.000E+00
1.50E-02     0.000E+00     1.000E+00
1.60E-02     0.000E+00     1.000E+00
1.80E-02     0.000E+00     1.000E+00
2.00E-02     0.000E+00     1.000E+00
2.50E-02     0.000E+00     1.000E+00
3.00E-02     0.000E+00     1.000E+00
4.00E-02     0.000E+00     1.000E+00
5.00E-02     0.000E+00     1.000E+00
6.00E-02     2.252E-86     1.000E+01
7.00E-02     5.072E-73     1.000E+01
8.00E-02     1.142E-59     1.000E+01
9.00E-02     2.572E-46     1.000E+01
1.00E-01     5.793E-33     1.000E+01
1.10E-01     1.260E-31     1.000E+01
1.20E-01     2.740E-30     1.000E+01
1.30E-01     5.958E-29     1.000E+01
1.40E-01     1.296E-27     1.000E+01
1.50E-01     2.818E-26     1.000E+01
1.60E-01     1.841E-25     1.000E+01
1.80E-01     7.855E-24     1.000E+01
2.00E-01     3.352E-22     1.000E+01
2.50E-01     2.571E-19     1.000E+01
3.00E-01     4.015E-17     1.000E+01
3.50E-01     1.567E-15     1.000E+01
4.00E-01     6.119E-14     1.000E+01
4.50E-01     8.154E-13     1.000E+01
5.00E-01     1.087E-11     1.000E+01
6.00E-01     5.495E-10     1.000E+01
7.00E-01     1.233E-08     1.000E+01
8.00E-01     1.580E-07     1.000E+01
9.00E-01     1.349E-06     1.000E+01
1.00E+00     8.476E-06     1.000E+01
1.25E+00     2.084E-04     1.000E+01
1.50E+00     5.125E-03     1.000E+01
1.75E+00     3.667E-02     1.000E+01
2.00E+00     2.624E-01     1.000E+01
2.50E+00     4.018E+00     1.000E+01
3.00E+00     3.034E+01     1.000E+01
3.50E+00     1.445E+02     1.000E+01
4.00E+00     4.994E+02     1.000E+01
5.00E+00     3.134E+03     1.000E+01
6.00E+00     1.129E+04     1.000E+01
7.00E+00     2.849E+04     1.000E+01
8.00E+00     5.587E+04     1.000E+01
9.00E+00     9.013E+04     1.000E+01
1.00E+01     1.241E+05     1.000E+01
