5        n al23  he4 na20                  taly      5.54300E+00      
1.00E-03     1.151E+07     1.000E+01
2.00E-03     1.161E+07     1.000E+01
3.00E-03     1.171E+07     1.000E+01
4.00E-03     1.181E+07     1.000E+01
5.00E-03     1.191E+07     1.000E+01
6.00E-03     1.185E+07     1.000E+01
7.00E-03     1.179E+07     1.000E+01
8.00E-03     1.173E+07     1.000E+01
9.00E-03     1.167E+07     1.000E+01
1.00E-02     1.161E+07     1.000E+01
1.10E-02     1.162E+07     1.000E+01
1.20E-02     1.163E+07     1.000E+01
1.30E-02     1.164E+07     1.000E+01
1.40E-02     1.165E+07     1.000E+01
1.50E-02     1.165E+07     1.000E+01
1.60E-02     1.166E+07     1.000E+01
1.80E-02     1.168E+07     1.000E+01
2.00E-02     1.169E+07     1.000E+01
2.50E-02     1.173E+07     1.000E+01
3.00E-02     1.177E+07     1.000E+01
4.00E-02     1.185E+07     1.000E+01
5.00E-02     1.193E+07     1.000E+01
6.00E-02     1.206E+07     1.000E+01
7.00E-02     1.218E+07     1.000E+01
8.00E-02     1.231E+07     1.000E+01
9.00E-02     1.244E+07     1.000E+01
1.00E-01     1.257E+07     1.000E+01
1.10E-01     1.271E+07     1.000E+01
1.20E-01     1.285E+07     1.000E+01
1.30E-01     1.299E+07     1.000E+01
1.40E-01     1.314E+07     1.000E+01
1.50E-01     1.328E+07     1.000E+01
1.60E-01     1.343E+07     1.000E+01
1.80E-01     1.374E+07     1.000E+01
2.00E-01     1.406E+07     1.000E+01
2.50E-01     1.485E+07     1.000E+01
3.00E-01     1.563E+07     1.000E+01
3.50E-01     1.634E+07     1.000E+01
4.00E-01     1.710E+07     1.000E+01
4.50E-01     1.778E+07     1.000E+01
5.00E-01     1.848E+07     1.000E+01
6.00E-01     1.982E+07     1.000E+01
7.00E-01     2.112E+07     1.000E+01
8.00E-01     2.239E+07     1.000E+01
9.00E-01     2.363E+07     1.000E+01
1.00E+00     2.484E+07     1.000E+01
1.25E+00     2.749E+07     1.000E+01
1.50E+00     3.042E+07     1.000E+01
1.75E+00     3.272E+07     1.000E+01
2.00E+00     3.519E+07     1.000E+01
2.50E+00     3.922E+07     1.000E+01
3.00E+00     4.259E+07     1.000E+01
3.50E+00     4.541E+07     1.000E+01
4.00E+00     4.774E+07     1.000E+01
5.00E+00     5.128E+07     1.000E+01
6.00E+00     5.360E+07     1.000E+01
7.00E+00     5.499E+07     1.000E+01
8.00E+00     5.563E+07     1.000E+01
9.00E+00     5.568E+07     1.000E+01
1.00E+01     5.526E+07     1.000E+01
