4        n al22 al23                       taly      1.95240E+01      
1.00E-03     5.016E+02     1.000E+01
2.00E-03     5.079E+02     1.000E+01
3.00E-03     5.142E+02     1.000E+01
4.00E-03     5.205E+02     1.000E+01
5.00E-03     5.268E+02     1.000E+01
6.00E-03     5.259E+02     1.000E+01
7.00E-03     5.250E+02     1.000E+01
8.00E-03     5.241E+02     1.000E+01
9.00E-03     5.231E+02     1.000E+01
1.00E-02     5.222E+02     1.000E+01
1.10E-02     5.244E+02     1.000E+01
1.20E-02     5.266E+02     1.000E+01
1.30E-02     5.287E+02     1.000E+01
1.40E-02     5.309E+02     1.000E+01
1.50E-02     5.331E+02     1.000E+01
1.60E-02     5.353E+02     1.000E+01
1.80E-02     5.396E+02     1.000E+01
2.00E-02     5.439E+02     1.000E+01
2.50E-02     5.548E+02     1.000E+01
3.00E-02     5.656E+02     1.000E+01
4.00E-02     5.873E+02     1.000E+01
5.00E-02     6.090E+02     1.000E+01
6.00E-02     6.324E+02     1.000E+01
7.00E-02     6.557E+02     1.000E+01
8.00E-02     6.791E+02     1.000E+01
9.00E-02     7.024E+02     1.000E+01
1.00E-01     7.258E+02     1.000E+01
1.10E-01     7.499E+02     1.000E+01
1.20E-01     7.740E+02     1.000E+01
1.30E-01     7.981E+02     1.000E+01
1.40E-01     8.222E+02     1.000E+01
1.50E-01     8.463E+02     1.000E+01
1.60E-01     8.711E+02     1.000E+01
1.80E-01     9.208E+02     1.000E+01
2.00E-01     9.705E+02     1.000E+01
2.50E-01     1.095E+03     1.000E+01
3.00E-01     1.215E+03     1.000E+01
3.50E-01     1.329E+03     1.000E+01
4.00E-01     1.443E+03     1.000E+01
4.50E-01     1.551E+03     1.000E+01
5.00E-01     1.658E+03     1.000E+01
6.00E-01     1.863E+03     1.000E+01
7.00E-01     2.059E+03     1.000E+01
8.00E-01     2.248E+03     1.000E+01
9.00E-01     2.429E+03     1.000E+01
1.00E+00     2.604E+03     1.000E+01
1.25E+00     2.987E+03     1.000E+01
1.50E+00     3.370E+03     1.000E+01
1.75E+00     3.676E+03     1.000E+01
2.00E+00     3.982E+03     1.000E+01
2.50E+00     4.466E+03     1.000E+01
3.00E+00     4.846E+03     1.000E+01
3.50E+00     5.141E+03     1.000E+01
4.00E+00     5.368E+03     1.000E+01
5.00E+00     5.691E+03     1.000E+01
6.00E+00     6.020E+03     1.000E+01
7.00E+00     6.689E+03     1.000E+01
8.00E+00     8.018E+03     1.000E+01
9.00E+00     1.003E+04     1.000E+01
1.00E+01     1.233E+04     1.000E+01
