4        p al24 si25                       mc10      3.40800E+00      
1.00E-03     0.000E+00     1.000E+00
2.00E-03     0.000E+00     1.000E+00
3.00E-03     0.000E+00     1.000E+00
4.00E-03     0.000E+00     1.000E+00
5.00E-03     0.000E+00     1.000E+00
6.00E-03     0.000E+00     1.000E+00
7.00E-03     0.000E+00     1.000E+00
8.00E-03     0.000E+00     1.000E+00
9.00E-03     0.000E+00     1.000E+00
1.00E-02     1.550E-37     4.263E+00
1.10E-02     4.250E-36     4.545E+00
1.20E-02     7.968E-35     4.821E+00
1.30E-02     1.087E-33     5.114E+00
1.40E-02     1.162E-32     5.392E+00
1.50E-02     9.991E-32     5.697E+00
1.60E-02     7.111E-31     6.001E+00
1.80E-02     2.334E-29     6.619E+00
2.00E-02     4.633E-28     7.265E+00
2.50E-02     1.916E-25     8.882E+00
3.00E-02     1.905E-23     1.050E+01
4.00E-02     1.629E-20     1.403E+01
5.00E-02     2.166E-18     1.708E+01
6.00E-02     1.097E-16     1.895E+01
7.00E-02     5.360E-15     1.961E+01
8.00E-02     1.988E-13     1.920E+01
9.00E-02     3.770E-12     1.801E+01
1.00E-01     4.221E-11     1.678E+01
1.10E-01     2.834E-10     1.529E+01
1.20E-01     1.508E-09     1.368E+01
1.30E-01     6.153E-09     1.194E+01
1.40E-01     2.112E-08     1.031E+01
1.50E-01     6.377E-08     8.680E+00
1.60E-01     1.763E-07     7.323E+00
1.80E-01     1.018E-06     5.403E+00
2.00E-01     4.820E-06     4.349E+00
2.50E-01     1.285E-04     3.281E+00
3.00E-01     1.623E-03     2.804E+00
3.50E-01     1.111E-02     2.460E+00
4.00E-01     4.757E-02     2.225E+00
4.50E-01     1.475E-01     2.056E+00
5.00E-01     3.615E-01     1.932E+00
6.00E-01     1.377E+00     1.762E+00
7.00E-01     3.519E+00     1.654E+00
8.00E-01     7.009E+00     1.580E+00
9.00E-01     1.187E+01     1.526E+00
1.00E+00     1.789E+01     1.486E+00
1.25E+00     3.663E+01     1.421E+00
1.50E+00     5.931E+01     1.396E+00
1.75E+00     8.859E+01     1.396E+00
2.00E+00     1.211E+02     1.396E+00
2.50E+00     1.896E+02     1.396E+00
3.00E+00     2.573E+02     1.396E+00
3.50E+00     3.213E+02     1.396E+00
4.00E+00     3.799E+02     1.396E+00
5.00E+00     4.821E+02     1.396E+00
6.00E+00     5.705E+02     1.396E+00
7.00E+00     6.391E+02     1.396E+00
8.00E+00     6.923E+02     1.396E+00
9.00E+00     7.262E+02     1.396E+00
1.00E+01     7.489E+02     1.396E+00
