5        p al27  he4 mg24                  mc10      1.60096e+00      
1.00E-03     0.000E+00     1.000E+00
2.00E-03     0.000E+00     1.000E+00
3.00E-03     0.000E+00     1.000E+00
4.00E-03     0.000E+00     1.000E+00
5.00E-03     0.000E+00     1.000E+00
6.00E-03     0.000E+00     1.000E+00
7.00E-03     0.000E+00     1.000E+00
8.00E-03     0.000E+00     1.000E+00
9.00E-03     0.000E+00     1.000E+00
1.00E-02     9.048E-40     2.510E+00
1.10E-02     2.957E-38     2.584E+00
1.20E-02     1.244E-36     3.096E+00
1.30E-02     1.217E-34     4.509E+00
1.40E-02     9.735E-33     5.585E+00
1.50E-02     4.557E-31     6.013E+00
1.60E-02     1.319E-29     6.032E+00
1.80E-02     3.563E-27     5.709E+00
2.00E-02     3.074E-25     5.328E+00
2.50E-02     9.131E-22     4.477E+00
3.00E-02     1.863E-19     3.869E+00
4.00E-02     1.504E-16     3.228E+00
5.00E-02     9.108E-15     3.001E+00
6.00E-02     1.379E-13     2.936E+00
7.00E-02     9.110E-13     2.881E+00
8.00E-02     3.844E-12     2.700E+00
9.00E-02     1.308E-11     2.399E+00
1.00E-01     4.341E-11     2.240E+00
1.10E-01     1.523E-10     2.381E+00
1.20E-01     5.371E-10     2.674E+00
1.30E-01     1.844E-09     2.939E+00
1.40E-01     5.722E-09     3.105E+00
1.50E-01     1.563E-08     3.165E+00
1.60E-01     3.828E-08     3.124E+00
1.80E-01     1.750E-07     2.782E+00
2.00E-01     6.760E-07     2.208E+00
2.50E-01     2.841E-05     1.274E+00
3.00E-01     7.671E-04     1.194E+00
3.50E-01     8.875E-03     1.193E+00
4.00E-01     5.587E-02     1.189E+00
4.50E-01     2.334E-01     1.183E+00
5.00E-01     7.327E-01     1.175E+00
6.00E-01     4.113E+00     1.160E+00
7.00E-01     1.448E+01     1.145E+00
8.00E-01     3.875E+01     1.129E+00
9.00E-01     8.811E+01     1.112E+00
1.00E+00     1.812E+02     1.096E+00
1.25E+00     8.478E+02     1.072E+00
1.50E+00     2.980E+03     1.068E+00
1.75E+00     8.248E+03     1.067E+00
2.00E+00     1.884E+04     1.064E+00
2.50E+00     6.679E+04     1.056E+00
3.00E+00     1.696E+05     1.049E+00
3.50E+00     3.471E+05     1.044E+00
4.00E+00     6.101E+05     1.041E+00
5.00E+00     1.696E+06     1.040E+00
6.00E+00     3.700E+06     1.040E+00
7.00E+00     6.709E+06     1.040E+00
8.00E+00     1.074E+07     1.040E+00
9.00E+00     1.559E+07     1.040E+00
1.00E+01     2.245E+07     1.040E+00
