4      he4 ar36 ca40                       taly      7.03900E+00      
1.00E-03     0.000E+00     1.000E+00
2.00E-03     0.000E+00     1.000E+00
3.00E-03     0.000E+00     1.000E+00
4.00E-03     0.000E+00     1.000E+00
5.00E-03     0.000E+00     1.000E+00
6.00E-03     0.000E+00     1.000E+00
7.00E-03     0.000E+00     1.000E+00
8.00E-03     0.000E+00     1.000E+00
9.00E-03     0.000E+00     1.000E+00
1.00E-02     0.000E+00     1.000E+00
1.10E-02     0.000E+00     1.000E+00
1.20E-02     0.000E+00     1.000E+00
1.30E-02     0.000E+00     1.000E+00
1.40E-02     0.000E+00     1.000E+00
1.50E-02     0.000E+00     1.000E+00
1.60E-02     0.000E+00     1.000E+00
1.80E-02     0.000E+00     1.000E+00
2.00E-02     0.000E+00     1.000E+00
2.50E-02     0.000E+00     1.000E+00
3.00E-02     0.000E+00     1.000E+00
4.00E-02     0.000E+00     1.000E+00
5.00E-02     0.000E+00     1.000E+00
6.00E-02     3.855E-89     1.000E+01
7.00E-02     1.486E-78     1.000E+01
8.00E-02     5.727E-68     1.000E+01
9.00E-02     2.208E-57     1.000E+01
1.00E-01     8.509E-47     1.000E+01
1.10E-01     1.193E-44     1.000E+01
1.20E-01     1.674E-42     1.000E+01
1.30E-01     2.348E-40     1.000E+01
1.40E-01     3.293E-38     1.000E+01
1.50E-01     4.618E-36     1.000E+01
1.60E-01     6.238E-35     1.000E+01
1.80E-01     1.138E-32     1.000E+01
2.00E-01     2.076E-30     1.000E+01
2.50E-01     1.228E-26     1.000E+01
3.00E-01     8.438E-24     1.000E+01
3.50E-01     9.840E-22     1.000E+01
4.00E-01     1.147E-19     1.000E+01
4.50E-01     3.370E-18     1.000E+01
5.00E-01     9.896E-17     1.000E+01
6.00E-01     1.625E-14     1.000E+01
7.00E-01     8.676E-13     1.000E+01
8.00E-01     2.066E-11     1.000E+01
9.00E-01     2.708E-10     1.000E+01
1.00E+00     2.266E-09     1.000E+01
1.25E+00     6.612E-08     1.000E+01
1.50E+00     1.929E-06     1.000E+01
1.75E+00     1.216E-05     1.000E+01
2.00E+00     7.661E-05     1.000E+01
2.50E+00     8.827E-04     1.000E+01
3.00E+00     5.506E-03     1.000E+01
3.50E+00     2.375E-02     1.000E+01
4.00E+00     7.951E-02     1.000E+01
5.00E+00     5.358E-01     1.000E+01
6.00E+00     2.287E+00     1.000E+01
7.00E+00     6.996E+00     1.000E+01
8.00E+00     1.580E+01     1.000E+01
9.00E+00     2.573E+01     1.000E+01
1.00E+01     3.069E+01     1.000E+01
