4        p ar35  k36                       mc10      1.66800E+00      
1.00E-03     0.000E+00     1.000E+00
2.00E-03     0.000E+00     1.000E+00
3.00E-03     0.000E+00     1.000E+00
4.00E-03     0.000E+00     1.000E+00
5.00E-03     0.000E+00     1.000E+00
6.00E-03     0.000E+00     1.000E+00
7.00E-03     0.000E+00     1.000E+00
8.00E-03     0.000E+00     1.000E+00
9.00E-03     0.000E+00     1.000E+00
1.00E-02     2.234E-48     6.635E+01
1.10E-02     1.384E-46     5.304E+01
1.20E-02     5.341E-45     4.265E+01
1.30E-02     1.424E-43     3.457E+01
1.40E-02     2.676E-42     2.845E+01
1.50E-02     3.861E-41     2.364E+01
1.60E-02     4.515E-40     1.977E+01
1.80E-02     3.475E-38     1.434E+01
2.00E-02     1.435E-36     1.082E+01
2.50E-02     2.609E-33     6.141E+00
3.00E-02     7.918E-31     4.384E+00
4.00E-02     4.559E-27     5.894E+00
5.00E-02     1.312E-22     1.561E+01
6.00E-02     5.449E-19     1.051E+01
7.00E-02     2.112E-16     5.836E+00
8.00E-02     1.776E-14     3.857E+00
9.00E-02     5.486E-13     2.821E+00
1.00E-01     8.277E-12     2.224E+00
1.10E-01     7.448E-11     1.868E+00
1.20E-01     4.548E-10     1.661E+00
1.30E-01     2.087E-09     1.559E+00
1.40E-01     7.707E-09     1.535E+00
1.50E-01     2.432E-08     1.566E+00
1.60E-01     6.595E-08     1.629E+00
1.80E-01     3.446E-07     1.798E+00
2.00E-01     1.274E-06     1.985E+00
2.50E-01     1.257E-05     2.429E+00
3.00E-01     5.461E-05     2.861E+00
3.50E-01     1.509E-04     3.034E+00
4.00E-01     3.216E-04     3.047E+00
4.50E-01     6.105E-04     2.807E+00
5.00E-01     1.150E-03     2.450E+00
6.00E-01     5.005E-03     2.450E+00
7.00E-01     1.499E-02     2.450E+00
8.00E-01     3.492E-02     2.450E+00
9.00E-01     6.918E-02     2.450E+00
1.00E+00     1.206E-01     2.450E+00
1.25E+00     3.437E-01     2.450E+00
1.50E+00     7.073E-01     2.450E+00
1.75E+00     1.216E+00     2.450E+00
2.00E+00     1.859E+00     2.450E+00
2.50E+00     3.484E+00     2.450E+00
3.00E+00     5.485E+00     2.450E+00
3.50E+00     7.767E+00     2.450E+00
4.00E+00     1.030E+01     2.450E+00
5.00E+00     1.600E+01     2.450E+00
6.00E+00     2.251E+01     2.450E+00
7.00E+00     2.991E+01     2.450E+00
8.00E+00     3.815E+01     2.450E+00
9.00E+00     4.701E+01     2.450E+00
1.00E+01     5.764E+01     2.450E+00
