4        n ar32 ar33                       taly      1.52550E+01      
1.00E-03     5.155E+03     1.000E+01
2.00E-03     5.200E+03     1.000E+01
3.00E-03     5.245E+03     1.000E+01
4.00E-03     5.290E+03     1.000E+01
5.00E-03     5.335E+03     1.000E+01
6.00E-03     5.309E+03     1.000E+01
7.00E-03     5.283E+03     1.000E+01
8.00E-03     5.257E+03     1.000E+01
9.00E-03     5.231E+03     1.000E+01
1.00E-02     5.205E+03     1.000E+01
1.10E-02     5.210E+03     1.000E+01
1.20E-02     5.215E+03     1.000E+01
1.30E-02     5.220E+03     1.000E+01
1.40E-02     5.225E+03     1.000E+01
1.50E-02     5.230E+03     1.000E+01
1.60E-02     5.235E+03     1.000E+01
1.80E-02     5.245E+03     1.000E+01
2.00E-02     5.256E+03     1.000E+01
2.50E-02     5.281E+03     1.000E+01
3.00E-02     5.306E+03     1.000E+01
4.00E-02     5.357E+03     1.000E+01
5.00E-02     5.407E+03     1.000E+01
6.00E-02     5.479E+03     1.000E+01
7.00E-02     5.551E+03     1.000E+01
8.00E-02     5.623E+03     1.000E+01
9.00E-02     5.695E+03     1.000E+01
1.00E-01     5.767E+03     1.000E+01
1.10E-01     5.843E+03     1.000E+01
1.20E-01     5.919E+03     1.000E+01
1.30E-01     5.995E+03     1.000E+01
1.40E-01     6.071E+03     1.000E+01
1.50E-01     6.147E+03     1.000E+01
1.60E-01     6.227E+03     1.000E+01
1.80E-01     6.386E+03     1.000E+01
2.00E-01     6.544E+03     1.000E+01
2.50E-01     6.937E+03     1.000E+01
3.00E-01     7.310E+03     1.000E+01
3.50E-01     7.647E+03     1.000E+01
4.00E-01     7.984E+03     1.000E+01
4.50E-01     8.282E+03     1.000E+01
5.00E-01     8.579E+03     1.000E+01
6.00E-01     9.119E+03     1.000E+01
7.00E-01     9.616E+03     1.000E+01
8.00E-01     1.008E+04     1.000E+01
9.00E-01     1.051E+04     1.000E+01
1.00E+00     1.091E+04     1.000E+01
1.25E+00     1.175E+04     1.000E+01
1.50E+00     1.259E+04     1.000E+01
1.75E+00     1.321E+04     1.000E+01
2.00E+00     1.383E+04     1.000E+01
2.50E+00     1.477E+04     1.000E+01
3.00E+00     1.547E+04     1.000E+01
3.50E+00     1.597E+04     1.000E+01
4.00E+00     1.631E+04     1.000E+01
5.00E+00     1.656E+04     1.000E+01
6.00E+00     1.632E+04     1.000E+01
7.00E+00     1.568E+04     1.000E+01
8.00E+00     1.462E+04     1.000E+01
9.00E+00     1.307E+04     1.000E+01
1.00E+01     1.106E+04     1.000E+01
