5        n ar34    p cl34                  taly      6.84400E+00      
1.00E-03     4.256E+08     1.000E+01
2.00E-03     4.285E+08     1.000E+01
3.00E-03     4.315E+08     1.000E+01
4.00E-03     4.345E+08     1.000E+01
5.00E-03     4.375E+08     1.000E+01
6.00E-03     4.348E+08     1.000E+01
7.00E-03     4.321E+08     1.000E+01
8.00E-03     4.295E+08     1.000E+01
9.00E-03     4.268E+08     1.000E+01
1.00E-02     4.242E+08     1.000E+01
1.10E-02     4.242E+08     1.000E+01
1.20E-02     4.242E+08     1.000E+01
1.30E-02     4.242E+08     1.000E+01
1.40E-02     4.241E+08     1.000E+01
1.50E-02     4.241E+08     1.000E+01
1.60E-02     4.241E+08     1.000E+01
1.80E-02     4.241E+08     1.000E+01
2.00E-02     4.240E+08     1.000E+01
2.50E-02     4.240E+08     1.000E+01
3.00E-02     4.239E+08     1.000E+01
4.00E-02     4.237E+08     1.000E+01
5.00E-02     4.236E+08     1.000E+01
6.00E-02     4.258E+08     1.000E+01
7.00E-02     4.281E+08     1.000E+01
8.00E-02     4.303E+08     1.000E+01
9.00E-02     4.326E+08     1.000E+01
1.00E-01     4.349E+08     1.000E+01
1.10E-01     4.377E+08     1.000E+01
1.20E-01     4.405E+08     1.000E+01
1.30E-01     4.433E+08     1.000E+01
1.40E-01     4.462E+08     1.000E+01
1.50E-01     4.490E+08     1.000E+01
1.60E-01     4.522E+08     1.000E+01
1.80E-01     4.586E+08     1.000E+01
2.00E-01     4.651E+08     1.000E+01
2.50E-01     4.816E+08     1.000E+01
3.00E-01     4.974E+08     1.000E+01
3.50E-01     5.115E+08     1.000E+01
4.00E-01     5.260E+08     1.000E+01
4.50E-01     5.384E+08     1.000E+01
5.00E-01     5.511E+08     1.000E+01
6.00E-01     5.739E+08     1.000E+01
7.00E-01     5.950E+08     1.000E+01
8.00E-01     6.148E+08     1.000E+01
9.00E-01     6.336E+08     1.000E+01
1.00E+00     6.513E+08     1.000E+01
1.25E+00     6.885E+08     1.000E+01
1.50E+00     7.277E+08     1.000E+01
1.75E+00     7.575E+08     1.000E+01
2.00E+00     7.885E+08     1.000E+01
2.50E+00     8.380E+08     1.000E+01
3.00E+00     8.786E+08     1.000E+01
3.50E+00     9.119E+08     1.000E+01
4.00E+00     9.386E+08     1.000E+01
5.00E+00     9.732E+08     1.000E+01
6.00E+00     9.829E+08     1.000E+01
7.00E+00     9.678E+08     1.000E+01
8.00E+00     9.273E+08     1.000E+01
9.00E+00     8.584E+08     1.000E+01
1.00E+01     7.572E+08     1.000E+01
