5        n ar34  he4  s31                  taly      6.31100E+00      
1.00E-03     5.837E+07     1.000E+01
2.00E-03     5.874E+07     1.000E+01
3.00E-03     5.910E+07     1.000E+01
4.00E-03     5.947E+07     1.000E+01
5.00E-03     5.984E+07     1.000E+01
6.00E-03     5.943E+07     1.000E+01
7.00E-03     5.903E+07     1.000E+01
8.00E-03     5.862E+07     1.000E+01
9.00E-03     5.822E+07     1.000E+01
1.00E-02     5.783E+07     1.000E+01
1.10E-02     5.778E+07     1.000E+01
1.20E-02     5.774E+07     1.000E+01
1.30E-02     5.770E+07     1.000E+01
1.40E-02     5.765E+07     1.000E+01
1.50E-02     5.761E+07     1.000E+01
1.60E-02     5.757E+07     1.000E+01
1.80E-02     5.748E+07     1.000E+01
2.00E-02     5.739E+07     1.000E+01
2.50E-02     5.718E+07     1.000E+01
3.00E-02     5.696E+07     1.000E+01
4.00E-02     5.653E+07     1.000E+01
5.00E-02     5.611E+07     1.000E+01
6.00E-02     5.603E+07     1.000E+01
7.00E-02     5.595E+07     1.000E+01
8.00E-02     5.587E+07     1.000E+01
9.00E-02     5.580E+07     1.000E+01
1.00E-01     5.572E+07     1.000E+01
1.10E-01     5.572E+07     1.000E+01
1.20E-01     5.573E+07     1.000E+01
1.30E-01     5.574E+07     1.000E+01
1.40E-01     5.574E+07     1.000E+01
1.50E-01     5.575E+07     1.000E+01
1.60E-01     5.581E+07     1.000E+01
1.80E-01     5.594E+07     1.000E+01
2.00E-01     5.607E+07     1.000E+01
2.50E-01     5.652E+07     1.000E+01
3.00E-01     5.696E+07     1.000E+01
3.50E-01     5.734E+07     1.000E+01
4.00E-01     5.771E+07     1.000E+01
4.50E-01     5.800E+07     1.000E+01
5.00E-01     5.830E+07     1.000E+01
6.00E-01     5.880E+07     1.000E+01
7.00E-01     5.926E+07     1.000E+01
8.00E-01     5.971E+07     1.000E+01
9.00E-01     6.014E+07     1.000E+01
1.00E+00     6.057E+07     1.000E+01
1.25E+00     6.156E+07     1.000E+01
1.50E+00     6.258E+07     1.000E+01
1.75E+00     6.348E+07     1.000E+01
2.00E+00     6.439E+07     1.000E+01
2.50E+00     6.605E+07     1.000E+01
3.00E+00     6.759E+07     1.000E+01
3.50E+00     6.903E+07     1.000E+01
4.00E+00     7.038E+07     1.000E+01
5.00E+00     7.284E+07     1.000E+01
6.00E+00     7.497E+07     1.000E+01
7.00E+00     7.664E+07     1.000E+01
8.00E+00     7.748E+07     1.000E+01
9.00E+00     7.661E+07     1.000E+01
1.00E+01     7.275E+07     1.000E+01
