4      he4 ar37 ca41                       taly      6.61500E+00      
1.00E-03     0.000E+00     1.000E+00
2.00E-03     0.000E+00     1.000E+00
3.00E-03     0.000E+00     1.000E+00
4.00E-03     0.000E+00     1.000E+00
5.00E-03     0.000E+00     1.000E+00
6.00E-03     0.000E+00     1.000E+00
7.00E-03     0.000E+00     1.000E+00
8.00E-03     0.000E+00     1.000E+00
9.00E-03     0.000E+00     1.000E+00
1.00E-02     0.000E+00     1.000E+00
1.10E-02     0.000E+00     1.000E+00
1.20E-02     0.000E+00     1.000E+00
1.30E-02     0.000E+00     1.000E+00
1.40E-02     0.000E+00     1.000E+00
1.50E-02     0.000E+00     1.000E+00
1.60E-02     0.000E+00     1.000E+00
1.80E-02     0.000E+00     1.000E+00
2.00E-02     0.000E+00     1.000E+00
2.50E-02     0.000E+00     1.000E+00
3.00E-02     0.000E+00     1.000E+00
4.00E-02     0.000E+00     1.000E+00
5.00E-02     0.000E+00     1.000E+00
6.00E-02     4.682E-89     1.000E+01
7.00E-02     2.192E-78     1.000E+01
8.00E-02     1.026E-67     1.000E+01
9.00E-02     4.804E-57     1.000E+01
1.00E-01     2.249E-46     1.000E+01
1.10E-01     2.673E-44     1.000E+01
1.20E-01     3.176E-42     1.000E+01
1.30E-01     3.773E-40     1.000E+01
1.40E-01     4.484E-38     1.000E+01
1.50E-01     5.328E-36     1.000E+01
1.60E-01     6.865E-35     1.000E+01
1.80E-01     1.140E-32     1.000E+01
2.00E-01     1.893E-30     1.000E+01
2.50E-01     1.088E-26     1.000E+01
3.00E-01     7.608E-24     1.000E+01
3.50E-01     8.943E-22     1.000E+01
4.00E-01     1.051E-19     1.000E+01
4.50E-01     3.100E-18     1.000E+01
5.00E-01     9.141E-17     1.000E+01
6.00E-01     1.525E-14     1.000E+01
7.00E-01     8.225E-13     1.000E+01
8.00E-01     1.982E-11     1.000E+01
9.00E-01     2.688E-10     1.000E+01
1.00E+00     2.410E-09     1.000E+01
1.25E+00     1.045E-07     1.000E+01
1.50E+00     4.534E-06     1.000E+01
1.75E+00     4.392E-05     1.000E+01
2.00E+00     4.254E-04     1.000E+01
2.50E+00     8.356E-03     1.000E+01
3.00E+00     6.788E-02     1.000E+01
3.50E+00     3.272E-01     1.000E+01
4.00E+00     1.138E+00     1.000E+01
5.00E+00     7.643E+00     1.000E+01
6.00E+00     3.131E+01     1.000E+01
7.00E+00     9.118E+01     1.000E+01
8.00E+00     2.025E+02     1.000E+01
9.00E+00     3.588E+02     1.000E+01
1.00E+01     5.308E+02     1.000E+01
