5        n ar33  he4  s30                  taly      1.03210E+01      
1.00E-03     1.532E+07     1.000E+01
2.00E-03     1.543E+07     1.000E+01
3.00E-03     1.554E+07     1.000E+01
4.00E-03     1.565E+07     1.000E+01
5.00E-03     1.577E+07     1.000E+01
6.00E-03     1.567E+07     1.000E+01
7.00E-03     1.558E+07     1.000E+01
8.00E-03     1.548E+07     1.000E+01
9.00E-03     1.539E+07     1.000E+01
1.00E-02     1.529E+07     1.000E+01
1.10E-02     1.529E+07     1.000E+01
1.20E-02     1.528E+07     1.000E+01
1.30E-02     1.528E+07     1.000E+01
1.40E-02     1.528E+07     1.000E+01
1.50E-02     1.527E+07     1.000E+01
1.60E-02     1.527E+07     1.000E+01
1.80E-02     1.526E+07     1.000E+01
2.00E-02     1.526E+07     1.000E+01
2.50E-02     1.524E+07     1.000E+01
3.00E-02     1.522E+07     1.000E+01
4.00E-02     1.518E+07     1.000E+01
5.00E-02     1.515E+07     1.000E+01
6.00E-02     1.519E+07     1.000E+01
7.00E-02     1.522E+07     1.000E+01
8.00E-02     1.526E+07     1.000E+01
9.00E-02     1.530E+07     1.000E+01
1.00E-01     1.534E+07     1.000E+01
1.10E-01     1.539E+07     1.000E+01
1.20E-01     1.545E+07     1.000E+01
1.30E-01     1.550E+07     1.000E+01
1.40E-01     1.556E+07     1.000E+01
1.50E-01     1.561E+07     1.000E+01
1.60E-01     1.568E+07     1.000E+01
1.80E-01     1.581E+07     1.000E+01
2.00E-01     1.595E+07     1.000E+01
2.50E-01     1.630E+07     1.000E+01
3.00E-01     1.664E+07     1.000E+01
3.50E-01     1.693E+07     1.000E+01
4.00E-01     1.722E+07     1.000E+01
4.50E-01     1.747E+07     1.000E+01
5.00E-01     1.772E+07     1.000E+01
6.00E-01     1.817E+07     1.000E+01
7.00E-01     1.857E+07     1.000E+01
8.00E-01     1.895E+07     1.000E+01
9.00E-01     1.931E+07     1.000E+01
1.00E+00     1.964E+07     1.000E+01
1.25E+00     2.035E+07     1.000E+01
1.50E+00     2.108E+07     1.000E+01
1.75E+00     2.163E+07     1.000E+01
2.00E+00     2.220E+07     1.000E+01
2.50E+00     2.307E+07     1.000E+01
3.00E+00     2.372E+07     1.000E+01
3.50E+00     2.417E+07     1.000E+01
4.00E+00     2.443E+07     1.000E+01
5.00E+00     2.441E+07     1.000E+01
6.00E+00     2.366E+07     1.000E+01
7.00E+00     2.197E+07     1.000E+01
8.00E+00     1.916E+07     1.000E+01
9.00E+00     1.547E+07     1.000E+01
1.00E+01     1.163E+07     1.000E+01
