1      k37 ar37                            au03w     6.14746e+00      
1.00E-03     5.654E-01     1.006E+00
2.00E-03     5.654E-01     1.006E+00
3.00E-03     5.654E-01     1.006E+00
4.00E-03     5.654E-01     1.006E+00
5.00E-03     5.654E-01     1.006E+00
6.00E-03     5.654E-01     1.006E+00
7.00E-03     5.654E-01     1.006E+00
8.00E-03     5.654E-01     1.006E+00
9.00E-03     5.654E-01     1.006E+00
1.00E-02     5.654E-01     1.006E+00
1.10E-02     5.654E-01     1.006E+00
1.20E-02     5.654E-01     1.006E+00
1.30E-02     5.654E-01     1.006E+00
1.40E-02     5.654E-01     1.006E+00
1.50E-02     5.654E-01     1.006E+00
1.60E-02     5.654E-01     1.006E+00
1.80E-02     5.654E-01     1.006E+00
2.00E-02     5.654E-01     1.006E+00
2.50E-02     5.654E-01     1.006E+00
3.00E-02     5.654E-01     1.006E+00
4.00E-02     5.654E-01     1.006E+00
5.00E-02     5.654E-01     1.006E+00
6.00E-02     5.654E-01     1.006E+00
7.00E-02     5.654E-01     1.006E+00
8.00E-02     5.654E-01     1.006E+00
9.00E-02     5.654E-01     1.006E+00
1.00E-01     5.654E-01     1.006E+00
1.10E-01     5.654E-01     1.006E+00
1.20E-01     5.654E-01     1.006E+00
1.30E-01     5.654E-01     1.006E+00
1.40E-01     5.654E-01     1.006E+00
1.50E-01     5.654E-01     1.006E+00
1.60E-01     5.654E-01     1.006E+00
1.80E-01     5.654E-01     1.006E+00
2.00E-01     5.654E-01     1.006E+00
2.50E-01     5.654E-01     1.006E+00
3.00E-01     5.654E-01     1.006E+00
3.50E-01     5.654E-01     1.006E+00
4.00E-01     5.654E-01     1.006E+00
4.50E-01     5.654E-01     1.006E+00
5.00E-01     5.654E-01     1.006E+00
6.00E-01     5.654E-01     1.006E+00
7.00E-01     5.654E-01     1.006E+00
8.00E-01     5.654E-01     1.006E+00
9.00E-01     5.654E-01     1.006E+00
1.00E+00     5.654E-01     1.006E+00
1.25E+00     5.654E-01     1.006E+00
1.50E+00     5.654E-01     1.006E+00
1.75E+00     5.654E-01     1.006E+00
2.00E+00     5.654E-01     1.006E+00
2.50E+00     5.654E-01     1.006E+00
3.00E+00     5.654E-01     1.006E+00
3.50E+00     5.654E-01     1.006E+00
4.00E+00     5.654E-01     1.006E+00
5.00E+00     5.654E-01     1.006E+00
6.00E+00     5.654E-01     1.006E+00
7.00E+00     5.654E-01     1.006E+00
8.00E+00     5.654E-01     1.006E+00
9.00E+00     5.654E-01     1.006E+00
1.00E+01     5.654E-01     1.006E+00
