4        n ar37 ar38                       taly      1.18380E+01      
1.00E-03     6.441E+06     1.000E+01
2.00E-03     5.835E+06     1.000E+01
3.00E-03     5.230E+06     1.000E+01
4.00E-03     4.625E+06     1.000E+01
5.00E-03     4.020E+06     1.000E+01
6.00E-03     3.851E+06     1.000E+01
7.00E-03     3.682E+06     1.000E+01
8.00E-03     3.513E+06     1.000E+01
9.00E-03     3.344E+06     1.000E+01
1.00E-02     3.176E+06     1.000E+01
1.10E-02     3.144E+06     1.000E+01
1.20E-02     3.113E+06     1.000E+01
1.30E-02     3.081E+06     1.000E+01
1.40E-02     3.050E+06     1.000E+01
1.50E-02     3.018E+06     1.000E+01
1.60E-02     2.986E+06     1.000E+01
1.80E-02     2.923E+06     1.000E+01
2.00E-02     2.860E+06     1.000E+01
2.50E-02     2.702E+06     1.000E+01
3.00E-02     2.545E+06     1.000E+01
4.00E-02     2.229E+06     1.000E+01
5.00E-02     1.914E+06     1.000E+01
6.00E-02     1.852E+06     1.000E+01
7.00E-02     1.790E+06     1.000E+01
8.00E-02     1.729E+06     1.000E+01
9.00E-02     1.667E+06     1.000E+01
1.00E-01     1.606E+06     1.000E+01
1.10E-01     1.579E+06     1.000E+01
1.20E-01     1.552E+06     1.000E+01
1.30E-01     1.526E+06     1.000E+01
1.40E-01     1.499E+06     1.000E+01
1.50E-01     1.472E+06     1.000E+01
1.60E-01     1.458E+06     1.000E+01
1.80E-01     1.428E+06     1.000E+01
2.00E-01     1.398E+06     1.000E+01
2.50E-01     1.351E+06     1.000E+01
3.00E-01     1.318E+06     1.000E+01
3.50E-01     1.294E+06     1.000E+01
4.00E-01     1.271E+06     1.000E+01
4.50E-01     1.254E+06     1.000E+01
5.00E-01     1.238E+06     1.000E+01
6.00E-01     1.213E+06     1.000E+01
7.00E-01     1.193E+06     1.000E+01
8.00E-01     1.177E+06     1.000E+01
9.00E-01     1.164E+06     1.000E+01
1.00E+00     1.153E+06     1.000E+01
1.25E+00     1.138E+06     1.000E+01
1.50E+00     1.122E+06     1.000E+01
1.75E+00     1.116E+06     1.000E+01
2.00E+00     1.110E+06     1.000E+01
2.50E+00     1.109E+06     1.000E+01
3.00E+00     1.113E+06     1.000E+01
3.50E+00     1.119E+06     1.000E+01
4.00E+00     1.125E+06     1.000E+01
5.00E+00     1.134E+06     1.000E+01
6.00E+00     1.126E+06     1.000E+01
7.00E+00     1.085E+06     1.000E+01
8.00E+00     9.932E+05     1.000E+01
9.00E+00     8.518E+05     1.000E+01
1.00E+01     6.868E+05     1.000E+01
