5        n ar31    p cl31                  taly      1.91420E+01      
1.00E-03     2.283E+06     1.000E+01
2.00E-03     2.300E+06     1.000E+01
3.00E-03     2.318E+06     1.000E+01
4.00E-03     2.336E+06     1.000E+01
5.00E-03     2.355E+06     1.000E+01
6.00E-03     2.341E+06     1.000E+01
7.00E-03     2.328E+06     1.000E+01
8.00E-03     2.315E+06     1.000E+01
9.00E-03     2.301E+06     1.000E+01
1.00E-02     2.288E+06     1.000E+01
1.10E-02     2.289E+06     1.000E+01
1.20E-02     2.289E+06     1.000E+01
1.30E-02     2.289E+06     1.000E+01
1.40E-02     2.290E+06     1.000E+01
1.50E-02     2.290E+06     1.000E+01
1.60E-02     2.290E+06     1.000E+01
1.80E-02     2.291E+06     1.000E+01
2.00E-02     2.292E+06     1.000E+01
2.50E-02     2.294E+06     1.000E+01
3.00E-02     2.296E+06     1.000E+01
4.00E-02     2.299E+06     1.000E+01
5.00E-02     2.303E+06     1.000E+01
6.00E-02     2.316E+06     1.000E+01
7.00E-02     2.330E+06     1.000E+01
8.00E-02     2.344E+06     1.000E+01
9.00E-02     2.358E+06     1.000E+01
1.00E-01     2.372E+06     1.000E+01
1.10E-01     2.387E+06     1.000E+01
1.20E-01     2.403E+06     1.000E+01
1.30E-01     2.418E+06     1.000E+01
1.40E-01     2.434E+06     1.000E+01
1.50E-01     2.450E+06     1.000E+01
1.60E-01     2.467E+06     1.000E+01
1.80E-01     2.502E+06     1.000E+01
2.00E-01     2.537E+06     1.000E+01
2.50E-01     2.624E+06     1.000E+01
3.00E-01     2.706E+06     1.000E+01
3.50E-01     2.777E+06     1.000E+01
4.00E-01     2.850E+06     1.000E+01
4.50E-01     2.911E+06     1.000E+01
5.00E-01     2.973E+06     1.000E+01
6.00E-01     3.080E+06     1.000E+01
7.00E-01     3.177E+06     1.000E+01
8.00E-01     3.265E+06     1.000E+01
9.00E-01     3.346E+06     1.000E+01
1.00E+00     3.421E+06     1.000E+01
1.25E+00     3.581E+06     1.000E+01
1.50E+00     3.749E+06     1.000E+01
1.75E+00     3.899E+06     1.000E+01
2.00E+00     4.055E+06     1.000E+01
2.50E+00     4.269E+06     1.000E+01
3.00E+00     4.297E+06     1.000E+01
3.50E+00     4.153E+06     1.000E+01
4.00E+00     3.913E+06     1.000E+01
5.00E+00     3.362E+06     1.000E+01
6.00E+00     2.851E+06     1.000E+01
7.00E+00     2.407E+06     1.000E+01
8.00E+00     2.028E+06     1.000E+01
9.00E+00     1.707E+06     1.000E+01
1.00E+01     1.435E+06     1.000E+01
