4      he4 ar33 ca37                       taly      6.17700E+00      
1.00E-03     0.000E+00     1.000E+00
2.00E-03     0.000E+00     1.000E+00
3.00E-03     0.000E+00     1.000E+00
4.00E-03     0.000E+00     1.000E+00
5.00E-03     0.000E+00     1.000E+00
6.00E-03     0.000E+00     1.000E+00
7.00E-03     0.000E+00     1.000E+00
8.00E-03     0.000E+00     1.000E+00
9.00E-03     0.000E+00     1.000E+00
1.00E-02     0.000E+00     1.000E+00
1.10E-02     0.000E+00     1.000E+00
1.20E-02     0.000E+00     1.000E+00
1.30E-02     0.000E+00     1.000E+00
1.40E-02     0.000E+00     1.000E+00
1.50E-02     0.000E+00     1.000E+00
1.60E-02     0.000E+00     1.000E+00
1.80E-02     0.000E+00     1.000E+00
2.00E-02     0.000E+00     1.000E+00
2.50E-02     0.000E+00     1.000E+00
3.00E-02     0.000E+00     1.000E+00
4.00E-02     0.000E+00     1.000E+00
5.00E-02     0.000E+00     1.000E+00
6.00E-02     6.355E-90     1.000E+01
7.00E-02     4.038E-80     1.000E+01
8.00E-02     2.566E-70     1.000E+01
9.00E-02     1.631E-60     1.000E+01
1.00E-01     1.036E-50     1.000E+01
1.10E-01     1.349E-48     1.000E+01
1.20E-01     1.755E-46     1.000E+01
1.30E-01     2.284E-44     1.000E+01
1.40E-01     2.972E-42     1.000E+01
1.50E-01     3.867E-40     1.000E+01
1.60E-01     4.651E-39     1.000E+01
1.80E-01     6.726E-37     1.000E+01
2.00E-01     9.728E-35     1.000E+01
2.50E-01     3.660E-31     1.000E+01
3.00E-01     2.103E-28     1.000E+01
3.50E-01     2.288E-26     1.000E+01
4.00E-01     2.489E-24     1.000E+01
4.50E-01     7.040E-23     1.000E+01
5.00E-01     1.992E-21     1.000E+01
6.00E-01     3.259E-19     1.000E+01
7.00E-01     1.900E-17     1.000E+01
8.00E-01     5.403E-16     1.000E+01
9.00E-01     9.103E-15     1.000E+01
1.00E+00     1.030E-13     1.000E+01
1.25E+00     7.113E-12     1.000E+01
1.50E+00     4.913E-10     1.000E+01
1.75E+00     6.736E-09     1.000E+01
2.00E+00     9.237E-08     1.000E+01
2.50E+00     3.567E-06     1.000E+01
3.00E+00     5.432E-05     1.000E+01
3.50E+00     4.503E-04     1.000E+01
4.00E+00     2.436E-03     1.000E+01
5.00E+00     3.002E-02     1.000E+01
6.00E+00     1.738E-01     1.000E+01
7.00E+00     6.152E-01     1.000E+01
8.00E+00     1.526E+00     1.000E+01
9.00E+00     2.867E+00     1.000E+01
1.00E+01     4.352E+00     1.000E+01
