4      he4 ar35 ca39                       taly      6.66100E+00      
1.00E-03     0.000E+00     1.000E+00
2.00E-03     0.000E+00     1.000E+00
3.00E-03     0.000E+00     1.000E+00
4.00E-03     0.000E+00     1.000E+00
5.00E-03     0.000E+00     1.000E+00
6.00E-03     0.000E+00     1.000E+00
7.00E-03     0.000E+00     1.000E+00
8.00E-03     0.000E+00     1.000E+00
9.00E-03     0.000E+00     1.000E+00
1.00E-02     0.000E+00     1.000E+00
1.10E-02     0.000E+00     1.000E+00
1.20E-02     0.000E+00     1.000E+00
1.30E-02     0.000E+00     1.000E+00
1.40E-02     0.000E+00     1.000E+00
1.50E-02     0.000E+00     1.000E+00
1.60E-02     0.000E+00     1.000E+00
1.80E-02     0.000E+00     1.000E+00
2.00E-02     0.000E+00     1.000E+00
2.50E-02     0.000E+00     1.000E+00
3.00E-02     0.000E+00     1.000E+00
4.00E-02     0.000E+00     1.000E+00
5.00E-02     0.000E+00     1.000E+00
6.00E-02     1.641E-89     1.000E+01
7.00E-02     2.693E-79     1.000E+01
8.00E-02     4.419E-69     1.000E+01
9.00E-02     7.253E-59     1.000E+01
1.00E-01     1.190E-48     1.000E+01
1.10E-01     1.619E-46     1.000E+01
1.20E-01     2.201E-44     1.000E+01
1.30E-01     2.993E-42     1.000E+01
1.40E-01     4.071E-40     1.000E+01
1.50E-01     5.536E-38     1.000E+01
1.60E-01     7.045E-37     1.000E+01
1.80E-01     1.141E-34     1.000E+01
2.00E-01     1.848E-32     1.000E+01
2.50E-01     7.375E-29     1.000E+01
3.00E-01     3.451E-26     1.000E+01
3.50E-01     2.903E-24     1.000E+01
4.00E-01     2.442E-22     1.000E+01
4.50E-01     5.598E-21     1.000E+01
5.00E-01     1.284E-19     1.000E+01
6.00E-01     1.501E-17     1.000E+01
7.00E-01     6.679E-16     1.000E+01
8.00E-01     1.525E-14     1.000E+01
9.00E-01     2.141E-13     1.000E+01
1.00E+00     2.076E-12     1.000E+01
1.25E+00     1.079E-10     1.000E+01
1.50E+00     5.612E-09     1.000E+01
1.75E+00     6.616E-08     1.000E+01
2.00E+00     7.800E-07     1.000E+01
2.50E+00     2.775E-05     1.000E+01
3.00E+00     4.242E-04     1.000E+01
3.50E+00     3.612E-03     1.000E+01
4.00E+00     2.019E-02     1.000E+01
5.00E+00     2.670E-01     1.000E+01
6.00E+00     1.669E+00     1.000E+01
7.00E+00     6.495E+00     1.000E+01
8.00E+00     1.824E+01     1.000E+01
9.00E+00     3.997E+01     1.000E+01
1.00E+01     7.101E+01     1.000E+01
