4        p ar36  k37                       mc10      1.85763E+00      
1.00E-03     0.000E+00     1.000E+00
2.00E-03     0.000E+00     1.000E+00
3.00E-03     0.000E+00     1.000E+00
4.00E-03     0.000E+00     1.000E+00
5.00E-03     0.000E+00     1.000E+00
6.00E-03     0.000E+00     1.000E+00
7.00E-03     0.000E+00     1.000E+00
8.00E-03     0.000E+00     1.000E+00
9.00E-03     0.000E+00     1.000E+00
1.00E-02     1.872E-48     1.473E+00
1.10E-02     1.182E-46     1.470E+00
1.20E-02     4.565E-45     1.470E+00
1.30E-02     1.221E-43     1.470E+00
1.40E-02     2.344E-42     1.471E+00
1.50E-02     3.449E-41     1.475E+00
1.60E-02     4.034E-40     1.470E+00
1.80E-02     3.107E-38     1.474E+00
2.00E-02     1.316E-36     1.466E+00
2.50E-02     2.381E-33     1.473E+00
3.00E-02     7.269E-31     1.468E+00
4.00E-02     3.011E-27     1.474E+00
5.00E-02     1.115E-24     1.473E+00
6.00E-02     1.447E-22     1.316E+00
7.00E-02     1.951E-19     1.153E+00
8.00E-02     1.014E-16     1.155E+00
9.00E-02     1.306E-14     1.155E+00
1.00E-01     6.261E-13     1.154E+00
1.10E-01     1.465E-11     1.154E+00
1.20E-01     2.005E-10     1.154E+00
1.30E-01     1.816E-09     1.153E+00
1.40E-01     1.191E-08     1.153E+00
1.50E-01     6.034E-08     1.153E+00
1.60E-01     2.481E-07     1.153E+00
1.80E-01     2.579E-06     1.153E+00
2.00E-01     1.650E-05     1.153E+00
2.50E-01     4.432E-04     1.153E+00
3.00E-01     3.779E-03     1.153E+00
3.50E-01     1.685E-02     1.152E+00
4.00E-01     5.034E-02     1.152E+00
4.50E-01     1.155E-01     1.152E+00
5.00E-01     2.208E-01     1.152E+00
6.00E-01     5.647E-01     1.152E+00
7.00E-01     1.082E+00     1.149E+00
8.00E-01     1.781E+00     1.141E+00
9.00E-01     2.743E+00     1.127E+00
1.00E+00     4.145E+00     1.109E+00
1.25E+00     1.122E+01     1.078E+00
1.50E+00     2.624E+01     1.074E+00
1.75E+00     5.057E+01     1.077E+00
2.00E+00     8.314E+01     1.079E+00
2.50E+00     1.631E+02     1.081E+00
3.00E+00     2.471E+02     1.081E+00
3.50E+00     3.237E+02     1.080E+00
4.00E+00     3.894E+02     1.079E+00
5.00E+00     4.888E+02     1.076E+00
6.00E+00     5.536E+02     1.073E+00
7.00E+00     5.704E+02     1.071E+00
8.00E+00     5.592E+02     1.070E+00
9.00E+00     4.595E+02     1.070E+00
1.00E+01     3.254E+02     1.070E+00
