4        p ar34  k35                       mc10      8.45000E-02      
1.00E-03     0.000E+00     1.000E+00
2.00E-03     0.000E+00     1.000E+00
3.00E-03     0.000E+00     1.000E+00
4.00E-03     0.000E+00     1.000E+00
5.00E-03     0.000E+00     1.000E+00
6.00E-03     0.000E+00     1.000E+00
7.00E-03     0.000E+00     1.000E+00
8.00E-03     0.000E+00     1.000E+00
9.00E-03     0.000E+00     1.000E+00
1.00E-02     1.809E-49     1.611E+00
1.10E-02     1.145E-47     1.612E+00
1.20E-02     4.563E-46     1.600E+00
1.30E-02     1.190E-44     1.598E+00
1.40E-02     2.300E-43     1.610E+00
1.50E-02     3.392E-42     1.596E+00
1.60E-02     3.947E-41     1.597E+00
1.80E-02     3.037E-39     1.607E+00
2.00E-02     1.294E-37     1.602E+00
2.50E-02     2.313E-34     1.612E+00
3.00E-02     7.125E-32     1.614E+00
4.00E-02     2.970E-28     1.611E+00
5.00E-02     1.099E-25     1.614E+00
6.00E-02     1.000E-23     1.599E+00
7.00E-02     3.727E-22     1.599E+00
8.00E-02     7.213E-21     1.593E+00
9.00E-02     8.934E-20     1.595E+00
1.00E-01     7.592E-19     1.603E+00
1.10E-01     5.066E-18     1.602E+00
1.20E-01     2.698E-17     1.610E+00
1.30E-01     1.199E-16     1.596E+00
1.40E-01     4.665E-16     1.607E+00
1.50E-01     1.555E-15     1.611E+00
1.60E-01     4.790E-15     1.605E+00
1.80E-01     3.479E-14     1.605E+00
2.00E-01     1.908E-13     1.605E+00
2.50E-01     5.730E-12     1.602E+00
3.00E-01     7.614E-11     1.599E+00
3.50E-01     5.911E-10     1.609E+00
4.00E-01     3.252E-09     1.602E+00
4.50E-01     1.360E-08     1.600E+00
5.00E-01     4.743E-08     1.591E+00
6.00E-01     3.580E-07     1.608E+00
7.00E-01     1.806E-06     1.610E+00
8.00E-01     6.929E-06     1.601E+00
9.00E-01     2.134E-05     1.590E+00
1.00E+00     5.601E-05     1.579E+00
1.25E+00     4.104E-04     1.556E+00
1.50E+00     1.854E-03     1.522E+00
1.75E+00     6.190E-03     1.518E+00
2.00E+00     1.615E-02     1.504E+00
2.50E+00     7.049E-02     1.515E+00
3.00E+00     2.128E-01     1.521E+00
3.50E+00     5.089E-01     1.553E+00
4.00E+00     1.052E+00     1.565E+00
5.00E+00     3.336E+00     1.595E+00
6.00E+00     8.105E+00     1.591E+00
7.00E+00     1.669E+01     1.600E+00
8.00E+00     3.043E+01     1.608E+00
9.00E+00     4.983E+01     1.593E+00
1.00E+01     7.829E+01     1.598E+00
