4      he4 as66 br70                       taly      1.82600E+00      
1.00E-03     0.000E+00     1.000E+00
2.00E-03     0.000E+00     1.000E+00
3.00E-03     0.000E+00     1.000E+00
4.00E-03     0.000E+00     1.000E+00
5.00E-03     0.000E+00     1.000E+00
6.00E-03     0.000E+00     1.000E+00
7.00E-03     0.000E+00     1.000E+00
8.00E-03     0.000E+00     1.000E+00
9.00E-03     0.000E+00     1.000E+00
1.00E-02     0.000E+00     1.000E+00
1.10E-02     0.000E+00     1.000E+00
1.20E-02     0.000E+00     1.000E+00
1.30E-02     0.000E+00     1.000E+00
1.40E-02     0.000E+00     1.000E+00
1.50E-02     0.000E+00     1.000E+00
1.60E-02     0.000E+00     1.000E+00
1.80E-02     0.000E+00     1.000E+00
2.00E-02     0.000E+00     1.000E+00
2.50E-02     0.000E+00     1.000E+00
3.00E-02     0.000E+00     1.000E+00
4.00E-02     0.000E+00     1.000E+00
5.00E-02     0.000E+00     1.000E+00
6.00E-02     0.000E+00     1.000E+00
7.00E-02     0.000E+00     1.000E+00
8.00E-02     0.000E+00     1.000E+00
9.00E-02     0.000E+00     1.000E+00
1.00E-01     0.000E+00     1.000E+00
1.10E-01     0.000E+00     1.000E+00
1.20E-01     0.000E+00     1.000E+00
1.30E-01     0.000E+00     1.000E+00
1.40E-01     0.000E+00     1.000E+00
1.50E-01     0.000E+00     1.000E+00
1.60E-01     0.000E+00     1.000E+00
1.80E-01     0.000E+00     1.000E+00
2.00E-01     0.000E+00     1.000E+00
2.50E-01     0.000E+00     1.000E+00
3.00E-01     6.451E-43     1.000E+01
3.50E-01     2.375E-39     1.000E+01
4.00E-01     8.742E-36     1.000E+01
4.50E-01     1.285E-33     1.000E+01
5.00E-01     1.888E-31     1.000E+01
6.00E-01     1.760E-28     1.000E+01
7.00E-01     2.860E-26     1.000E+01
8.00E-01     1.608E-24     1.000E+01
9.00E-01     4.529E-23     1.000E+01
1.00E+00     7.927E-22     1.000E+01
1.25E+00     1.441E-19     1.000E+01
1.50E+00     2.619E-17     1.000E+01
1.75E+00     8.867E-16     1.000E+01
2.00E+00     3.002E-14     1.000E+01
2.50E+00     6.294E-12     1.000E+01
3.00E+00     4.246E-10     1.000E+01
3.50E+00     1.229E-08     1.000E+01
4.00E+00     1.883E-07     1.000E+01
5.00E+00     1.163E-05     1.000E+01
6.00E+00     2.201E-04     1.000E+01
7.00E+00     1.794E-03     1.000E+01
8.00E+00     5.678E-03     1.000E+01
9.00E+00     7.279E-03     1.000E+01
1.00E+01     6.594E-03     1.000E+01
