4        p as66 se67                       taly      1.84400E+00      
1.00E-03     0.000E+00     1.000E+00
2.00E-03     0.000E+00     1.000E+00
3.00E-03     0.000E+00     1.000E+00
4.00E-03     0.000E+00     1.000E+00
5.00E-03     0.000E+00     1.000E+00
6.00E-03     0.000E+00     1.000E+00
7.00E-03     0.000E+00     1.000E+00
8.00E-03     0.000E+00     1.000E+00
9.00E-03     0.000E+00     1.000E+00
1.00E-02     0.000E+00     1.000E+00
1.10E-02     4.091E-98     1.000E+01
1.20E-02     1.674E-96     1.000E+01
1.30E-02     6.847E-95     1.000E+01
1.40E-02     2.801E-93     1.000E+01
1.50E-02     1.146E-91     1.000E+01
1.60E-02     4.688E-90     1.000E+01
1.80E-02     7.847E-87     1.000E+01
2.00E-02     1.313E-83     1.000E+01
2.50E-02     1.505E-75     1.000E+01
3.00E-02     1.725E-67     1.000E+01
4.00E-02     2.265E-51     1.000E+01
5.00E-02     2.975E-35     1.000E+01
6.00E-02     5.668E-33     1.000E+01
7.00E-02     1.080E-30     1.000E+01
8.00E-02     2.057E-28     1.000E+01
9.00E-02     3.920E-26     1.000E+01
1.00E-01     7.469E-24     1.000E+01
1.10E-01     7.590E-23     1.000E+01
1.20E-01     7.713E-22     1.000E+01
1.30E-01     7.838E-21     1.000E+01
1.40E-01     7.965E-20     1.000E+01
1.50E-01     8.094E-19     1.000E+01
1.60E-01     3.488E-18     1.000E+01
1.80E-01     6.479E-17     1.000E+01
2.00E-01     1.203E-15     1.000E+01
2.50E-01     2.154E-13     1.000E+01
3.00E-01     1.120E-11     1.000E+01
3.50E-01     1.975E-10     1.000E+01
4.00E-01     3.482E-09     1.000E+01
4.50E-01     2.624E-08     1.000E+01
5.00E-01     1.977E-07     1.000E+01
6.00E-01     4.044E-06     1.000E+01
7.00E-01     4.219E-05     1.000E+01
8.00E-01     2.761E-04     1.000E+01
9.00E-01     1.292E-03     1.000E+01
1.00E+00     4.708E-03     1.000E+01
1.25E+00     3.954E-02     1.000E+01
1.50E+00     3.321E-01     1.000E+01
1.75E+00     1.090E+00     1.000E+01
2.00E+00     3.580E+00     1.000E+01
2.50E+00     1.624E+01     1.000E+01
3.00E+00     4.601E+01     1.000E+01
3.50E+00     9.887E+01     1.000E+01
4.00E+00     1.793E+02     1.000E+01
5.00E+00     4.407E+02     1.000E+01
6.00E+00     8.694E+02     1.000E+01
7.00E+00     1.391E+03     1.000E+01
8.00E+00     1.330E+03     1.000E+01
9.00E+00     6.960E+02     1.000E+01
1.00E+01     3.186E+02     1.000E+01
