5        n as65  he4 ga62                  taly      1.06950E+01      
1.00E-03     2.930E+06     1.000E+01
2.00E-03     2.950E+06     1.000E+01
3.00E-03     2.970E+06     1.000E+01
4.00E-03     2.990E+06     1.000E+01
5.00E-03     3.010E+06     1.000E+01
6.00E-03     2.990E+06     1.000E+01
7.00E-03     2.971E+06     1.000E+01
8.00E-03     2.952E+06     1.000E+01
9.00E-03     2.932E+06     1.000E+01
1.00E-02     2.913E+06     1.000E+01
1.10E-02     2.912E+06     1.000E+01
1.20E-02     2.910E+06     1.000E+01
1.30E-02     2.909E+06     1.000E+01
1.40E-02     2.907E+06     1.000E+01
1.50E-02     2.906E+06     1.000E+01
1.60E-02     2.904E+06     1.000E+01
1.80E-02     2.902E+06     1.000E+01
2.00E-02     2.899E+06     1.000E+01
2.50E-02     2.891E+06     1.000E+01
3.00E-02     2.884E+06     1.000E+01
4.00E-02     2.869E+06     1.000E+01
5.00E-02     2.855E+06     1.000E+01
6.00E-02     2.857E+06     1.000E+01
7.00E-02     2.859E+06     1.000E+01
8.00E-02     2.860E+06     1.000E+01
9.00E-02     2.862E+06     1.000E+01
1.00E-01     2.864E+06     1.000E+01
1.10E-01     2.870E+06     1.000E+01
1.20E-01     2.877E+06     1.000E+01
1.30E-01     2.883E+06     1.000E+01
1.40E-01     2.889E+06     1.000E+01
1.50E-01     2.896E+06     1.000E+01
1.60E-01     2.905E+06     1.000E+01
1.80E-01     2.925E+06     1.000E+01
2.00E-01     2.944E+06     1.000E+01
2.50E-01     3.000E+06     1.000E+01
3.00E-01     3.057E+06     1.000E+01
3.50E-01     3.112E+06     1.000E+01
4.00E-01     3.168E+06     1.000E+01
4.50E-01     3.222E+06     1.000E+01
5.00E-01     3.277E+06     1.000E+01
6.00E-01     3.388E+06     1.000E+01
7.00E-01     3.503E+06     1.000E+01
8.00E-01     3.623E+06     1.000E+01
9.00E-01     3.749E+06     1.000E+01
1.00E+00     3.880E+06     1.000E+01
1.25E+00     4.228E+06     1.000E+01
1.50E+00     4.606E+06     1.000E+01
1.75E+00     5.005E+06     1.000E+01
2.00E+00     5.438E+06     1.000E+01
2.50E+00     6.361E+06     1.000E+01
3.00E+00     7.348E+06     1.000E+01
3.50E+00     8.209E+06     1.000E+01
4.00E+00     8.209E+06     1.000E+01
5.00E+00     4.306E+06     1.000E+01
6.00E+00     1.746E+06     1.000E+01
7.00E+00     9.089E+05     1.000E+01
8.00E+00     5.672E+05     1.000E+01
9.00E+00     3.859E+05     1.000E+01
1.00E+01     2.724E+05     1.000E+01
