5        n as66  he4 ga63                  taly      1.01680E+01      
1.00E-03     4.053E+07     1.000E+01
2.00E-03     4.079E+07     1.000E+01
3.00E-03     4.106E+07     1.000E+01
4.00E-03     4.133E+07     1.000E+01
5.00E-03     4.160E+07     1.000E+01
6.00E-03     4.133E+07     1.000E+01
7.00E-03     4.105E+07     1.000E+01
8.00E-03     4.078E+07     1.000E+01
9.00E-03     4.051E+07     1.000E+01
1.00E-02     4.024E+07     1.000E+01
1.10E-02     4.022E+07     1.000E+01
1.20E-02     4.020E+07     1.000E+01
1.30E-02     4.017E+07     1.000E+01
1.40E-02     4.015E+07     1.000E+01
1.50E-02     4.013E+07     1.000E+01
1.60E-02     4.010E+07     1.000E+01
1.80E-02     4.005E+07     1.000E+01
2.00E-02     4.001E+07     1.000E+01
2.50E-02     3.989E+07     1.000E+01
3.00E-02     3.977E+07     1.000E+01
4.00E-02     3.953E+07     1.000E+01
5.00E-02     3.930E+07     1.000E+01
6.00E-02     3.930E+07     1.000E+01
7.00E-02     3.930E+07     1.000E+01
8.00E-02     3.929E+07     1.000E+01
9.00E-02     3.929E+07     1.000E+01
1.00E-01     3.929E+07     1.000E+01
1.10E-01     3.935E+07     1.000E+01
1.20E-01     3.940E+07     1.000E+01
1.30E-01     3.946E+07     1.000E+01
1.40E-01     3.952E+07     1.000E+01
1.50E-01     3.957E+07     1.000E+01
1.60E-01     3.967E+07     1.000E+01
1.80E-01     3.988E+07     1.000E+01
2.00E-01     4.008E+07     1.000E+01
2.50E-01     4.068E+07     1.000E+01
3.00E-01     4.128E+07     1.000E+01
3.50E-01     4.183E+07     1.000E+01
4.00E-01     4.240E+07     1.000E+01
4.50E-01     4.291E+07     1.000E+01
5.00E-01     4.342E+07     1.000E+01
6.00E-01     4.441E+07     1.000E+01
7.00E-01     4.538E+07     1.000E+01
8.00E-01     4.635E+07     1.000E+01
9.00E-01     4.732E+07     1.000E+01
1.00E+00     4.827E+07     1.000E+01
1.25E+00     5.043E+07     1.000E+01
1.50E+00     5.268E+07     1.000E+01
1.75E+00     5.415E+07     1.000E+01
2.00E+00     5.565E+07     1.000E+01
2.50E+00     5.628E+07     1.000E+01
3.00E+00     5.475E+07     1.000E+01
3.50E+00     5.206E+07     1.000E+01
4.00E+00     4.918E+07     1.000E+01
5.00E+00     4.463E+07     1.000E+01
6.00E+00     4.204E+07     1.000E+01
7.00E+00     3.789E+07     1.000E+01
8.00E+00     2.314E+07     1.000E+01
9.00E+00     8.672E+06     1.000E+01
1.00E+01     3.231E+06     1.000E+01
