4        n as67 as68                       taly      1.03790E+01      
1.00E-03     1.790E+05     1.000E+01
2.00E-03     1.802E+05     1.000E+01
3.00E-03     1.814E+05     1.000E+01
4.00E-03     1.826E+05     1.000E+01
5.00E-03     1.838E+05     1.000E+01
6.00E-03     1.826E+05     1.000E+01
7.00E-03     1.814E+05     1.000E+01
8.00E-03     1.802E+05     1.000E+01
9.00E-03     1.790E+05     1.000E+01
1.00E-02     1.778E+05     1.000E+01
1.10E-02     1.777E+05     1.000E+01
1.20E-02     1.776E+05     1.000E+01
1.30E-02     1.775E+05     1.000E+01
1.40E-02     1.774E+05     1.000E+01
1.50E-02     1.773E+05     1.000E+01
1.60E-02     1.772E+05     1.000E+01
1.80E-02     1.769E+05     1.000E+01
2.00E-02     1.767E+05     1.000E+01
2.50E-02     1.762E+05     1.000E+01
3.00E-02     1.756E+05     1.000E+01
4.00E-02     1.745E+05     1.000E+01
5.00E-02     1.734E+05     1.000E+01
6.00E-02     1.733E+05     1.000E+01
7.00E-02     1.732E+05     1.000E+01
8.00E-02     1.731E+05     1.000E+01
9.00E-02     1.730E+05     1.000E+01
1.00E-01     1.729E+05     1.000E+01
1.10E-01     1.731E+05     1.000E+01
1.20E-01     1.732E+05     1.000E+01
1.30E-01     1.734E+05     1.000E+01
1.40E-01     1.735E+05     1.000E+01
1.50E-01     1.737E+05     1.000E+01
1.60E-01     1.740E+05     1.000E+01
1.80E-01     1.747E+05     1.000E+01
2.00E-01     1.754E+05     1.000E+01
2.50E-01     1.775E+05     1.000E+01
3.00E-01     1.795E+05     1.000E+01
3.50E-01     1.813E+05     1.000E+01
4.00E-01     1.831E+05     1.000E+01
4.50E-01     1.846E+05     1.000E+01
5.00E-01     1.861E+05     1.000E+01
6.00E-01     1.891E+05     1.000E+01
7.00E-01     1.920E+05     1.000E+01
8.00E-01     1.950E+05     1.000E+01
9.00E-01     1.981E+05     1.000E+01
1.00E+00     2.011E+05     1.000E+01
1.25E+00     2.084E+05     1.000E+01
1.50E+00     2.157E+05     1.000E+01
1.75E+00     2.221E+05     1.000E+01
2.00E+00     2.285E+05     1.000E+01
2.50E+00     2.389E+05     1.000E+01
3.00E+00     2.470E+05     1.000E+01
3.50E+00     2.531E+05     1.000E+01
4.00E+00     2.576E+05     1.000E+01
5.00E+00     2.633E+05     1.000E+01
6.00E+00     2.639E+05     1.000E+01
7.00E+00     2.419E+05     1.000E+01
8.00E+00     1.616E+05     1.000E+01
9.00E+00     7.185E+04     1.000E+01
1.00E+01     2.863E+04     1.000E+01
