5      he4 ge62    p as65                  taly      1.74000E-01      
1.00E-03     0.000E+00     1.000E+00
2.00E-03     0.000E+00     1.000E+00
3.00E-03     0.000E+00     1.000E+00
4.00E-03     0.000E+00     1.000E+00
5.00E-03     0.000E+00     1.000E+00
6.00E-03     0.000E+00     1.000E+00
7.00E-03     0.000E+00     1.000E+00
8.00E-03     0.000E+00     1.000E+00
9.00E-03     0.000E+00     1.000E+00
1.00E-02     0.000E+00     1.000E+00
1.10E-02     0.000E+00     1.000E+00
1.20E-02     0.000E+00     1.000E+00
1.30E-02     0.000E+00     1.000E+00
1.40E-02     0.000E+00     1.000E+00
1.50E-02     0.000E+00     1.000E+00
1.60E-02     0.000E+00     1.000E+00
1.80E-02     0.000E+00     1.000E+00
2.00E-02     0.000E+00     1.000E+00
2.50E-02     0.000E+00     1.000E+00
3.00E-02     0.000E+00     1.000E+00
4.00E-02     0.000E+00     1.000E+00
5.00E-02     0.000E+00     1.000E+00
6.00E-02     0.000E+00     1.000E+00
7.00E-02     0.000E+00     1.000E+00
8.00E-02     0.000E+00     1.000E+00
9.00E-02     0.000E+00     1.000E+00
1.00E-01     0.000E+00     1.000E+00
1.10E-01     0.000E+00     1.000E+00
1.20E-01     0.000E+00     1.000E+00
1.30E-01     0.000E+00     1.000E+00
1.40E-01     0.000E+00     1.000E+00
1.50E-01     0.000E+00     1.000E+00
1.60E-01     0.000E+00     1.000E+00
1.80E-01     0.000E+00     1.000E+00
2.00E-01     0.000E+00     1.000E+00
2.50E-01     4.909E-47     1.000E+01
3.00E-01     1.239E-41     1.000E+01
3.50E-01     3.630E-38     1.000E+01
4.00E-01     1.064E-34     1.000E+01
4.50E-01     2.011E-32     1.000E+01
5.00E-01     3.801E-30     1.000E+01
6.00E-01     9.459E-27     1.000E+01
7.00E-01     4.692E-24     1.000E+01
8.00E-01     7.736E-22     1.000E+01
9.00E-01     5.753E-20     1.000E+01
1.00E+00     2.347E-18     1.000E+01
1.25E+00     1.550E-15     1.000E+01
1.50E+00     1.024E-12     1.000E+01
1.75E+00     5.566E-11     1.000E+01
2.00E+00     3.025E-09     1.000E+01
2.50E+00     7.167E-07     1.000E+01
3.00E+00     3.597E-05     1.000E+01
3.50E+00     5.937E-04     1.000E+01
4.00E+00     4.010E-03     1.000E+01
5.00E+00     3.490E-02     1.000E+01
6.00E+00     1.254E-01     1.000E+01
7.00E+00     3.337E-01     1.000E+01
8.00E+00     7.648E-01     1.000E+01
9.00E+00     1.566E+00     1.000E+01
1.00E+01     2.884E+00     1.000E+01
