4      he4 as69 br73                       taly      2.96100E+00      
1.00E-03     0.000E+00     1.000E+00
2.00E-03     0.000E+00     1.000E+00
3.00E-03     0.000E+00     1.000E+00
4.00E-03     0.000E+00     1.000E+00
5.00E-03     0.000E+00     1.000E+00
6.00E-03     0.000E+00     1.000E+00
7.00E-03     0.000E+00     1.000E+00
8.00E-03     0.000E+00     1.000E+00
9.00E-03     0.000E+00     1.000E+00
1.00E-02     0.000E+00     1.000E+00
1.10E-02     0.000E+00     1.000E+00
1.20E-02     0.000E+00     1.000E+00
1.30E-02     0.000E+00     1.000E+00
1.40E-02     0.000E+00     1.000E+00
1.50E-02     0.000E+00     1.000E+00
1.60E-02     0.000E+00     1.000E+00
1.80E-02     0.000E+00     1.000E+00
2.00E-02     0.000E+00     1.000E+00
2.50E-02     0.000E+00     1.000E+00
3.00E-02     0.000E+00     1.000E+00
4.00E-02     0.000E+00     1.000E+00
5.00E-02     0.000E+00     1.000E+00
6.00E-02     0.000E+00     1.000E+00
7.00E-02     0.000E+00     1.000E+00
8.00E-02     0.000E+00     1.000E+00
9.00E-02     0.000E+00     1.000E+00
1.00E-01     0.000E+00     1.000E+00
1.10E-01     0.000E+00     1.000E+00
1.20E-01     0.000E+00     1.000E+00
1.30E-01     0.000E+00     1.000E+00
1.40E-01     0.000E+00     1.000E+00
1.50E-01     0.000E+00     1.000E+00
1.60E-01     0.000E+00     1.000E+00
1.80E-01     0.000E+00     1.000E+00
2.00E-01     0.000E+00     1.000E+00
2.50E-01     8.827E-48     1.000E+01
3.00E-01     2.270E-42     1.000E+01
3.50E-01     6.723E-39     1.000E+01
4.00E-01     1.991E-35     1.000E+01
4.50E-01     3.805E-33     1.000E+01
5.00E-01     7.270E-31     1.000E+01
6.00E-01     1.838E-27     1.000E+01
7.00E-01     9.026E-25     1.000E+01
8.00E-01     1.426E-22     1.000E+01
9.00E-01     9.831E-21     1.000E+01
1.00E+00     3.625E-19     1.000E+01
1.25E+00     1.759E-16     1.000E+01
1.50E+00     8.540E-14     1.000E+01
1.75E+00     3.440E-12     1.000E+01
2.00E+00     1.386E-10     1.000E+01
2.50E+00     2.032E-08     1.000E+01
3.00E+00     7.740E-07     1.000E+01
3.50E+00     1.266E-05     1.000E+01
4.00E+00     1.136E-04     1.000E+01
5.00E+00     2.594E-03     1.000E+01
6.00E+00     2.135E-02     1.000E+01
7.00E+00     1.008E-01     1.000E+01
8.00E+00     3.366E-01     1.000E+01
9.00E+00     8.796E-01     1.000E+01
1.00E+01     1.903E+00     1.000E+01
