4        n as64 as65                       taly      1.53560E+01      
1.00E-03     2.557E+02     1.000E+01
2.00E-03     2.573E+02     1.000E+01
3.00E-03     2.589E+02     1.000E+01
4.00E-03     2.606E+02     1.000E+01
5.00E-03     2.622E+02     1.000E+01
6.00E-03     2.604E+02     1.000E+01
7.00E-03     2.586E+02     1.000E+01
8.00E-03     2.568E+02     1.000E+01
9.00E-03     2.550E+02     1.000E+01
1.00E-02     2.532E+02     1.000E+01
1.10E-02     2.530E+02     1.000E+01
1.20E-02     2.527E+02     1.000E+01
1.30E-02     2.525E+02     1.000E+01
1.40E-02     2.522E+02     1.000E+01
1.50E-02     2.520E+02     1.000E+01
1.60E-02     2.517E+02     1.000E+01
1.80E-02     2.513E+02     1.000E+01
2.00E-02     2.508E+02     1.000E+01
2.50E-02     2.496E+02     1.000E+01
3.00E-02     2.484E+02     1.000E+01
4.00E-02     2.459E+02     1.000E+01
5.00E-02     2.435E+02     1.000E+01
6.00E-02     2.426E+02     1.000E+01
7.00E-02     2.416E+02     1.000E+01
8.00E-02     2.407E+02     1.000E+01
9.00E-02     2.397E+02     1.000E+01
1.00E-01     2.388E+02     1.000E+01
1.10E-01     2.382E+02     1.000E+01
1.20E-01     2.376E+02     1.000E+01
1.30E-01     2.370E+02     1.000E+01
1.40E-01     2.365E+02     1.000E+01
1.50E-01     2.359E+02     1.000E+01
1.60E-01     2.355E+02     1.000E+01
1.80E-01     2.349E+02     1.000E+01
2.00E-01     2.342E+02     1.000E+01
2.50E-01     2.333E+02     1.000E+01
3.00E-01     2.324E+02     1.000E+01
3.50E-01     2.315E+02     1.000E+01
4.00E-01     2.305E+02     1.000E+01
4.50E-01     2.283E+02     1.000E+01
5.00E-01     2.261E+02     1.000E+01
6.00E-01     2.128E+02     1.000E+01
7.00E-01     1.822E+02     1.000E+01
8.00E-01     1.384E+02     1.000E+01
9.00E-01     9.693E+01     1.000E+01
1.00E+00     6.770E+01     1.000E+01
1.25E+00     5.383E+01     1.000E+01
1.50E+00     3.996E+01     1.000E+01
1.75E+00     4.987E+01     1.000E+01
2.00E+00     5.977E+01     1.000E+01
2.50E+00     7.983E+01     1.000E+01
3.00E+00     9.453E+01     1.000E+01
3.50E+00     1.041E+02     1.000E+01
4.00E+00     1.096E+02     1.000E+01
5.00E+00     1.124E+02     1.000E+01
6.00E+00     1.088E+02     1.000E+01
7.00E+00     1.014E+02     1.000E+01
8.00E+00     9.173E+01     1.000E+01
9.00E+00     8.067E+01     1.000E+01
1.00E+01     6.889E+01     1.000E+01
