4      he4 as65 br69                       taly      1.60300E+00      
1.00E-03     0.000E+00     1.000E+00
2.00E-03     0.000E+00     1.000E+00
3.00E-03     0.000E+00     1.000E+00
4.00E-03     0.000E+00     1.000E+00
5.00E-03     0.000E+00     1.000E+00
6.00E-03     0.000E+00     1.000E+00
7.00E-03     0.000E+00     1.000E+00
8.00E-03     0.000E+00     1.000E+00
9.00E-03     0.000E+00     1.000E+00
1.00E-02     0.000E+00     1.000E+00
1.10E-02     0.000E+00     1.000E+00
1.20E-02     0.000E+00     1.000E+00
1.30E-02     0.000E+00     1.000E+00
1.40E-02     0.000E+00     1.000E+00
1.50E-02     0.000E+00     1.000E+00
1.60E-02     0.000E+00     1.000E+00
1.80E-02     0.000E+00     1.000E+00
2.00E-02     0.000E+00     1.000E+00
2.50E-02     0.000E+00     1.000E+00
3.00E-02     0.000E+00     1.000E+00
4.00E-02     0.000E+00     1.000E+00
5.00E-02     0.000E+00     1.000E+00
6.00E-02     0.000E+00     1.000E+00
7.00E-02     0.000E+00     1.000E+00
8.00E-02     0.000E+00     1.000E+00
9.00E-02     0.000E+00     1.000E+00
1.00E-01     0.000E+00     1.000E+00
1.10E-01     0.000E+00     1.000E+00
1.20E-01     0.000E+00     1.000E+00
1.30E-01     0.000E+00     1.000E+00
1.40E-01     0.000E+00     1.000E+00
1.50E-01     0.000E+00     1.000E+00
1.60E-01     0.000E+00     1.000E+00
1.80E-01     0.000E+00     1.000E+00
2.00E-01     0.000E+00     1.000E+00
2.50E-01     3.052E-51     1.000E+01
3.00E-01     7.630E-46     1.000E+01
3.50E-01     1.759E-42     1.000E+01
4.00E-01     4.054E-39     1.000E+01
4.50E-01     4.373E-37     1.000E+01
5.00E-01     4.717E-35     1.000E+01
6.00E-01     3.366E-32     1.000E+01
7.00E-01     6.855E-30     1.000E+01
8.00E-01     6.799E-28     1.000E+01
9.00E-01     3.655E-26     1.000E+01
1.00E+00     1.169E-24     1.000E+01
1.25E+00     5.571E-22     1.000E+01
1.50E+00     2.655E-19     1.000E+01
1.75E+00     1.330E-17     1.000E+01
2.00E+00     6.661E-16     1.000E+01
2.50E+00     1.806E-13     1.000E+01
3.00E+00     1.254E-11     1.000E+01
3.50E+00     3.370E-10     1.000E+01
4.00E+00     4.225E-09     1.000E+01
5.00E+00     9.359E-08     1.000E+01
6.00E+00     5.612E-07     1.000E+01
7.00E+00     2.535E-06     1.000E+01
8.00E+00     9.605E-06     1.000E+01
9.00E+00     2.948E-05     1.000E+01
1.00E+01     7.363E-05     1.000E+01
