5      he4   b8    p  c11                  taly      7.40800E+00      
1.00E-03     0.000E+00     1.000E+00
2.00E-03     0.000E+00     1.000E+00
3.00E-03     0.000E+00     1.000E+00
4.00E-03     0.000E+00     1.000E+00
5.00E-03     0.000E+00     1.000E+00
6.00E-03     3.153E-88     1.000E+01
7.00E-03     9.941E-77     1.000E+01
8.00E-03     3.134E-65     1.000E+01
9.00E-03     9.881E-54     1.000E+01
1.00E-02     3.115E-42     1.000E+01
1.10E-02     1.339E-41     1.000E+01
1.20E-02     5.756E-41     1.000E+01
1.30E-02     2.474E-40     1.000E+01
1.40E-02     1.063E-39     1.000E+01
1.50E-02     4.571E-39     1.000E+01
1.60E-02     1.965E-38     1.000E+01
1.80E-02     3.630E-37     1.000E+01
2.00E-02     6.706E-36     1.000E+01
2.50E-02     9.838E-33     1.000E+01
3.00E-02     1.443E-29     1.000E+01
4.00E-02     3.107E-23     1.000E+01
5.00E-02     6.687E-17     1.000E+01
6.00E-02     1.298E-15     1.000E+01
7.00E-02     2.521E-14     1.000E+01
8.00E-02     4.895E-13     1.000E+01
9.00E-02     9.504E-12     1.000E+01
1.00E-01     1.845E-10     1.000E+01
1.10E-01     7.722E-10     1.000E+01
1.20E-01     3.231E-09     1.000E+01
1.30E-01     1.352E-08     1.000E+01
1.40E-01     5.658E-08     1.000E+01
1.50E-01     2.367E-07     1.000E+01
1.60E-01     5.816E-07     1.000E+01
1.80E-01     3.511E-06     1.000E+01
2.00E-01     2.119E-05     1.000E+01
2.50E-01     5.118E-04     1.000E+01
3.00E-01     5.754E-03     1.000E+01
3.50E-01     3.325E-02     1.000E+01
4.00E-01     1.922E-01     1.000E+01
4.50E-01     6.633E-01     1.000E+01
5.00E-01     2.289E+00     1.000E+01
6.00E-01     1.495E+01     1.000E+01
7.00E-01     6.632E+01     1.000E+01
8.00E-01     2.251E+02     1.000E+01
9.00E-01     6.284E+02     1.000E+01
1.00E+00     1.513E+03     1.000E+01
1.25E+00     6.907E+03     1.000E+01
1.50E+00     3.153E+04     1.000E+01
1.75E+00     7.883E+04     1.000E+01
2.00E+00     1.971E+05     1.000E+01
2.50E+00     6.830E+05     1.000E+01
3.00E+00     1.687E+06     1.000E+01
3.50E+00     3.360E+06     1.000E+01
4.00E+00     5.790E+06     1.000E+01
5.00E+00     1.297E+07     1.000E+01
6.00E+00     2.292E+07     1.000E+01
7.00E+00     3.501E+07     1.000E+01
8.00E+00     4.854E+07     1.000E+01
9.00E+00     6.286E+07     1.000E+01
1.00E+01     7.746E+07     1.000E+01
