4        p   b8   c9                       be01      1.30110E+00      
1.00E-03     0.000E+00     1.000E+00
2.00E-03     0.000E+00     1.000E+00
3.00E-03     0.000E+00     1.000E+00
4.00E-03     0.000E+00     1.000E+00
5.00E-03     0.000E+00     1.000E+00
6.00E-03     0.000E+00     1.000E+00
7.00E-03     0.000E+00     1.000E+00
8.00E-03     0.000E+00     1.000E+00
9.00E-03     0.000E+00     1.000E+00
1.00E-02     1.017E-17     1.000E+01
1.10E-02     5.423E-17     1.000E+01
1.20E-02     2.383E-16     1.000E+01
1.30E-02     8.949E-16     1.000E+01
1.40E-02     2.949E-15     1.000E+01
1.50E-02     8.713E-15     1.000E+01
1.60E-02     2.345E-14     1.000E+01
1.80E-02     1.350E-13     1.000E+01
2.00E-02     6.087E-13     1.000E+01
2.50E-02     1.238E-11     1.000E+01
3.00E-02     1.225E-10     1.000E+01
4.00E-02     3.425E-09     1.000E+01
5.00E-02     3.626E-08     1.000E+01
6.00E-02     2.180E-07     1.000E+01
7.00E-02     9.091E-07     1.000E+01
8.00E-02     2.943E-06     1.000E+01
9.00E-02     7.922E-06     1.000E+01
1.00E-01     1.855E-05     1.000E+01
1.10E-01     3.897E-05     1.000E+01
1.20E-01     7.505E-05     1.000E+01
1.30E-01     1.347E-04     1.000E+01
1.40E-01     2.280E-04     1.000E+01
1.50E-01     3.675E-04     1.000E+01
1.60E-01     5.683E-04     1.000E+01
1.80E-01     1.226E-03     1.000E+01
2.00E-01     2.372E-03     1.000E+01
2.50E-01     8.838E-03     1.000E+01
3.00E-01     2.392E-02     1.000E+01
3.50E-01     5.268E-02     1.000E+01
4.00E-01     1.006E-01     1.000E+01
4.50E-01     1.733E-01     1.000E+01
5.00E-01     2.762E-01     1.000E+01
6.00E-01     5.913E-01     1.000E+01
7.00E-01     1.079E+00     1.000E+01
8.00E-01     1.765E+00     1.000E+01
9.00E-01     2.663E+00     1.000E+01
1.00E+00     3.785E+00     1.000E+01
1.25E+00     7.575E+00     1.000E+01
1.50E+00     1.272E+01     1.000E+01
1.75E+00     1.910E+01     1.000E+01
2.00E+00     2.656E+01     1.000E+01
2.50E+00     4.410E+01     1.000E+01
3.00E+00     6.433E+01     1.000E+01
3.50E+00     8.660E+01     1.000E+01
4.00E+00     1.106E+02     1.000E+01
5.00E+00     1.631E+02     1.000E+01
6.00E+00     2.221E+02     1.000E+01
7.00E+00     2.887E+02     1.000E+01
8.00E+00     3.640E+02     1.000E+01
9.00E+00     4.477E+02     1.000E+01
1.00E+01     5.376E+02     1.000E+01
