5        n  be7    p  li7                  de04      1.64424E+00      
1.00E-03     4.810E+09     1.005E+00
2.00E-03     4.689E+09     1.005E+00
3.00E-03     4.600E+09     1.005E+00
4.00E-03     4.528E+09     1.005E+00
5.00E-03     4.465E+09     1.005E+00
6.00E-03     4.410E+09     1.005E+00
7.00E-03     4.360E+09     1.005E+00
8.00E-03     4.315E+09     1.005E+00
9.00E-03     4.273E+09     1.005E+00
1.00E-02     4.234E+09     1.005E+00
1.10E-02     4.197E+09     1.005E+00
1.20E-02     4.163E+09     1.005E+00
1.30E-02     4.130E+09     1.005E+00
1.40E-02     4.099E+09     1.005E+00
1.50E-02     4.069E+09     1.005E+00
1.60E-02     4.042E+09     1.004E+00
1.80E-02     3.989E+09     1.005E+00
2.00E-02     3.940E+09     1.004E+00
2.50E-02     3.831E+09     1.004E+00
3.00E-02     3.737E+09     1.004E+00
4.00E-02     3.580E+09     1.004E+00
5.00E-02     3.451E+09     1.004E+00
6.00E-02     3.340E+09     1.004E+00
7.00E-02     3.244E+09     1.004E+00
8.00E-02     3.159E+09     1.003E+00
9.00E-02     3.082E+09     1.003E+00
1.00E-01     3.013E+09     1.003E+00
1.10E-01     2.949E+09     1.003E+00
1.20E-01     2.891E+09     1.003E+00
1.30E-01     2.836E+09     1.003E+00
1.40E-01     2.786E+09     1.003E+00
1.50E-01     2.739E+09     1.003E+00
1.60E-01     2.694E+09     1.003E+00
1.80E-01     2.613E+09     1.003E+00
2.00E-01     2.540E+09     1.003E+00
2.50E-01     2.385E+09     1.003E+00
3.00E-01     2.261E+09     1.003E+00
3.50E-01     2.157E+09     1.003E+00
4.00E-01     2.070E+09     1.003E+00
4.50E-01     1.996E+09     1.003E+00
5.00E-01     1.933E+09     1.003E+00
6.00E-01     1.830E+09     1.004E+00
7.00E-01     1.752E+09     1.004E+00
8.00E-01     1.692E+09     1.005E+00
9.00E-01     1.644E+09     1.006E+00
1.00E+00     1.605E+09     1.007E+00
1.25E+00     1.531E+09     1.008E+00
1.50E+00     1.474E+09     1.010E+00
1.75E+00     1.425E+09     1.010E+00
2.00E+00     1.381E+09     1.011E+00
2.50E+00     1.304E+09     1.013E+00
3.00E+00     1.235E+09     1.013E+00
3.50E+00     1.174E+09     1.014E+00
4.00E+00     1.122E+09     1.015E+00
5.00E+00     1.035E+09     1.016E+00
6.00E+00     9.687E+08     1.018E+00
7.00E+00     9.157E+08     1.021E+00
8.00E+00     8.731E+08     1.026E+00
9.00E+00     8.379E+08     1.035E+00
1.00E+01     8.066E+08     1.050E+00
