5        n br71  he4 as68                  taly      8.03900E+00      
1.00E-03     1.845E+06     1.000E+01
2.00E-03     1.860E+06     1.000E+01
3.00E-03     1.874E+06     1.000E+01
4.00E-03     1.889E+06     1.000E+01
5.00E-03     1.904E+06     1.000E+01
6.00E-03     1.893E+06     1.000E+01
7.00E-03     1.883E+06     1.000E+01
8.00E-03     1.873E+06     1.000E+01
9.00E-03     1.862E+06     1.000E+01
1.00E-02     1.852E+06     1.000E+01
1.10E-02     1.852E+06     1.000E+01
1.20E-02     1.853E+06     1.000E+01
1.30E-02     1.853E+06     1.000E+01
1.40E-02     1.854E+06     1.000E+01
1.50E-02     1.855E+06     1.000E+01
1.60E-02     1.855E+06     1.000E+01
1.80E-02     1.856E+06     1.000E+01
2.00E-02     1.857E+06     1.000E+01
2.50E-02     1.860E+06     1.000E+01
3.00E-02     1.863E+06     1.000E+01
4.00E-02     1.868E+06     1.000E+01
5.00E-02     1.873E+06     1.000E+01
6.00E-02     1.892E+06     1.000E+01
7.00E-02     1.911E+06     1.000E+01
8.00E-02     1.930E+06     1.000E+01
9.00E-02     1.950E+06     1.000E+01
1.00E-01     1.969E+06     1.000E+01
1.10E-01     1.992E+06     1.000E+01
1.20E-01     2.014E+06     1.000E+01
1.30E-01     2.037E+06     1.000E+01
1.40E-01     2.060E+06     1.000E+01
1.50E-01     2.084E+06     1.000E+01
1.60E-01     2.108E+06     1.000E+01
1.80E-01     2.158E+06     1.000E+01
2.00E-01     2.209E+06     1.000E+01
2.50E-01     2.338E+06     1.000E+01
3.00E-01     2.466E+06     1.000E+01
3.50E-01     2.587E+06     1.000E+01
4.00E-01     2.714E+06     1.000E+01
4.50E-01     2.834E+06     1.000E+01
5.00E-01     2.959E+06     1.000E+01
6.00E-01     3.211E+06     1.000E+01
7.00E-01     3.471E+06     1.000E+01
8.00E-01     3.743E+06     1.000E+01
9.00E-01     4.026E+06     1.000E+01
1.00E+00     4.322E+06     1.000E+01
1.25E+00     5.105E+06     1.000E+01
1.50E+00     6.030E+06     1.000E+01
1.75E+00     7.009E+06     1.000E+01
2.00E+00     8.147E+06     1.000E+01
2.50E+00     1.058E+07     1.000E+01
3.00E+00     1.320E+07     1.000E+01
3.50E+00     1.582E+07     1.000E+01
4.00E+00     1.818E+07     1.000E+01
5.00E+00     2.037E+07     1.000E+01
6.00E+00     1.778E+07     1.000E+01
7.00E+00     1.366E+07     1.000E+01
8.00E+00     1.069E+07     1.000E+01
9.00E+00     8.869E+06     1.000E+01
1.00E+01     7.639E+06     1.000E+01
