4        p br68 kr69                       taly      1.28300E+00      
1.00E-03     0.000E+00     1.000E+00
2.00E-03     0.000E+00     1.000E+00
3.00E-03     0.000E+00     1.000E+00
4.00E-03     0.000E+00     1.000E+00
5.00E-03     0.000E+00     1.000E+00
6.00E-03     0.000E+00     1.000E+00
7.00E-03     0.000E+00     1.000E+00
8.00E-03     0.000E+00     1.000E+00
9.00E-03     0.000E+00     1.000E+00
1.00E-02     0.000E+00     1.000E+00
1.10E-02     3.543E-98     1.000E+01
1.20E-02     1.255E-96     1.000E+01
1.30E-02     4.446E-95     1.000E+01
1.40E-02     1.575E-93     1.000E+01
1.50E-02     5.580E-92     1.000E+01
1.60E-02     1.977E-90     1.000E+01
1.80E-02     2.481E-87     1.000E+01
2.00E-02     3.114E-84     1.000E+01
2.50E-02     1.738E-76     1.000E+01
3.00E-02     9.697E-69     1.000E+01
4.00E-02     3.020E-53     1.000E+01
5.00E-02     9.403E-38     1.000E+01
6.00E-02     2.930E-35     1.000E+01
7.00E-02     9.130E-33     1.000E+01
8.00E-02     2.845E-30     1.000E+01
9.00E-02     8.864E-28     1.000E+01
1.00E-01     2.762E-25     1.000E+01
1.10E-01     3.127E-24     1.000E+01
1.20E-01     3.539E-23     1.000E+01
1.30E-01     4.006E-22     1.000E+01
1.40E-01     4.535E-21     1.000E+01
1.50E-01     5.134E-20     1.000E+01
1.60E-01     2.355E-19     1.000E+01
1.80E-01     4.955E-18     1.000E+01
2.00E-01     1.042E-16     1.000E+01
2.50E-01     2.289E-14     1.000E+01
3.00E-01     1.390E-12     1.000E+01
3.50E-01     2.766E-11     1.000E+01
4.00E-01     5.503E-10     1.000E+01
4.50E-01     4.527E-09     1.000E+01
5.00E-01     3.725E-08     1.000E+01
6.00E-01     8.332E-07     1.000E+01
7.00E-01     8.235E-06     1.000E+01
8.00E-01     4.363E-05     1.000E+01
9.00E-01     1.492E-04     1.000E+01
1.00E+00     3.838E-04     1.000E+01
1.25E+00     1.567E-03     1.000E+01
1.50E+00     6.395E-03     1.000E+01
1.75E+00     1.365E-02     1.000E+01
2.00E+00     2.913E-02     1.000E+01
2.50E+00     7.781E-02     1.000E+01
3.00E+00     1.568E-01     1.000E+01
3.50E+00     2.675E-01     1.000E+01
4.00E+00     4.107E-01     1.000E+01
5.00E+00     7.974E-01     1.000E+01
6.00E+00     1.323E+00     1.000E+01
7.00E+00     1.984E+00     1.000E+01
8.00E+00     2.755E+00     1.000E+01
9.00E+00     3.581E+00     1.000E+01
1.00E+01     4.371E+00     1.000E+01
