5        p br69  he4 se66                  taly      1.16998E-01      
1.00E-03     0.000E+00     1.000E+00
2.00E-03     0.000E+00     1.000E+00
3.00E-03     0.000E+00     1.000E+00
4.00E-03     0.000E+00     1.000E+00
5.00E-03     0.000E+00     1.000E+00
6.00E-03     0.000E+00     1.000E+00
7.00E-03     0.000E+00     1.000E+00
8.00E-03     0.000E+00     1.000E+00
9.00E-03     0.000E+00     1.000E+00
1.00E-02     0.000E+00     1.000E+00
1.10E-02     2.615E-98     1.000E+01
1.20E-02     6.837E-97     1.000E+01
1.30E-02     1.788E-95     1.000E+01
1.40E-02     4.674E-94     1.000E+01
1.50E-02     1.222E-92     1.000E+01
1.60E-02     3.195E-91     1.000E+01
1.80E-02     2.184E-88     1.000E+01
2.00E-02     1.493E-85     1.000E+01
2.50E-02     1.825E-78     1.000E+01
3.00E-02     2.230E-71     1.000E+01
4.00E-02     3.331E-57     1.000E+01
5.00E-02     4.975E-43     1.000E+01
6.00E-02     1.173E-40     1.000E+01
7.00E-02     2.765E-38     1.000E+01
8.00E-02     6.520E-36     1.000E+01
9.00E-02     1.537E-33     1.000E+01
1.00E-01     3.624E-31     1.000E+01
1.10E-01     2.170E-30     1.000E+01
1.20E-01     1.300E-29     1.000E+01
1.30E-01     7.783E-29     1.000E+01
1.40E-01     4.661E-28     1.000E+01
1.50E-01     2.791E-27     1.000E+01
1.60E-01     6.758E-27     1.000E+01
1.80E-01     3.963E-26     1.000E+01
2.00E-01     2.324E-25     1.000E+01
2.50E-01     3.218E-24     1.000E+01
3.00E-01     1.830E-23     1.000E+01
3.50E-01     5.364E-23     1.000E+01
4.00E-01     1.573E-22     1.000E+01
4.50E-01     2.977E-22     1.000E+01
5.00E-01     5.634E-22     1.000E+01
6.00E-01     1.309E-21     1.000E+01
7.00E-01     2.379E-21     1.000E+01
8.00E-01     3.809E-21     1.000E+01
9.00E-01     1.171E-20     1.000E+01
1.00E+00     2.560E-19     1.000E+01
1.25E+00     1.860E-16     1.000E+01
1.50E+00     1.352E-13     1.000E+01
1.75E+00     9.156E-12     1.000E+01
2.00E+00     6.202E-10     1.000E+01
2.50E+00     2.448E-07     1.000E+01
3.00E+00     2.381E-05     1.000E+01
3.50E+00     9.234E-04     1.000E+01
4.00E+00     1.844E-02     1.000E+01
5.00E+00     1.633E+00     1.000E+01
6.00E+00     2.624E+01     1.000E+01
7.00E+00     1.340E+02     1.000E+01
8.00E+00     4.021E+02     1.000E+01
9.00E+00     9.139E+02     1.000E+01
1.00E+01     1.720E+03     1.000E+01
