4        p br69 kr70                       taly      2.12200E+00      
1.00E-03     0.000E+00     1.000E+00
2.00E-03     0.000E+00     1.000E+00
3.00E-03     0.000E+00     1.000E+00
4.00E-03     0.000E+00     1.000E+00
5.00E-03     0.000E+00     1.000E+00
6.00E-03     0.000E+00     1.000E+00
7.00E-03     0.000E+00     1.000E+00
8.00E-03     0.000E+00     1.000E+00
9.00E-03     0.000E+00     1.000E+00
1.00E-02     0.000E+00     1.000E+00
1.10E-02     3.515E-98     1.000E+01
1.20E-02     1.235E-96     1.000E+01
1.30E-02     4.342E-95     1.000E+01
1.40E-02     1.526E-93     1.000E+01
1.50E-02     5.364E-92     1.000E+01
1.60E-02     1.885E-90     1.000E+01
1.80E-02     2.329E-87     1.000E+01
2.00E-02     2.877E-84     1.000E+01
2.50E-02     1.543E-76     1.000E+01
3.00E-02     8.277E-69     1.000E+01
4.00E-02     2.381E-53     1.000E+01
5.00E-02     6.851E-38     1.000E+01
6.00E-02     2.281E-35     1.000E+01
7.00E-02     7.596E-33     1.000E+01
8.00E-02     2.529E-30     1.000E+01
9.00E-02     8.421E-28     1.000E+01
1.00E-01     2.804E-25     1.000E+01
1.10E-01     3.186E-24     1.000E+01
1.20E-01     3.620E-23     1.000E+01
1.30E-01     4.113E-22     1.000E+01
1.40E-01     4.673E-21     1.000E+01
1.50E-01     5.310E-20     1.000E+01
1.60E-01     2.431E-19     1.000E+01
1.80E-01     5.094E-18     1.000E+01
2.00E-01     1.067E-16     1.000E+01
2.50E-01     2.370E-14     1.000E+01
3.00E-01     1.454E-12     1.000E+01
3.50E-01     2.898E-11     1.000E+01
4.00E-01     5.775E-10     1.000E+01
4.50E-01     4.759E-09     1.000E+01
5.00E-01     3.922E-08     1.000E+01
6.00E-01     9.183E-07     1.000E+01
7.00E-01     1.057E-05     1.000E+01
8.00E-01     7.389E-05     1.000E+01
9.00E-01     3.600E-04     1.000E+01
1.00E+00     1.340E-03     1.000E+01
1.25E+00     1.114E-02     1.000E+01
1.50E+00     9.253E-02     1.000E+01
1.75E+00     2.964E-01     1.000E+01
2.00E+00     9.497E-01     1.000E+01
2.50E+00     4.278E+00     1.000E+01
3.00E+00     1.257E+01     1.000E+01
3.50E+00     2.871E+01     1.000E+01
4.00E+00     5.552E+01     1.000E+01
5.00E+00     1.341E+02     1.000E+01
6.00E+00     1.573E+02     1.000E+01
7.00E+00     1.134E+02     1.000E+01
8.00E+00     7.601E+01     1.000E+01
9.00E+00     5.385E+01     1.000E+01
1.00E+01     4.049E+01     1.000E+01
