5        n br70  he4 as67                  taly      1.08070E+01      
1.00E-03     8.208E+06     1.000E+01
2.00E-03     8.268E+06     1.000E+01
3.00E-03     8.329E+06     1.000E+01
4.00E-03     8.390E+06     1.000E+01
5.00E-03     8.451E+06     1.000E+01
6.00E-03     8.399E+06     1.000E+01
7.00E-03     8.348E+06     1.000E+01
8.00E-03     8.297E+06     1.000E+01
9.00E-03     8.246E+06     1.000E+01
1.00E-02     8.196E+06     1.000E+01
1.10E-02     8.193E+06     1.000E+01
1.20E-02     8.191E+06     1.000E+01
1.30E-02     8.189E+06     1.000E+01
1.40E-02     8.187E+06     1.000E+01
1.50E-02     8.185E+06     1.000E+01
1.60E-02     8.183E+06     1.000E+01
1.80E-02     8.179E+06     1.000E+01
2.00E-02     8.175E+06     1.000E+01
2.50E-02     8.165E+06     1.000E+01
3.00E-02     8.155E+06     1.000E+01
4.00E-02     8.134E+06     1.000E+01
5.00E-02     8.114E+06     1.000E+01
6.00E-02     8.134E+06     1.000E+01
7.00E-02     8.154E+06     1.000E+01
8.00E-02     8.174E+06     1.000E+01
9.00E-02     8.194E+06     1.000E+01
1.00E-01     8.214E+06     1.000E+01
1.10E-01     8.244E+06     1.000E+01
1.20E-01     8.275E+06     1.000E+01
1.30E-01     8.305E+06     1.000E+01
1.40E-01     8.336E+06     1.000E+01
1.50E-01     8.366E+06     1.000E+01
1.60E-01     8.404E+06     1.000E+01
1.80E-01     8.481E+06     1.000E+01
2.00E-01     8.558E+06     1.000E+01
2.50E-01     8.766E+06     1.000E+01
3.00E-01     8.969E+06     1.000E+01
3.50E-01     9.155E+06     1.000E+01
4.00E-01     9.345E+06     1.000E+01
4.50E-01     9.515E+06     1.000E+01
5.00E-01     9.688E+06     1.000E+01
6.00E-01     1.001E+07     1.000E+01
7.00E-01     1.032E+07     1.000E+01
8.00E-01     1.062E+07     1.000E+01
9.00E-01     1.092E+07     1.000E+01
1.00E+00     1.120E+07     1.000E+01
1.25E+00     1.181E+07     1.000E+01
1.50E+00     1.246E+07     1.000E+01
1.75E+00     1.289E+07     1.000E+01
2.00E+00     1.334E+07     1.000E+01
2.50E+00     1.376E+07     1.000E+01
3.00E+00     1.375E+07     1.000E+01
3.50E+00     1.350E+07     1.000E+01
4.00E+00     1.324E+07     1.000E+01
5.00E+00     1.333E+07     1.000E+01
6.00E+00     1.433E+07     1.000E+01
7.00E+00     1.590E+07     1.000E+01
8.00E+00     1.757E+07     1.000E+01
9.00E+00     1.750E+07     1.000E+01
1.00E+01     1.120E+07     1.000E+01
