4        n br69 br70                       taly      1.33820E+01      
1.00E-03     7.033E+03     1.000E+01
2.00E-03     7.086E+03     1.000E+01
3.00E-03     7.139E+03     1.000E+01
4.00E-03     7.192E+03     1.000E+01
5.00E-03     7.246E+03     1.000E+01
6.00E-03     7.203E+03     1.000E+01
7.00E-03     7.160E+03     1.000E+01
8.00E-03     7.117E+03     1.000E+01
9.00E-03     7.075E+03     1.000E+01
1.00E-02     7.032E+03     1.000E+01
1.10E-02     7.031E+03     1.000E+01
1.20E-02     7.030E+03     1.000E+01
1.30E-02     7.030E+03     1.000E+01
1.40E-02     7.029E+03     1.000E+01
1.50E-02     7.028E+03     1.000E+01
1.60E-02     7.028E+03     1.000E+01
1.80E-02     7.026E+03     1.000E+01
2.00E-02     7.025E+03     1.000E+01
2.50E-02     7.022E+03     1.000E+01
3.00E-02     7.018E+03     1.000E+01
4.00E-02     7.011E+03     1.000E+01
5.00E-02     7.005E+03     1.000E+01
6.00E-02     7.032E+03     1.000E+01
7.00E-02     7.060E+03     1.000E+01
8.00E-02     7.087E+03     1.000E+01
9.00E-02     7.115E+03     1.000E+01
1.00E-01     7.142E+03     1.000E+01
1.10E-01     7.179E+03     1.000E+01
1.20E-01     7.215E+03     1.000E+01
1.30E-01     7.251E+03     1.000E+01
1.40E-01     7.287E+03     1.000E+01
1.50E-01     7.324E+03     1.000E+01
1.60E-01     7.367E+03     1.000E+01
1.80E-01     7.453E+03     1.000E+01
2.00E-01     7.539E+03     1.000E+01
2.50E-01     7.767E+03     1.000E+01
3.00E-01     7.989E+03     1.000E+01
3.50E-01     8.195E+03     1.000E+01
4.00E-01     8.401E+03     1.000E+01
4.50E-01     8.591E+03     1.000E+01
5.00E-01     8.780E+03     1.000E+01
6.00E-01     9.138E+03     1.000E+01
7.00E-01     9.484E+03     1.000E+01
8.00E-01     9.821E+03     1.000E+01
9.00E-01     1.015E+04     1.000E+01
1.00E+00     1.047E+04     1.000E+01
1.25E+00     1.120E+04     1.000E+01
1.50E+00     1.194E+04     1.000E+01
1.75E+00     1.257E+04     1.000E+01
2.00E+00     1.320E+04     1.000E+01
2.50E+00     1.426E+04     1.000E+01
3.00E+00     1.515E+04     1.000E+01
3.50E+00     1.588E+04     1.000E+01
4.00E+00     1.633E+04     1.000E+01
5.00E+00     1.462E+04     1.000E+01
6.00E+00     7.938E+03     1.000E+01
7.00E+00     3.048E+03     1.000E+01
8.00E+00     1.209E+03     1.000E+01
9.00E+00     5.491E+02     1.000E+01
1.00E+01     2.798E+02     1.000E+01
