5        n br69    p se69                  taly      1.11020E+01      
1.00E-03     3.412E+08     1.000E+01
2.00E-03     3.437E+08     1.000E+01
3.00E-03     3.463E+08     1.000E+01
4.00E-03     3.488E+08     1.000E+01
5.00E-03     3.514E+08     1.000E+01
6.00E-03     3.492E+08     1.000E+01
7.00E-03     3.471E+08     1.000E+01
8.00E-03     3.450E+08     1.000E+01
9.00E-03     3.429E+08     1.000E+01
1.00E-02     3.408E+08     1.000E+01
1.10E-02     3.407E+08     1.000E+01
1.20E-02     3.407E+08     1.000E+01
1.30E-02     3.406E+08     1.000E+01
1.40E-02     3.405E+08     1.000E+01
1.50E-02     3.404E+08     1.000E+01
1.60E-02     3.404E+08     1.000E+01
1.80E-02     3.402E+08     1.000E+01
2.00E-02     3.401E+08     1.000E+01
2.50E-02     3.397E+08     1.000E+01
3.00E-02     3.394E+08     1.000E+01
4.00E-02     3.386E+08     1.000E+01
5.00E-02     3.379E+08     1.000E+01
6.00E-02     3.389E+08     1.000E+01
7.00E-02     3.398E+08     1.000E+01
8.00E-02     3.408E+08     1.000E+01
9.00E-02     3.417E+08     1.000E+01
1.00E-01     3.427E+08     1.000E+01
1.10E-01     3.441E+08     1.000E+01
1.20E-01     3.454E+08     1.000E+01
1.30E-01     3.468E+08     1.000E+01
1.40E-01     3.482E+08     1.000E+01
1.50E-01     3.496E+08     1.000E+01
1.60E-01     3.513E+08     1.000E+01
1.80E-01     3.547E+08     1.000E+01
2.00E-01     3.581E+08     1.000E+01
2.50E-01     3.672E+08     1.000E+01
3.00E-01     3.762E+08     1.000E+01
3.50E-01     3.844E+08     1.000E+01
4.00E-01     3.927E+08     1.000E+01
4.50E-01     4.001E+08     1.000E+01
5.00E-01     4.077E+08     1.000E+01
6.00E-01     4.219E+08     1.000E+01
7.00E-01     4.355E+08     1.000E+01
8.00E-01     4.487E+08     1.000E+01
9.00E-01     4.616E+08     1.000E+01
1.00E+00     4.741E+08     1.000E+01
1.25E+00     5.015E+08     1.000E+01
1.50E+00     5.306E+08     1.000E+01
1.75E+00     5.532E+08     1.000E+01
2.00E+00     5.769E+08     1.000E+01
2.50E+00     6.138E+08     1.000E+01
3.00E+00     6.424E+08     1.000E+01
3.50E+00     6.631E+08     1.000E+01
4.00E+00     6.717E+08     1.000E+01
5.00E+00     5.806E+08     1.000E+01
6.00E+00     2.991E+08     1.000E+01
7.00E+00     1.056E+08     1.000E+01
8.00E+00     3.705E+07     1.000E+01
9.00E+00     1.437E+07     1.000E+01
1.00E+01     6.116E+06     1.000E+01
