4        p br70 kr71                       taly      2.19000E+00      
1.00E-03     0.000E+00     1.000E+00
2.00E-03     0.000E+00     1.000E+00
3.00E-03     0.000E+00     1.000E+00
4.00E-03     0.000E+00     1.000E+00
5.00E-03     0.000E+00     1.000E+00
6.00E-03     0.000E+00     1.000E+00
7.00E-03     0.000E+00     1.000E+00
8.00E-03     0.000E+00     1.000E+00
9.00E-03     0.000E+00     1.000E+00
1.00E-02     0.000E+00     1.000E+00
1.10E-02     3.549E-98     1.000E+01
1.20E-02     1.260E-96     1.000E+01
1.30E-02     4.471E-95     1.000E+01
1.40E-02     1.587E-93     1.000E+01
1.50E-02     5.631E-92     1.000E+01
1.60E-02     1.999E-90     1.000E+01
1.80E-02     2.517E-87     1.000E+01
2.00E-02     3.171E-84     1.000E+01
2.50E-02     1.786E-76     1.000E+01
3.00E-02     1.006E-68     1.000E+01
4.00E-02     3.189E-53     1.000E+01
5.00E-02     1.011E-37     1.000E+01
6.00E-02     3.159E-35     1.000E+01
7.00E-02     9.868E-33     1.000E+01
8.00E-02     3.083E-30     1.000E+01
9.00E-02     9.631E-28     1.000E+01
1.00E-01     3.009E-25     1.000E+01
1.10E-01     3.411E-24     1.000E+01
1.20E-01     3.866E-23     1.000E+01
1.30E-01     4.383E-22     1.000E+01
1.40E-01     4.968E-21     1.000E+01
1.50E-01     5.632E-20     1.000E+01
1.60E-01     2.580E-19     1.000E+01
1.80E-01     5.413E-18     1.000E+01
2.00E-01     1.136E-16     1.000E+01
2.50E-01     2.531E-14     1.000E+01
3.00E-01     1.556E-12     1.000E+01
3.50E-01     3.103E-11     1.000E+01
4.00E-01     6.188E-10     1.000E+01
4.50E-01     5.082E-09     1.000E+01
5.00E-01     4.174E-08     1.000E+01
6.00E-01     9.677E-07     1.000E+01
7.00E-01     1.107E-05     1.000E+01
8.00E-01     7.760E-05     1.000E+01
9.00E-01     3.821E-04     1.000E+01
1.00E+00     1.449E-03     1.000E+01
1.25E+00     1.311E-02     1.000E+01
1.50E+00     1.186E-01     1.000E+01
1.75E+00     4.221E-01     1.000E+01
2.00E+00     1.503E+00     1.000E+01
2.50E+00     8.204E+00     1.000E+01
3.00E+00     2.817E+01     1.000E+01
3.50E+00     7.245E+01     1.000E+01
4.00E+00     1.529E+02     1.000E+01
5.00E+00     4.631E+02     1.000E+01
6.00E+00     1.028E+03     1.000E+01
7.00E+00     1.920E+03     1.000E+01
8.00E+00     3.220E+03     1.000E+01
9.00E+00     4.606E+03     1.000E+01
1.00E+01     4.083E+03     1.000E+01
