5        n br72    p se72                  taly      9.58300E+00      
1.00E-03     3.957E+08     1.000E+01
2.00E-03     3.987E+08     1.000E+01
3.00E-03     4.017E+08     1.000E+01
4.00E-03     4.048E+08     1.000E+01
5.00E-03     4.079E+08     1.000E+01
6.00E-03     4.055E+08     1.000E+01
7.00E-03     4.031E+08     1.000E+01
8.00E-03     4.007E+08     1.000E+01
9.00E-03     3.983E+08     1.000E+01
1.00E-02     3.960E+08     1.000E+01
1.10E-02     3.960E+08     1.000E+01
1.20E-02     3.960E+08     1.000E+01
1.30E-02     3.960E+08     1.000E+01
1.40E-02     3.959E+08     1.000E+01
1.50E-02     3.959E+08     1.000E+01
1.60E-02     3.959E+08     1.000E+01
1.80E-02     3.959E+08     1.000E+01
2.00E-02     3.959E+08     1.000E+01
2.50E-02     3.958E+08     1.000E+01
3.00E-02     3.957E+08     1.000E+01
4.00E-02     3.956E+08     1.000E+01
5.00E-02     3.955E+08     1.000E+01
6.00E-02     3.972E+08     1.000E+01
7.00E-02     3.990E+08     1.000E+01
8.00E-02     4.008E+08     1.000E+01
9.00E-02     4.026E+08     1.000E+01
1.00E-01     4.044E+08     1.000E+01
1.10E-01     4.066E+08     1.000E+01
1.20E-01     4.089E+08     1.000E+01
1.30E-01     4.111E+08     1.000E+01
1.40E-01     4.134E+08     1.000E+01
1.50E-01     4.157E+08     1.000E+01
1.60E-01     4.182E+08     1.000E+01
1.80E-01     4.233E+08     1.000E+01
2.00E-01     4.285E+08     1.000E+01
2.50E-01     4.413E+08     1.000E+01
3.00E-01     4.534E+08     1.000E+01
3.50E-01     4.647E+08     1.000E+01
4.00E-01     4.762E+08     1.000E+01
4.50E-01     4.876E+08     1.000E+01
5.00E-01     4.991E+08     1.000E+01
6.00E-01     5.224E+08     1.000E+01
7.00E-01     5.448E+08     1.000E+01
8.00E-01     5.634E+08     1.000E+01
9.00E-01     5.728E+08     1.000E+01
1.00E+00     5.670E+08     1.000E+01
1.25E+00     4.314E+08     1.000E+01
1.50E+00     3.283E+08     1.000E+01
1.75E+00     2.248E+08     1.000E+01
2.00E+00     1.539E+08     1.000E+01
2.50E+00     8.990E+07     1.000E+01
3.00E+00     6.352E+07     1.000E+01
3.50E+00     5.097E+07     1.000E+01
4.00E+00     4.453E+07     1.000E+01
5.00E+00     3.968E+07     1.000E+01
6.00E+00     3.950E+07     1.000E+01
7.00E+00     4.106E+07     1.000E+01
8.00E+00     4.284E+07     1.000E+01
9.00E+00     4.379E+07     1.000E+01
1.00E+01     4.319E+07     1.000E+01
