5        n br68  he4 as65                  taly      1.41420E+01      
1.00E-03     6.652E+04     1.000E+01
2.00E-03     6.701E+04     1.000E+01
3.00E-03     6.749E+04     1.000E+01
4.00E-03     6.798E+04     1.000E+01
5.00E-03     6.848E+04     1.000E+01
6.00E-03     6.805E+04     1.000E+01
7.00E-03     6.763E+04     1.000E+01
8.00E-03     6.722E+04     1.000E+01
9.00E-03     6.680E+04     1.000E+01
1.00E-02     6.639E+04     1.000E+01
1.10E-02     6.637E+04     1.000E+01
1.20E-02     6.635E+04     1.000E+01
1.30E-02     6.634E+04     1.000E+01
1.40E-02     6.632E+04     1.000E+01
1.50E-02     6.630E+04     1.000E+01
1.60E-02     6.628E+04     1.000E+01
1.80E-02     6.624E+04     1.000E+01
2.00E-02     6.620E+04     1.000E+01
2.50E-02     6.611E+04     1.000E+01
3.00E-02     6.602E+04     1.000E+01
4.00E-02     6.583E+04     1.000E+01
5.00E-02     6.565E+04     1.000E+01
6.00E-02     6.579E+04     1.000E+01
7.00E-02     6.593E+04     1.000E+01
8.00E-02     6.607E+04     1.000E+01
9.00E-02     6.622E+04     1.000E+01
1.00E-01     6.636E+04     1.000E+01
1.10E-01     6.659E+04     1.000E+01
1.20E-01     6.681E+04     1.000E+01
1.30E-01     6.704E+04     1.000E+01
1.40E-01     6.726E+04     1.000E+01
1.50E-01     6.749E+04     1.000E+01
1.60E-01     6.778E+04     1.000E+01
1.80E-01     6.835E+04     1.000E+01
2.00E-01     6.894E+04     1.000E+01
2.50E-01     7.050E+04     1.000E+01
3.00E-01     7.204E+04     1.000E+01
3.50E-01     7.337E+04     1.000E+01
4.00E-01     7.473E+04     1.000E+01
4.50E-01     7.533E+04     1.000E+01
5.00E-01     7.594E+04     1.000E+01
6.00E-01     7.249E+04     1.000E+01
7.00E-01     6.168E+04     1.000E+01
8.00E-01     4.728E+04     1.000E+01
9.00E-01     3.623E+04     1.000E+01
1.00E+00     3.137E+04     1.000E+01
1.25E+00     4.395E+04     1.000E+01
1.50E+00     6.158E+04     1.000E+01
1.75E+00     8.290E+04     1.000E+01
2.00E+00     1.116E+05     1.000E+01
2.50E+00     1.517E+05     1.000E+01
3.00E+00     1.782E+05     1.000E+01
3.50E+00     1.931E+05     1.000E+01
4.00E+00     1.995E+05     1.000E+01
5.00E+00     1.953E+05     1.000E+01
6.00E+00     1.783E+05     1.000E+01
7.00E+00     1.549E+05     1.000E+01
8.00E+00     1.291E+05     1.000E+01
9.00E+00     1.032E+05     1.000E+01
1.00E+01     7.884E+04     1.000E+01
