4        p br71 kr72                       taly      4.72800E+00      
1.00E-03     0.000E+00     1.000E+00
2.00E-03     0.000E+00     1.000E+00
3.00E-03     0.000E+00     1.000E+00
4.00E-03     0.000E+00     1.000E+00
5.00E-03     0.000E+00     1.000E+00
6.00E-03     0.000E+00     1.000E+00
7.00E-03     0.000E+00     1.000E+00
8.00E-03     0.000E+00     1.000E+00
9.00E-03     0.000E+00     1.000E+00
1.00E-02     0.000E+00     1.000E+00
1.10E-02     3.553E-98     1.000E+01
1.20E-02     1.262E-96     1.000E+01
1.30E-02     4.484E-95     1.000E+01
1.40E-02     1.593E-93     1.000E+01
1.50E-02     5.659E-92     1.000E+01
1.60E-02     2.011E-90     1.000E+01
1.80E-02     2.538E-87     1.000E+01
2.00E-02     3.203E-84     1.000E+01
2.50E-02     1.813E-76     1.000E+01
3.00E-02     1.026E-68     1.000E+01
4.00E-02     3.285E-53     1.000E+01
5.00E-02     1.052E-37     1.000E+01
6.00E-02     3.248E-35     1.000E+01
7.00E-02     1.003E-32     1.000E+01
8.00E-02     3.096E-30     1.000E+01
9.00E-02     9.559E-28     1.000E+01
1.00E-01     2.951E-25     1.000E+01
1.10E-01     3.480E-24     1.000E+01
1.20E-01     4.103E-23     1.000E+01
1.30E-01     4.837E-22     1.000E+01
1.40E-01     5.704E-21     1.000E+01
1.50E-01     6.725E-20     1.000E+01
1.60E-01     3.205E-19     1.000E+01
1.80E-01     7.281E-18     1.000E+01
2.00E-01     1.654E-16     1.000E+01
2.50E-01     3.616E-14     1.000E+01
3.00E-01     2.079E-12     1.000E+01
3.50E-01     3.976E-11     1.000E+01
4.00E-01     7.603E-10     1.000E+01
4.50E-01     6.240E-09     1.000E+01
5.00E-01     5.120E-08     1.000E+01
6.00E-01     1.261E-06     1.000E+01
7.00E-01     1.598E-05     1.000E+01
8.00E-01     1.265E-04     1.000E+01
9.00E-01     7.038E-04     1.000E+01
1.00E+00     2.982E-03     1.000E+01
1.25E+00     3.136E-02     1.000E+01
1.50E+00     3.298E-01     1.000E+01
1.75E+00     1.176E+00     1.000E+01
2.00E+00     4.191E+00     1.000E+01
2.50E+00     2.029E+01     1.000E+01
3.00E+00     5.989E+01     1.000E+01
3.50E+00     1.334E+02     1.000E+01
4.00E+00     2.481E+02     1.000E+01
5.00E+00     5.728E+02     1.000E+01
6.00E+00     8.352E+02     1.000E+01
7.00E+00     9.056E+02     1.000E+01
8.00E+00     8.721E+02     1.000E+01
9.00E+00     8.138E+02     1.000E+01
1.00E+01     7.550E+02     1.000E+01
