5      he4 br68    p kr71                  taly      3.02200E+00      
1.00E-03     0.000E+00     1.000E+00
2.00E-03     0.000E+00     1.000E+00
3.00E-03     0.000E+00     1.000E+00
4.00E-03     0.000E+00     1.000E+00
5.00E-03     0.000E+00     1.000E+00
6.00E-03     0.000E+00     1.000E+00
7.00E-03     0.000E+00     1.000E+00
8.00E-03     0.000E+00     1.000E+00
9.00E-03     0.000E+00     1.000E+00
1.00E-02     0.000E+00     1.000E+00
1.10E-02     0.000E+00     1.000E+00
1.20E-02     0.000E+00     1.000E+00
1.30E-02     0.000E+00     1.000E+00
1.40E-02     0.000E+00     1.000E+00
1.50E-02     0.000E+00     1.000E+00
1.60E-02     0.000E+00     1.000E+00
1.80E-02     0.000E+00     1.000E+00
2.00E-02     0.000E+00     1.000E+00
2.50E-02     0.000E+00     1.000E+00
3.00E-02     0.000E+00     1.000E+00
4.00E-02     0.000E+00     1.000E+00
5.00E-02     0.000E+00     1.000E+00
6.00E-02     0.000E+00     1.000E+00
7.00E-02     0.000E+00     1.000E+00
8.00E-02     0.000E+00     1.000E+00
9.00E-02     0.000E+00     1.000E+00
1.00E-01     0.000E+00     1.000E+00
1.10E-01     0.000E+00     1.000E+00
1.20E-01     0.000E+00     1.000E+00
1.30E-01     0.000E+00     1.000E+00
1.40E-01     0.000E+00     1.000E+00
1.50E-01     0.000E+00     1.000E+00
1.60E-01     0.000E+00     1.000E+00
1.80E-01     0.000E+00     1.000E+00
2.00E-01     0.000E+00     1.000E+00
2.50E-01     0.000E+00     1.000E+00
3.00E-01     2.676E-45     1.000E+01
3.50E-01     2.111E-41     1.000E+01
4.00E-01     1.665E-37     1.000E+01
4.50E-01     4.730E-35     1.000E+01
5.00E-01     1.344E-32     1.000E+01
6.00E-01     4.622E-29     1.000E+01
7.00E-01     2.471E-26     1.000E+01
8.00E-01     3.672E-24     1.000E+01
9.00E-01     2.222E-22     1.000E+01
1.00E+00     7.189E-21     1.000E+01
1.25E+00     3.425E-18     1.000E+01
1.50E+00     1.631E-15     1.000E+01
1.75E+00     8.810E-14     1.000E+01
2.00E+00     4.757E-12     1.000E+01
2.50E+00     1.360E-09     1.000E+01
3.00E+00     9.394E-08     1.000E+01
3.50E+00     2.521E-06     1.000E+01
4.00E+00     3.487E-05     1.000E+01
5.00E+00     1.776E-03     1.000E+01
6.00E+00     2.899E-02     1.000E+01
7.00E+00     2.294E-01     1.000E+01
8.00E+00     1.104E+00     1.000E+01
9.00E+00     3.689E+00     1.000E+01
1.00E+01     9.311E+00     1.000E+01
