5        p br72  he4 se69                  taly      2.23200E+00      
1.00E-03     0.000E+00     1.000E+00
2.00E-03     0.000E+00     1.000E+00
3.00E-03     0.000E+00     1.000E+00
4.00E-03     0.000E+00     1.000E+00
5.00E-03     0.000E+00     1.000E+00
6.00E-03     0.000E+00     1.000E+00
7.00E-03     0.000E+00     1.000E+00
8.00E-03     0.000E+00     1.000E+00
9.00E-03     0.000E+00     1.000E+00
1.00E-02     0.000E+00     1.000E+00
1.10E-02     2.939E-98     1.000E+01
1.20E-02     8.635E-97     1.000E+01
1.30E-02     2.538E-95     1.000E+01
1.40E-02     7.457E-94     1.000E+01
1.50E-02     2.191E-92     1.000E+01
1.60E-02     6.439E-91     1.000E+01
1.80E-02     5.561E-88     1.000E+01
2.00E-02     4.802E-85     1.000E+01
2.50E-02     1.052E-77     1.000E+01
3.00E-02     2.306E-70     1.000E+01
4.00E-02     1.107E-55     1.000E+01
5.00E-02     5.317E-41     1.000E+01
6.00E-02     7.750E-39     1.000E+01
7.00E-02     1.130E-36     1.000E+01
8.00E-02     1.646E-34     1.000E+01
9.00E-02     2.400E-32     1.000E+01
1.00E-01     3.498E-30     1.000E+01
1.10E-01     1.788E-29     1.000E+01
1.20E-01     9.138E-29     1.000E+01
1.30E-01     4.670E-28     1.000E+01
1.40E-01     2.387E-27     1.000E+01
1.50E-01     1.220E-26     1.000E+01
1.60E-01     2.728E-26     1.000E+01
1.80E-01     1.364E-25     1.000E+01
2.00E-01     6.821E-25     1.000E+01
2.50E-01     7.912E-24     1.000E+01
3.00E-01     1.495E-22     1.000E+01
3.50E-01     7.254E-21     1.000E+01
4.00E-01     3.519E-19     1.000E+01
4.50E-01     7.122E-18     1.000E+01
5.00E-01     1.441E-16     1.000E+01
6.00E-01     1.739E-14     1.000E+01
7.00E-01     8.856E-13     1.000E+01
8.00E-01     2.274E-11     1.000E+01
9.00E-01     3.327E-10     1.000E+01
1.00E+00     3.080E-09     1.000E+01
1.25E+00     9.437E-08     1.000E+01
1.50E+00     2.891E-06     1.000E+01
1.75E+00     1.741E-05     1.000E+01
2.00E+00     1.048E-04     1.000E+01
2.50E+00     1.278E-03     1.000E+01
3.00E+00     9.361E-03     1.000E+01
3.50E+00     5.047E-02     1.000E+01
4.00E+00     2.177E-01     1.000E+01
5.00E+00     2.378E+00     1.000E+01
6.00E+00     1.473E+01     1.000E+01
7.00E+00     6.014E+01     1.000E+01
8.00E+00     1.821E+02     1.000E+01
9.00E+00     4.428E+02     1.000E+01
1.00E+01     9.063E+02     1.000E+01
