4      he4 br73 rb77                       taly      3.60700E+00      
1.00E-03     0.000E+00     1.000E+00
2.00E-03     0.000E+00     1.000E+00
3.00E-03     0.000E+00     1.000E+00
4.00E-03     0.000E+00     1.000E+00
5.00E-03     0.000E+00     1.000E+00
6.00E-03     0.000E+00     1.000E+00
7.00E-03     0.000E+00     1.000E+00
8.00E-03     0.000E+00     1.000E+00
9.00E-03     0.000E+00     1.000E+00
1.00E-02     0.000E+00     1.000E+00
1.10E-02     0.000E+00     1.000E+00
1.20E-02     0.000E+00     1.000E+00
1.30E-02     0.000E+00     1.000E+00
1.40E-02     0.000E+00     1.000E+00
1.50E-02     0.000E+00     1.000E+00
1.60E-02     0.000E+00     1.000E+00
1.80E-02     0.000E+00     1.000E+00
2.00E-02     0.000E+00     1.000E+00
2.50E-02     0.000E+00     1.000E+00
3.00E-02     0.000E+00     1.000E+00
4.00E-02     0.000E+00     1.000E+00
5.00E-02     0.000E+00     1.000E+00
6.00E-02     0.000E+00     1.000E+00
7.00E-02     0.000E+00     1.000E+00
8.00E-02     0.000E+00     1.000E+00
9.00E-02     0.000E+00     1.000E+00
1.00E-01     0.000E+00     1.000E+00
1.10E-01     0.000E+00     1.000E+00
1.20E-01     0.000E+00     1.000E+00
1.30E-01     0.000E+00     1.000E+00
1.40E-01     0.000E+00     1.000E+00
1.50E-01     0.000E+00     1.000E+00
1.60E-01     0.000E+00     1.000E+00
1.80E-01     0.000E+00     1.000E+00
2.00E-01     0.000E+00     1.000E+00
2.50E-01     0.000E+00     1.000E+00
3.00E-01     3.821E-45     1.000E+01
3.50E-01     2.682E-41     1.000E+01
4.00E-01     1.882E-37     1.000E+01
4.50E-01     4.947E-35     1.000E+01
5.00E-01     1.300E-32     1.000E+01
6.00E-01     3.985E-29     1.000E+01
7.00E-01     2.001E-26     1.000E+01
8.00E-01     3.061E-24     1.000E+01
9.00E-01     2.008E-22     1.000E+01
1.00E+00     6.968E-21     1.000E+01
1.25E+00     3.066E-18     1.000E+01
1.50E+00     1.349E-15     1.000E+01
1.75E+00     5.602E-14     1.000E+01
2.00E+00     2.325E-12     1.000E+01
2.50E+00     4.111E-10     1.000E+01
3.00E+00     2.092E-08     1.000E+01
3.50E+00     4.795E-07     1.000E+01
4.00E+00     5.930E-06     1.000E+01
5.00E+00     1.915E-04     1.000E+01
6.00E+00     1.420E-03     1.000E+01
7.00E+00     5.255E-03     1.000E+01
8.00E+00     1.426E-02     1.000E+01
9.00E+00     3.256E-02     1.000E+01
1.00E+01     6.547E-02     1.000E+01
