5        n br72  he4 as69                  taly      9.69100E+00      
1.00E-03     1.113E+07     1.000E+01
2.00E-03     1.122E+07     1.000E+01
3.00E-03     1.130E+07     1.000E+01
4.00E-03     1.139E+07     1.000E+01
5.00E-03     1.147E+07     1.000E+01
6.00E-03     1.140E+07     1.000E+01
7.00E-03     1.133E+07     1.000E+01
8.00E-03     1.126E+07     1.000E+01
9.00E-03     1.120E+07     1.000E+01
1.00E-02     1.113E+07     1.000E+01
1.10E-02     1.113E+07     1.000E+01
1.20E-02     1.112E+07     1.000E+01
1.30E-02     1.112E+07     1.000E+01
1.40E-02     1.112E+07     1.000E+01
1.50E-02     1.112E+07     1.000E+01
1.60E-02     1.112E+07     1.000E+01
1.80E-02     1.111E+07     1.000E+01
2.00E-02     1.111E+07     1.000E+01
2.50E-02     1.110E+07     1.000E+01
3.00E-02     1.109E+07     1.000E+01
4.00E-02     1.107E+07     1.000E+01
5.00E-02     1.105E+07     1.000E+01
6.00E-02     1.109E+07     1.000E+01
7.00E-02     1.112E+07     1.000E+01
8.00E-02     1.116E+07     1.000E+01
9.00E-02     1.119E+07     1.000E+01
1.00E-01     1.123E+07     1.000E+01
1.10E-01     1.127E+07     1.000E+01
1.20E-01     1.132E+07     1.000E+01
1.30E-01     1.137E+07     1.000E+01
1.40E-01     1.142E+07     1.000E+01
1.50E-01     1.147E+07     1.000E+01
1.60E-01     1.153E+07     1.000E+01
1.80E-01     1.163E+07     1.000E+01
2.00E-01     1.174E+07     1.000E+01
2.50E-01     1.199E+07     1.000E+01
3.00E-01     1.219E+07     1.000E+01
3.50E-01     1.233E+07     1.000E+01
4.00E-01     1.248E+07     1.000E+01
4.50E-01     1.263E+07     1.000E+01
5.00E-01     1.279E+07     1.000E+01
6.00E-01     1.316E+07     1.000E+01
7.00E-01     1.358E+07     1.000E+01
8.00E-01     1.396E+07     1.000E+01
9.00E-01     1.415E+07     1.000E+01
1.00E+00     1.399E+07     1.000E+01
1.25E+00     1.068E+07     1.000E+01
1.50E+00     8.150E+06     1.000E+01
1.75E+00     5.611E+06     1.000E+01
2.00E+00     3.863E+06     1.000E+01
2.50E+00     2.289E+06     1.000E+01
3.00E+00     1.648E+06     1.000E+01
3.50E+00     1.357E+06     1.000E+01
4.00E+00     1.227E+06     1.000E+01
5.00E+00     1.201E+06     1.000E+01
6.00E+00     1.361E+06     1.000E+01
7.00E+00     1.656E+06     1.000E+01
8.00E+00     2.052E+06     1.000E+01
9.00E+00     2.491E+06     1.000E+01
1.00E+01     2.884E+06     1.000E+01
