4        n br72 br73                       taly      1.26520E+01      
1.00E-03     7.939E+05     1.000E+01
2.00E-03     7.999E+05     1.000E+01
3.00E-03     8.059E+05     1.000E+01
4.00E-03     8.119E+05     1.000E+01
5.00E-03     8.179E+05     1.000E+01
6.00E-03     8.131E+05     1.000E+01
7.00E-03     8.082E+05     1.000E+01
8.00E-03     8.033E+05     1.000E+01
9.00E-03     7.985E+05     1.000E+01
1.00E-02     7.936E+05     1.000E+01
1.10E-02     7.935E+05     1.000E+01
1.20E-02     7.934E+05     1.000E+01
1.30E-02     7.933E+05     1.000E+01
1.40E-02     7.932E+05     1.000E+01
1.50E-02     7.930E+05     1.000E+01
1.60E-02     7.929E+05     1.000E+01
1.80E-02     7.927E+05     1.000E+01
2.00E-02     7.924E+05     1.000E+01
2.50E-02     7.919E+05     1.000E+01
3.00E-02     7.913E+05     1.000E+01
4.00E-02     7.901E+05     1.000E+01
5.00E-02     7.889E+05     1.000E+01
6.00E-02     7.915E+05     1.000E+01
7.00E-02     7.942E+05     1.000E+01
8.00E-02     7.968E+05     1.000E+01
9.00E-02     7.995E+05     1.000E+01
1.00E-01     8.021E+05     1.000E+01
1.10E-01     8.057E+05     1.000E+01
1.20E-01     8.093E+05     1.000E+01
1.30E-01     8.129E+05     1.000E+01
1.40E-01     8.165E+05     1.000E+01
1.50E-01     8.201E+05     1.000E+01
1.60E-01     8.244E+05     1.000E+01
1.80E-01     8.331E+05     1.000E+01
2.00E-01     8.417E+05     1.000E+01
2.50E-01     8.649E+05     1.000E+01
3.00E-01     8.891E+05     1.000E+01
3.50E-01     9.150E+05     1.000E+01
4.00E-01     9.410E+05     1.000E+01
4.50E-01     9.691E+05     1.000E+01
5.00E-01     9.973E+05     1.000E+01
6.00E-01     1.055E+06     1.000E+01
7.00E-01     1.110E+06     1.000E+01
8.00E-01     1.156E+06     1.000E+01
9.00E-01     1.182E+06     1.000E+01
1.00E+00     1.175E+06     1.000E+01
1.25E+00     9.340E+05     1.000E+01
1.50E+00     6.926E+05     1.000E+01
1.75E+00     5.103E+05     1.000E+01
2.00E+00     3.280E+05     1.000E+01
2.50E+00     1.919E+05     1.000E+01
3.00E+00     1.345E+05     1.000E+01
3.50E+00     1.060E+05     1.000E+01
4.00E+00     9.026E+04     1.000E+01
5.00E+00     7.489E+04     1.000E+01
6.00E+00     6.842E+04     1.000E+01
7.00E+00     6.515E+04     1.000E+01
8.00E+00     6.264E+04     1.000E+01
9.00E+00     5.956E+04     1.000E+01
1.00E+01     5.521E+04     1.000E+01
