5        p br71  he4 se68                  taly      2.55100E+00      
1.00E-03     0.000E+00     1.000E+00
2.00E-03     0.000E+00     1.000E+00
3.00E-03     0.000E+00     1.000E+00
4.00E-03     0.000E+00     1.000E+00
5.00E-03     0.000E+00     1.000E+00
6.00E-03     0.000E+00     1.000E+00
7.00E-03     0.000E+00     1.000E+00
8.00E-03     0.000E+00     1.000E+00
9.00E-03     0.000E+00     1.000E+00
1.00E-02     0.000E+00     1.000E+00
1.10E-02     2.670E-98     1.000E+01
1.20E-02     7.129E-97     1.000E+01
1.30E-02     1.904E-95     1.000E+01
1.40E-02     5.083E-94     1.000E+01
1.50E-02     1.357E-92     1.000E+01
1.60E-02     3.623E-91     1.000E+01
1.80E-02     2.583E-88     1.000E+01
2.00E-02     1.842E-85     1.000E+01
2.50E-02     2.499E-78     1.000E+01
3.00E-02     3.392E-71     1.000E+01
4.00E-02     6.246E-57     1.000E+01
5.00E-02     1.150E-42     1.000E+01
6.00E-02     2.446E-40     1.000E+01
7.00E-02     5.201E-38     1.000E+01
8.00E-02     1.106E-35     1.000E+01
9.00E-02     2.352E-33     1.000E+01
1.00E-01     5.000E-31     1.000E+01
1.10E-01     2.910E-30     1.000E+01
1.20E-01     1.694E-29     1.000E+01
1.30E-01     9.860E-29     1.000E+01
1.40E-01     5.739E-28     1.000E+01
1.50E-01     3.341E-27     1.000E+01
1.60E-01     1.106E-26     1.000E+01
1.80E-01     1.212E-25     1.000E+01
2.00E-01     1.329E-24     1.000E+01
2.50E-01     4.449E-22     1.000E+01
3.00E-01     4.577E-20     1.000E+01
3.50E-01     1.581E-18     1.000E+01
4.00E-01     5.463E-17     1.000E+01
4.50E-01     7.586E-16     1.000E+01
5.00E-01     1.053E-14     1.000E+01
6.00E-01     6.513E-13     1.000E+01
7.00E-01     1.831E-11     1.000E+01
8.00E-01     2.812E-10     1.000E+01
9.00E-01     2.689E-09     1.000E+01
1.00E+00     1.786E-08     1.000E+01
1.25E+00     4.232E-07     1.000E+01
1.50E+00     1.002E-05     1.000E+01
1.75E+00     7.101E-05     1.000E+01
2.00E+00     5.031E-04     1.000E+01
2.50E+00     9.566E-03     1.000E+01
3.00E+00     1.063E-01     1.000E+01
3.50E+00     8.077E-01     1.000E+01
4.00E+00     4.526E+00     1.000E+01
5.00E+00     6.601E+01     1.000E+01
6.00E+00     4.147E+02     1.000E+01
7.00E+00     1.507E+03     1.000E+01
8.00E+00     4.080E+03     1.000E+01
9.00E+00     9.186E+03     1.000E+01
1.00E+01     1.775E+04     1.000E+01
