5        n ca40  he4 ar37                  taly      1.74800E+00      
1.00E-03     3.777E+00     1.000E+01
2.00E-03     3.563E+00     1.000E+01
3.00E-03     3.360E+00     1.000E+01
4.00E-03     3.169E+00     1.000E+01
5.00E-03     2.989E+00     1.000E+01
6.00E-03     2.954E+00     1.000E+01
7.00E-03     2.919E+00     1.000E+01
8.00E-03     2.885E+00     1.000E+01
9.00E-03     2.851E+00     1.000E+01
1.00E-02     2.817E+00     1.000E+01
1.10E-02     2.809E+00     1.000E+01
1.20E-02     2.801E+00     1.000E+01
1.30E-02     2.793E+00     1.000E+01
1.40E-02     2.785E+00     1.000E+01
1.50E-02     2.777E+00     1.000E+01
1.60E-02     2.769E+00     1.000E+01
1.80E-02     2.753E+00     1.000E+01
2.00E-02     2.737E+00     1.000E+01
2.50E-02     2.697E+00     1.000E+01
3.00E-02     2.658E+00     1.000E+01
4.00E-02     2.582E+00     1.000E+01
5.00E-02     2.508E+00     1.000E+01
6.00E-02     2.510E+00     1.000E+01
7.00E-02     2.511E+00     1.000E+01
8.00E-02     2.513E+00     1.000E+01
9.00E-02     2.514E+00     1.000E+01
1.00E-01     2.516E+00     1.000E+01
1.10E-01     2.548E+00     1.000E+01
1.20E-01     2.581E+00     1.000E+01
1.30E-01     2.614E+00     1.000E+01
1.40E-01     2.648E+00     1.000E+01
1.50E-01     2.682E+00     1.000E+01
1.60E-01     2.732E+00     1.000E+01
1.80E-01     2.836E+00     1.000E+01
2.00E-01     2.943E+00     1.000E+01
2.50E-01     3.269E+00     1.000E+01
3.00E-01     3.650E+00     1.000E+01
3.50E-01     4.108E+00     1.000E+01
4.00E-01     4.623E+00     1.000E+01
4.50E-01     5.284E+00     1.000E+01
5.00E-01     6.040E+00     1.000E+01
6.00E-01     8.201E+00     1.000E+01
7.00E-01     1.156E+01     1.000E+01
8.00E-01     1.683E+01     1.000E+01
9.00E-01     2.513E+01     1.000E+01
1.00E+00     3.821E+01     1.000E+01
1.25E+00     1.121E+02     1.000E+01
1.50E+00     3.290E+02     1.000E+01
1.75E+00     8.722E+02     1.000E+01
2.00E+00     2.313E+03     1.000E+01
2.50E+00     1.170E+04     1.000E+01
3.00E+00     4.413E+04     1.000E+01
3.50E+00     1.329E+05     1.000E+01
4.00E+00     3.384E+05     1.000E+01
5.00E+00     1.540E+06     1.000E+01
6.00E+00     5.009E+06     1.000E+01
7.00E+00     1.278E+07     1.000E+01
8.00E+00     2.689E+07     1.000E+01
9.00E+00     4.779E+07     1.000E+01
1.00E+01     7.232E+07     1.000E+01
