5      he4 ca43    n ti46                  taly      7.20000E-02      
1.00E-03     0.000E+00     1.000E+00
2.00E-03     0.000E+00     1.000E+00
3.00E-03     0.000E+00     1.000E+00
4.00E-03     0.000E+00     1.000E+00
5.00E-03     0.000E+00     1.000E+00
6.00E-03     0.000E+00     1.000E+00
7.00E-03     0.000E+00     1.000E+00
8.00E-03     0.000E+00     1.000E+00
9.00E-03     0.000E+00     1.000E+00
1.00E-02     0.000E+00     1.000E+00
1.10E-02     0.000E+00     1.000E+00
1.20E-02     0.000E+00     1.000E+00
1.30E-02     0.000E+00     1.000E+00
1.40E-02     0.000E+00     1.000E+00
1.50E-02     0.000E+00     1.000E+00
1.60E-02     0.000E+00     1.000E+00
1.80E-02     0.000E+00     1.000E+00
2.00E-02     0.000E+00     1.000E+00
2.50E-02     0.000E+00     1.000E+00
3.00E-02     0.000E+00     1.000E+00
4.00E-02     0.000E+00     1.000E+00
5.00E-02     0.000E+00     1.000E+00
6.00E-02     0.000E+00     1.000E+00
7.00E-02     0.000E+00     1.000E+00
8.00E-02     0.000E+00     1.000E+00
9.00E-02     0.000E+00     1.000E+00
1.00E-01     0.000E+00     1.000E+00
1.10E-01     7.707E-88     1.000E+01
1.20E-01     5.939E-76     1.000E+01
1.30E-01     4.577E-64     1.000E+01
1.40E-01     3.528E-52     1.000E+01
1.50E-01     2.719E-40     1.000E+01
1.60E-01     5.483E-39     1.000E+01
1.80E-01     2.230E-36     1.000E+01
2.00E-01     9.069E-34     1.000E+01
2.50E-01     1.764E-29     1.000E+01
3.00E-01     2.635E-26     1.000E+01
3.50E-01     4.912E-24     1.000E+01
4.00E-01     9.155E-22     1.000E+01
4.50E-01     3.634E-20     1.000E+01
5.00E-01     1.442E-18     1.000E+01
6.00E-01     3.829E-16     1.000E+01
7.00E-01     3.230E-14     1.000E+01
8.00E-01     1.239E-12     1.000E+01
9.00E-01     2.692E-11     1.000E+01
1.00E+00     3.798E-10     1.000E+01
1.25E+00     3.838E-08     1.000E+01
1.50E+00     3.879E-06     1.000E+01
1.75E+00     6.611E-05     1.000E+01
2.00E+00     1.127E-03     1.000E+01
2.50E+00     5.824E-02     1.000E+01
3.00E+00     1.115E+00     1.000E+01
3.50E+00     1.123E+01     1.000E+01
4.00E+00     7.184E+01     1.000E+01
5.00E+00     1.115E+03     1.000E+01
6.00E+00     6.501E+03     1.000E+01
7.00E+00     1.875E+04     1.000E+01
8.00E+00     3.632E+04     1.000E+01
9.00E+00     5.830E+04     1.000E+01
1.00E+01     8.435E+04     1.000E+01
