4      he4 ca36 ti40                       taly      4.82400E+00      
1.00E-03     0.000E+00     1.000E+00
2.00E-03     0.000E+00     1.000E+00
3.00E-03     0.000E+00     1.000E+00
4.00E-03     0.000E+00     1.000E+00
5.00E-03     0.000E+00     1.000E+00
6.00E-03     0.000E+00     1.000E+00
7.00E-03     0.000E+00     1.000E+00
8.00E-03     0.000E+00     1.000E+00
9.00E-03     0.000E+00     1.000E+00
1.00E-02     0.000E+00     1.000E+00
1.10E-02     0.000E+00     1.000E+00
1.20E-02     0.000E+00     1.000E+00
1.30E-02     0.000E+00     1.000E+00
1.40E-02     0.000E+00     1.000E+00
1.50E-02     0.000E+00     1.000E+00
1.60E-02     0.000E+00     1.000E+00
1.80E-02     0.000E+00     1.000E+00
2.00E-02     0.000E+00     1.000E+00
2.50E-02     0.000E+00     1.000E+00
3.00E-02     0.000E+00     1.000E+00
4.00E-02     0.000E+00     1.000E+00
5.00E-02     0.000E+00     1.000E+00
6.00E-02     0.000E+00     1.000E+00
7.00E-02     0.000E+00     1.000E+00
8.00E-02     0.000E+00     1.000E+00
9.00E-02     0.000E+00     1.000E+00
1.00E-01     0.000E+00     1.000E+00
1.10E-01     1.302E-88     1.000E+01
1.20E-01     1.696E-77     1.000E+01
1.30E-01     2.208E-66     1.000E+01
1.40E-01     2.876E-55     1.000E+01
1.50E-01     3.745E-44     1.000E+01
1.60E-01     7.849E-43     1.000E+01
1.80E-01     3.447E-40     1.000E+01
2.00E-01     1.514E-37     1.000E+01
2.50E-01     2.286E-33     1.000E+01
3.00E-01     2.466E-30     1.000E+01
3.50E-01     3.647E-28     1.000E+01
4.00E-01     5.395E-26     1.000E+01
4.50E-01     1.847E-24     1.000E+01
5.00E-01     6.322E-23     1.000E+01
6.00E-01     1.364E-20     1.000E+01
7.00E-01     9.872E-19     1.000E+01
8.00E-01     3.360E-17     1.000E+01
9.00E-01     6.634E-16     1.000E+01
1.00E+00     8.692E-15     1.000E+01
1.25E+00     8.313E-13     1.000E+01
1.50E+00     7.950E-11     1.000E+01
1.75E+00     1.427E-09     1.000E+01
2.00E+00     2.561E-08     1.000E+01
2.50E+00     1.553E-06     1.000E+01
3.00E+00     3.651E-05     1.000E+01
3.50E+00     4.624E-04     1.000E+01
4.00E+00     3.695E-03     1.000E+01
5.00E+00     8.631E-02     1.000E+01
6.00E+00     7.988E-01     1.000E+01
7.00E+00     4.021E+00     1.000E+01
8.00E+00     1.322E+01     1.000E+01
9.00E+00     3.143E+01     1.000E+01
1.00E+01     5.686E+01     1.000E+01
