4        p ca44 sc45                       taly      6.89100E+00      
1.00E-03     0.000E+00     1.000E+00
2.00E-03     0.000E+00     1.000E+00
3.00E-03     0.000E+00     1.000E+00
4.00E-03     0.000E+00     1.000E+00
5.00E-03     0.000E+00     1.000E+00
6.00E-03     0.000E+00     1.000E+00
7.00E-03     0.000E+00     1.000E+00
8.00E-03     0.000E+00     1.000E+00
9.00E-03     0.000E+00     1.000E+00
1.00E-02     0.000E+00     1.000E+00
1.10E-02     9.207E-98     1.000E+01
1.20E-02     8.476E-96     1.000E+01
1.30E-02     7.804E-94     1.000E+01
1.40E-02     7.185E-92     1.000E+01
1.50E-02     6.615E-90     1.000E+01
1.60E-02     6.090E-88     1.000E+01
1.80E-02     5.162E-84     1.000E+01
2.00E-02     4.376E-80     1.000E+01
2.50E-02     2.895E-70     1.000E+01
3.00E-02     1.915E-60     1.000E+01
4.00E-02     8.378E-41     1.000E+01
5.00E-02     3.666E-21     1.000E+01
6.00E-02     1.090E-19     1.000E+01
7.00E-02     3.239E-18     1.000E+01
8.00E-02     9.629E-17     1.000E+01
9.00E-02     2.862E-15     1.000E+01
1.00E-01     8.508E-14     1.000E+01
1.10E-01     4.374E-13     1.000E+01
1.20E-01     2.249E-12     1.000E+01
1.30E-01     1.157E-11     1.000E+01
1.40E-01     5.947E-11     1.000E+01
1.50E-01     3.058E-10     1.000E+01
1.60E-01     8.557E-10     1.000E+01
1.80E-01     6.701E-09     1.000E+01
2.00E-01     5.248E-08     1.000E+01
2.50E-01     2.014E-06     1.000E+01
3.00E-01     3.223E-05     1.000E+01
3.50E-01     2.401E-04     1.000E+01
4.00E-01     1.788E-03     1.000E+01
4.50E-01     7.320E-03     1.000E+01
5.00E-01     2.996E-02     1.000E+01
6.00E-01     2.463E-01     1.000E+01
7.00E-01     1.270E+00     1.000E+01
8.00E-01     4.734E+00     1.000E+01
9.00E-01     1.395E+01     1.000E+01
1.00E+00     3.444E+01     1.000E+01
1.25E+00     1.519E+02     1.000E+01
1.50E+00     6.701E+02     1.000E+01
1.75E+00     1.555E+03     1.000E+01
2.00E+00     3.610E+03     1.000E+01
2.50E+00     1.104E+04     1.000E+01
3.00E+00     2.499E+04     1.000E+01
3.50E+00     4.702E+04     1.000E+01
4.00E+00     7.791E+04     1.000E+01
5.00E+00     1.611E+05     1.000E+01
6.00E+00     2.371E+05     1.000E+01
7.00E+00     2.515E+05     1.000E+01
8.00E+00     2.104E+05     1.000E+01
9.00E+00     1.579E+05     1.000E+01
1.00E+01     1.154E+05     1.000E+01
