4        n ca43 ca44                       taex      1.11310E+01      
1.00E-03     5.097E+07     1.118E+00
2.00E-03     4.490E+07     1.118E+00
3.00E-03     3.882E+07     1.118E+00
4.00E-03     3.274E+07     1.118E+00
5.00E-03     2.666E+07     1.118E+00
6.00E-03     2.542E+07     1.118E+00
7.00E-03     2.418E+07     1.118E+00
8.00E-03     2.293E+07     1.118E+00
9.00E-03     2.169E+07     1.118E+00
1.00E-02     2.045E+07     1.118E+00
1.10E-02     2.025E+07     1.118E+00
1.20E-02     2.005E+07     1.118E+00
1.30E-02     1.985E+07     1.118E+00
1.40E-02     1.965E+07     1.118E+00
1.50E-02     1.944E+07     1.118E+00
1.60E-02     1.924E+07     1.118E+00
1.80E-02     1.884E+07     1.118E+00
2.00E-02     1.844E+07     1.118E+00
2.50E-02     1.744E+07     1.118E+00
3.00E-02     1.643E+07     1.118E+00
4.00E-02     1.442E+07     1.118E+00
5.00E-02     1.241E+07     1.118E+00
6.00E-02     1.197E+07     1.118E+00
7.00E-02     1.153E+07     1.118E+00
8.00E-02     1.109E+07     1.118E+00
9.00E-02     1.065E+07     1.118E+00
1.00E-01     1.021E+07     1.118E+00
1.10E-01     9.995E+06     1.118E+00
1.20E-01     9.775E+06     1.118E+00
1.30E-01     9.556E+06     1.118E+00
1.40E-01     9.336E+06     1.118E+00
1.50E-01     9.117E+06     1.118E+00
1.60E-01     8.981E+06     1.118E+00
1.80E-01     8.711E+06     1.118E+00
2.00E-01     8.440E+06     1.118E+00
2.50E-01     7.974E+06     1.118E+00
3.00E-01     7.628E+06     1.118E+00
3.50E-01     7.378E+06     1.118E+00
4.00E-01     7.128E+06     1.118E+00
4.50E-01     6.950E+06     1.118E+00
5.00E-01     6.771E+06     1.118E+00
6.00E-01     6.498E+06     1.118E+00
7.00E-01     6.277E+06     1.118E+00
8.00E-01     6.093E+06     1.118E+00
9.00E-01     5.933E+06     1.118E+00
1.00E+00     5.792E+06     1.118E+00
1.25E+00     5.511E+06     1.118E+00
1.50E+00     5.231E+06     1.118E+00
1.75E+00     5.019E+06     1.118E+00
2.00E+00     4.806E+06     1.118E+00
2.50E+00     4.473E+06     1.118E+00
3.00E+00     4.206E+06     1.118E+00
3.50E+00     3.979E+06     1.118E+00
4.00E+00     3.761E+06     1.118E+00
5.00E+00     3.172E+06     1.118E+00
6.00E+00     2.201E+06     1.118E+00
7.00E+00     1.209E+06     1.118E+00
8.00E+00     5.960E+05     1.118E+00
9.00E+00     2.955E+05     1.118E+00
1.00E+01     1.536E+05     1.118E+00
