4        p ca41 sc42                       taly      4.27200E+00      
1.00E-03     0.000E+00     1.000E+00
2.00E-03     0.000E+00     1.000E+00
3.00E-03     0.000E+00     1.000E+00
4.00E-03     0.000E+00     1.000E+00
5.00E-03     0.000E+00     1.000E+00
6.00E-03     0.000E+00     1.000E+00
7.00E-03     0.000E+00     1.000E+00
8.00E-03     0.000E+00     1.000E+00
9.00E-03     0.000E+00     1.000E+00
1.00E-02     0.000E+00     1.000E+00
1.10E-02     9.211E-98     1.000E+01
1.20E-02     8.484E-96     1.000E+01
1.30E-02     7.814E-94     1.000E+01
1.40E-02     7.198E-92     1.000E+01
1.50E-02     6.630E-90     1.000E+01
1.60E-02     6.107E-88     1.000E+01
1.80E-02     5.181E-84     1.000E+01
2.00E-02     4.395E-80     1.000E+01
2.50E-02     2.914E-70     1.000E+01
3.00E-02     1.932E-60     1.000E+01
4.00E-02     8.491E-41     1.000E+01
5.00E-02     3.732E-21     1.000E+01
6.00E-02     1.112E-19     1.000E+01
7.00E-02     3.315E-18     1.000E+01
8.00E-02     9.878E-17     1.000E+01
9.00E-02     2.944E-15     1.000E+01
1.00E-01     8.773E-14     1.000E+01
1.10E-01     4.523E-13     1.000E+01
1.20E-01     2.332E-12     1.000E+01
1.30E-01     1.202E-11     1.000E+01
1.40E-01     6.197E-11     1.000E+01
1.50E-01     3.195E-10     1.000E+01
1.60E-01     8.942E-10     1.000E+01
1.80E-01     7.006E-09     1.000E+01
2.00E-01     5.490E-08     1.000E+01
2.50E-01     2.037E-06     1.000E+01
3.00E-01     2.997E-05     1.000E+01
3.50E-01     1.929E-04     1.000E+01
4.00E-01     1.242E-03     1.000E+01
4.50E-01     4.222E-03     1.000E+01
5.00E-01     1.435E-02     1.000E+01
6.00E-01     8.106E-02     1.000E+01
7.00E-01     2.951E-01     1.000E+01
8.00E-01     8.056E-01     1.000E+01
9.00E-01     1.803E+00     1.000E+01
1.00E+00     3.498E+00     1.000E+01
1.25E+00     1.009E+01     1.000E+01
1.50E+00     2.913E+01     1.000E+01
1.75E+00     5.239E+01     1.000E+01
2.00E+00     9.425E+01     1.000E+01
2.50E+00     2.035E+02     1.000E+01
3.00E+00     3.556E+02     1.000E+01
3.50E+00     5.481E+02     1.000E+01
4.00E+00     7.784E+02     1.000E+01
5.00E+00     1.327E+03     1.000E+01
6.00E+00     1.847E+03     1.000E+01
7.00E+00     2.019E+03     1.000E+01
8.00E+00     1.774E+03     1.000E+01
9.00E+00     1.393E+03     1.000E+01
1.00E+01     1.069E+03     1.000E+01
