4      he4 ca42 ti46                       taly      8.00500E+00      
1.00E-03     0.000E+00     1.000E+00
2.00E-03     0.000E+00     1.000E+00
3.00E-03     0.000E+00     1.000E+00
4.00E-03     0.000E+00     1.000E+00
5.00E-03     0.000E+00     1.000E+00
6.00E-03     0.000E+00     1.000E+00
7.00E-03     0.000E+00     1.000E+00
8.00E-03     0.000E+00     1.000E+00
9.00E-03     0.000E+00     1.000E+00
1.00E-02     0.000E+00     1.000E+00
1.10E-02     0.000E+00     1.000E+00
1.20E-02     0.000E+00     1.000E+00
1.30E-02     0.000E+00     1.000E+00
1.40E-02     0.000E+00     1.000E+00
1.50E-02     0.000E+00     1.000E+00
1.60E-02     0.000E+00     1.000E+00
1.80E-02     0.000E+00     1.000E+00
2.00E-02     0.000E+00     1.000E+00
2.50E-02     0.000E+00     1.000E+00
3.00E-02     0.000E+00     1.000E+00
4.00E-02     0.000E+00     1.000E+00
5.00E-02     0.000E+00     1.000E+00
6.00E-02     0.000E+00     1.000E+00
7.00E-02     0.000E+00     1.000E+00
8.00E-02     0.000E+00     1.000E+00
9.00E-02     0.000E+00     1.000E+00
1.00E-01     0.000E+00     1.000E+00
1.10E-01     7.113E-88     1.000E+01
1.20E-01     5.060E-76     1.000E+01
1.30E-01     3.599E-64     1.000E+01
1.40E-01     2.560E-52     1.000E+01
1.50E-01     1.821E-40     1.000E+01
1.60E-01     3.911E-39     1.000E+01
1.80E-01     1.804E-36     1.000E+01
2.00E-01     8.320E-34     1.000E+01
2.50E-01     1.463E-29     1.000E+01
3.00E-01     1.876E-26     1.000E+01
3.50E-01     3.250E-24     1.000E+01
4.00E-01     5.630E-22     1.000E+01
4.50E-01     2.181E-20     1.000E+01
5.00E-01     8.448E-19     1.000E+01
6.00E-01     2.216E-16     1.000E+01
7.00E-01     1.884E-14     1.000E+01
8.00E-01     7.357E-13     1.000E+01
9.00E-01     1.625E-11     1.000E+01
1.00E+00     2.321E-10     1.000E+01
1.25E+00     2.361E-08     1.000E+01
1.50E+00     2.402E-06     1.000E+01
1.75E+00     3.747E-05     1.000E+01
2.00E+00     5.846E-04     1.000E+01
2.50E+00     2.104E-02     1.000E+01
3.00E+00     2.567E-01     1.000E+01
3.50E+00     1.612E+00     1.000E+01
4.00E+00     6.535E+00     1.000E+01
5.00E+00     4.655E+01     1.000E+01
6.00E+00     1.609E+02     1.000E+01
7.00E+00     3.374E+02     1.000E+01
8.00E+00     5.069E+02     1.000E+01
9.00E+00     6.447E+02     1.000E+01
1.00E+01     7.710E+02     1.000E+01
