4        p ca43 sc44                       taly      6.69600E+00      
1.00E-03     0.000E+00     1.000E+00
2.00E-03     0.000E+00     1.000E+00
3.00E-03     0.000E+00     1.000E+00
4.00E-03     0.000E+00     1.000E+00
5.00E-03     0.000E+00     1.000E+00
6.00E-03     0.000E+00     1.000E+00
7.00E-03     0.000E+00     1.000E+00
8.00E-03     0.000E+00     1.000E+00
9.00E-03     0.000E+00     1.000E+00
1.00E-02     0.000E+00     1.000E+00
1.10E-02     9.226E-98     1.000E+01
1.20E-02     8.512E-96     1.000E+01
1.30E-02     7.853E-94     1.000E+01
1.40E-02     7.246E-92     1.000E+01
1.50E-02     6.685E-90     1.000E+01
1.60E-02     6.168E-88     1.000E+01
1.80E-02     5.250E-84     1.000E+01
2.00E-02     4.469E-80     1.000E+01
2.50E-02     2.987E-70     1.000E+01
3.00E-02     1.997E-60     1.000E+01
4.00E-02     8.924E-41     1.000E+01
5.00E-02     3.988E-21     1.000E+01
6.00E-02     1.184E-19     1.000E+01
7.00E-02     3.516E-18     1.000E+01
8.00E-02     1.044E-16     1.000E+01
9.00E-02     3.099E-15     1.000E+01
1.00E-01     9.202E-14     1.000E+01
1.10E-01     4.733E-13     1.000E+01
1.20E-01     2.435E-12     1.000E+01
1.30E-01     1.252E-11     1.000E+01
1.40E-01     6.441E-11     1.000E+01
1.50E-01     3.313E-10     1.000E+01
1.60E-01     9.274E-10     1.000E+01
1.80E-01     7.268E-09     1.000E+01
2.00E-01     5.695E-08     1.000E+01
2.50E-01     2.189E-06     1.000E+01
3.00E-01     3.508E-05     1.000E+01
3.50E-01     2.617E-04     1.000E+01
4.00E-01     1.953E-03     1.000E+01
4.50E-01     8.008E-03     1.000E+01
5.00E-01     3.284E-02     1.000E+01
6.00E-01     2.715E-01     1.000E+01
7.00E-01     1.411E+00     1.000E+01
8.00E-01     5.311E+00     1.000E+01
9.00E-01     1.582E+01     1.000E+01
1.00E+00     3.949E+01     1.000E+01
1.25E+00     1.763E+02     1.000E+01
1.50E+00     7.870E+02     1.000E+01
1.75E+00     1.793E+03     1.000E+01
2.00E+00     4.083E+03     1.000E+01
2.50E+00     1.156E+04     1.000E+01
3.00E+00     2.371E+04     1.000E+01
3.50E+00     4.004E+04     1.000E+01
4.00E+00     5.922E+04     1.000E+01
5.00E+00     9.526E+04     1.000E+01
6.00E+00     1.026E+05     1.000E+01
7.00E+00     7.727E+04     1.000E+01
8.00E+00     4.833E+04     1.000E+01
9.00E+00     2.896E+04     1.000E+01
1.00E+01     1.766E+04     1.000E+01
