4      he4 ca40 ti44                       po13      5.12710E+00      
1.00E-03     0.000E+00     1.000E+00
2.00E-03     0.000E+00     1.000E+00
3.00E-03     0.000E+00     1.000E+00
4.00E-03     0.000E+00     1.000E+00
5.00E-03     0.000E+00     1.000E+00
6.00E-03     0.000E+00     1.000E+00
7.00E-03     0.000E+00     1.000E+00
8.00E-03     0.000E+00     1.000E+00
9.00E-03     0.000E+00     1.000E+00
1.00E-02     0.000E+00     1.000E+00
1.10E-02     0.000E+00     1.000E+00
1.20E-02     0.000E+00     1.000E+00
1.30E-02     0.000E+00     1.000E+00
1.40E-02     0.000E+00     1.000E+00
1.50E-02     0.000E+00     1.000E+00
1.60E-02     0.000E+00     1.000E+00
1.80E-02     0.000E+00     1.000E+00
2.00E-02     3.294E-99     2.974E+00
2.50E-02     1.725E-90     2.951E+00
3.00E-02     1.686E-84     2.618E+00
4.00E-02     2.889E-73     3.083E+00
5.00E-02     5.291E-66     2.989E+00
6.00E-02     3.496E-61     3.053E+00
7.00E-02     9.334E-58     3.161E+00
8.00E-02     3.382E-55     3.277E+00
9.00E-02     3.240E-53     3.391E+00
1.00E-01     1.229E-51     3.487E+00
1.10E-01     3.286E-50     2.883E+00
1.20E-01     1.076E-47     3.130E+00
1.30E-01     7.378E-45     3.281E+00
1.40E-01     2.091E-42     3.209E+00
1.50E-01     2.773E-40     3.146E+00
1.60E-01     1.981E-38     3.093E+00
1.80E-01     2.428E-35     2.986E+00
2.00E-01     7.216E-33     2.852E+00
2.50E-01     2.465E-28     2.469E+00
3.00E-01     3.520E-25     2.285E+00
3.50E-01     8.176E-23     2.216E+00
4.00E-01     7.249E-21     2.111E+00
4.50E-01     3.558E-19     2.104E+00
5.00E-01     1.058E-17     2.164E+00
6.00E-01     2.511E-15     2.197E+00
7.00E-01     1.548E-13     2.101E+00
8.00E-01     4.019E-12     1.935E+00
9.00E-01     6.261E-11     1.761E+00
1.00E+00     6.934E-10     1.638E+00
1.25E+00     8.683E-08     1.505E+00
1.50E+00     3.051E-06     1.401E+00
1.75E+00     4.682E-05     1.298E+00
2.00E+00     4.125E-04     1.215E+00
2.50E+00     1.064E-02     1.117E+00
3.00E+00     1.046E-01     1.073E+00
3.50E+00     5.575E-01     1.053E+00
4.00E+00     1.983E+00     1.045E+00
5.00E+00     1.169E+01     1.040E+00
6.00E+00     3.710E+01     1.040E+00
7.00E+00     8.114E+01     1.041E+00
8.00E+00     1.385E+02     1.041E+00
9.00E+00     1.970E+02     1.042E+00
1.00E+01     2.444E+02     1.043E+00
