4        p ca40 sc41                       mc10      1.08509E+00      
1.00E-03     0.000E+00     1.000E+00
2.00E-03     0.000E+00     1.000E+00
3.00E-03     0.000E+00     1.000E+00
4.00E-03     0.000E+00     1.000E+00
5.00E-03     0.000E+00     1.000E+00
6.00E-03     0.000E+00     1.000E+00
7.00E-03     0.000E+00     1.000E+00
8.00E-03     0.000E+00     1.000E+00
9.00E-03     0.000E+00     1.000E+00
1.00E-02     1.574E-53     1.467E+00
1.10E-02     1.359E-51     1.471E+00
1.20E-02     6.998E-50     1.479E+00
1.30E-02     2.393E-48     1.469E+00
1.40E-02     5.716E-47     1.466E+00
1.50E-02     1.032E-45     1.473E+00
1.60E-02     1.461E-44     1.465E+00
1.80E-02     1.554E-42     1.471E+00
2.00E-02     8.791E-41     1.469E+00
2.50E-02     2.812E-37     1.472E+00
3.00E-02     1.343E-34     1.479E+00
4.00E-02     1.067E-30     1.474E+00
5.00E-02     6.253E-28     1.470E+00
6.00E-02     8.205E-26     1.477E+00
7.00E-02     3.971E-24     1.476E+00
8.00E-02     9.710E-23     1.475E+00
9.00E-02     1.471E-21     1.466E+00
1.00E-01     1.509E-20     1.474E+00
1.10E-01     1.168E-19     1.468E+00
1.20E-01     7.052E-19     1.475E+00
1.30E-01     3.523E-18     1.461E+00
1.40E-01     1.537E-17     1.469E+00
1.50E-01     6.006E-17     1.442E+00
1.60E-01     2.477E-16     1.343E+00
1.80E-01     9.421E-15     1.125E+00
2.00E-01     3.974E-13     1.116E+00
2.50E-01     4.214E-10     1.118E+00
3.00E-01     4.237E-08     1.118E+00
3.50E-01     1.102E-06     1.118E+00
4.00E-01     1.235E-05     1.118E+00
4.50E-01     7.920E-05     1.118E+00
5.00E-01     3.445E-04     1.118E+00
6.00E-01     3.014E-03     1.118E+00
7.00E-01     1.369E-02     1.118E+00
8.00E-01     4.147E-02     1.118E+00
9.00E-01     9.617E-02     1.118E+00
1.00E+00     1.854E-01     1.118E+00
1.25E+00     5.767E-01     1.118E+00
1.50E+00     1.185E+00     1.116E+00
1.75E+00     1.976E+00     1.110E+00
2.00E+00     3.099E+00     1.103E+00
2.50E+00     8.932E+00     1.103E+00
3.00E+00     1.940E+01     1.103E+00
3.50E+00     3.553E+01     1.103E+00
4.00E+00     5.832E+01     1.103E+00
5.00E+00     1.276E+02     1.103E+00
6.00E+00     2.356E+02     1.103E+00
7.00E+00     3.913E+02     1.103E+00
8.00E+00     6.024E+02     1.103E+00
9.00E+00     8.651E+02     1.103E+00
1.00E+01     1.226E+03     1.103E+00
