5        n ca41  he4 ar38                  taly      5.22300E+00      
1.00E-03     1.114E+08     1.000E+01
2.00E-03     1.015E+08     1.000E+01
3.00E-03     9.253E+07     1.000E+01
4.00E-03     8.432E+07     1.000E+01
5.00E-03     7.684E+07     1.000E+01
6.00E-03     7.377E+07     1.000E+01
7.00E-03     7.082E+07     1.000E+01
8.00E-03     6.799E+07     1.000E+01
9.00E-03     6.528E+07     1.000E+01
1.00E-02     6.267E+07     1.000E+01
1.10E-02     6.196E+07     1.000E+01
1.20E-02     6.125E+07     1.000E+01
1.30E-02     6.056E+07     1.000E+01
1.40E-02     5.987E+07     1.000E+01
1.50E-02     5.919E+07     1.000E+01
1.60E-02     5.852E+07     1.000E+01
1.80E-02     5.720E+07     1.000E+01
2.00E-02     5.590E+07     1.000E+01
2.50E-02     5.280E+07     1.000E+01
3.00E-02     4.987E+07     1.000E+01
4.00E-02     4.449E+07     1.000E+01
5.00E-02     3.969E+07     1.000E+01
6.00E-02     3.839E+07     1.000E+01
7.00E-02     3.714E+07     1.000E+01
8.00E-02     3.592E+07     1.000E+01
9.00E-02     3.475E+07     1.000E+01
1.00E-01     3.362E+07     1.000E+01
1.10E-01     3.307E+07     1.000E+01
1.20E-01     3.253E+07     1.000E+01
1.30E-01     3.200E+07     1.000E+01
1.40E-01     3.147E+07     1.000E+01
1.50E-01     3.096E+07     1.000E+01
1.60E-01     3.066E+07     1.000E+01
1.80E-01     3.008E+07     1.000E+01
2.00E-01     2.950E+07     1.000E+01
2.50E-01     2.861E+07     1.000E+01
3.00E-01     2.800E+07     1.000E+01
3.50E-01     2.761E+07     1.000E+01
4.00E-01     2.722E+07     1.000E+01
4.50E-01     2.699E+07     1.000E+01
5.00E-01     2.675E+07     1.000E+01
6.00E-01     2.647E+07     1.000E+01
7.00E-01     2.633E+07     1.000E+01
8.00E-01     2.629E+07     1.000E+01
9.00E-01     2.634E+07     1.000E+01
1.00E+00     2.645E+07     1.000E+01
1.25E+00     2.713E+07     1.000E+01
1.50E+00     2.782E+07     1.000E+01
1.75E+00     2.892E+07     1.000E+01
2.00E+00     3.007E+07     1.000E+01
2.50E+00     3.293E+07     1.000E+01
3.00E+00     3.633E+07     1.000E+01
3.50E+00     4.025E+07     1.000E+01
4.00E+00     4.474E+07     1.000E+01
5.00E+00     5.498E+07     1.000E+01
6.00E+00     6.373E+07     1.000E+01
7.00E+00     6.423E+07     1.000E+01
8.00E+00     5.561E+07     1.000E+01
9.00E+00     4.466E+07     1.000E+01
1.00E+01     3.583E+07     1.000E+01
