4        p ca39 sc40                       mc10      5.38000E-01      
1.00E-03     0.000E+00     1.000E+00
2.00E-03     0.000E+00     1.000E+00
3.00E-03     0.000E+00     1.000E+00
4.00E-03     0.000E+00     1.000E+00
5.00E-03     0.000E+00     1.000E+00
6.00E-03     0.000E+00     1.000E+00
7.00E-03     0.000E+00     1.000E+00
8.00E-03     0.000E+00     1.000E+00
9.00E-03     0.000E+00     1.000E+00
1.00E-02     3.141E-53     1.472E+00
1.10E-02     2.710E-51     1.470E+00
1.20E-02     1.402E-49     1.468E+00
1.30E-02     4.779E-48     1.466E+00
1.40E-02     1.148E-46     1.479E+00
1.50E-02     2.048E-45     1.473E+00
1.60E-02     2.890E-44     1.468E+00
1.80E-02     3.137E-42     1.474E+00
2.00E-02     1.737E-40     1.474E+00
2.50E-02     5.561E-37     1.466E+00
3.00E-02     2.626E-34     1.470E+00
4.00E-02     2.169E-30     1.444E+00
5.00E-02     4.292E-26     1.801E+00
6.00E-02     2.721E-22     1.679E+00
7.00E-02     1.395E-19     1.590E+00
8.00E-02     1.455E-17     1.537E+00
9.00E-02     5.320E-16     1.507E+00
1.00E-01     9.330E-15     1.488E+00
1.10E-01     9.557E-14     1.478E+00
1.20E-01     6.575E-13     1.472E+00
1.30E-01     3.345E-12     1.468E+00
1.40E-01     1.342E-11     1.463E+00
1.50E-01     4.475E-11     1.456E+00
1.60E-01     1.290E-10     1.445E+00
1.80E-01     7.771E-10     1.411E+00
2.00E-01     3.463E-09     1.371E+00
2.50E-01     6.544E-08     1.328E+00
3.00E-01     5.617E-07     1.363E+00
3.50E-01     2.781E-06     1.400E+00
4.00E-01     9.361E-06     1.425E+00
4.50E-01     2.392E-05     1.442E+00
5.00E-01     5.016E-05     1.452E+00
6.00E-01     1.484E-04     1.465E+00
7.00E-01     3.138E-04     1.468E+00
8.00E-01     5.548E-04     1.452E+00
9.00E-01     9.203E-04     1.401E+00
1.00E+00     1.582E-03     1.331E+00
1.25E+00     5.083E-03     1.331E+00
1.50E+00     1.165E-02     1.331E+00
1.75E+00     2.216E-02     1.331E+00
2.00E+00     3.720E-02     1.331E+00
2.50E+00     8.246E-02     1.331E+00
3.00E+00     1.505E-01     1.331E+00
3.50E+00     2.437E-01     1.331E+00
4.00E+00     3.641E-01     1.331E+00
5.00E+00     7.028E-01     1.331E+00
6.00E+00     1.188E+00     1.331E+00
7.00E+00     1.841E+00     1.331E+00
8.00E+00     2.616E+00     1.331E+00
9.00E+00     3.388E+00     1.331E+00
1.00E+01     4.145E+00     1.331E+00
