5        n ca36  he4 ar33                  taly      8.57900E+00      
1.00E-03     5.981E+06     1.000E+01
2.00E-03     6.019E+06     1.000E+01
3.00E-03     6.057E+06     1.000E+01
4.00E-03     6.095E+06     1.000E+01
5.00E-03     6.134E+06     1.000E+01
6.00E-03     6.093E+06     1.000E+01
7.00E-03     6.052E+06     1.000E+01
8.00E-03     6.012E+06     1.000E+01
9.00E-03     5.972E+06     1.000E+01
1.00E-02     5.932E+06     1.000E+01
1.10E-02     5.928E+06     1.000E+01
1.20E-02     5.924E+06     1.000E+01
1.30E-02     5.921E+06     1.000E+01
1.40E-02     5.917E+06     1.000E+01
1.50E-02     5.913E+06     1.000E+01
1.60E-02     5.909E+06     1.000E+01
1.80E-02     5.902E+06     1.000E+01
2.00E-02     5.895E+06     1.000E+01
2.50E-02     5.876E+06     1.000E+01
3.00E-02     5.858E+06     1.000E+01
4.00E-02     5.822E+06     1.000E+01
5.00E-02     5.785E+06     1.000E+01
6.00E-02     5.784E+06     1.000E+01
7.00E-02     5.784E+06     1.000E+01
8.00E-02     5.783E+06     1.000E+01
9.00E-02     5.782E+06     1.000E+01
1.00E-01     5.781E+06     1.000E+01
1.10E-01     5.788E+06     1.000E+01
1.20E-01     5.796E+06     1.000E+01
1.30E-01     5.804E+06     1.000E+01
1.40E-01     5.811E+06     1.000E+01
1.50E-01     5.819E+06     1.000E+01
1.60E-01     5.833E+06     1.000E+01
1.80E-01     5.860E+06     1.000E+01
2.00E-01     5.888E+06     1.000E+01
2.50E-01     5.969E+06     1.000E+01
3.00E-01     6.049E+06     1.000E+01
3.50E-01     6.119E+06     1.000E+01
4.00E-01     6.191E+06     1.000E+01
4.50E-01     6.252E+06     1.000E+01
5.00E-01     6.313E+06     1.000E+01
6.00E-01     6.424E+06     1.000E+01
7.00E-01     6.530E+06     1.000E+01
8.00E-01     6.633E+06     1.000E+01
9.00E-01     6.733E+06     1.000E+01
1.00E+00     6.831E+06     1.000E+01
1.25E+00     7.056E+06     1.000E+01
1.50E+00     7.288E+06     1.000E+01
1.75E+00     7.490E+06     1.000E+01
2.00E+00     7.698E+06     1.000E+01
2.50E+00     8.064E+06     1.000E+01
3.00E+00     8.393E+06     1.000E+01
3.50E+00     8.690E+06     1.000E+01
4.00E+00     8.956E+06     1.000E+01
5.00E+00     9.388E+06     1.000E+01
6.00E+00     9.655E+06     1.000E+01
7.00E+00     9.700E+06     1.000E+01
8.00E+00     9.440E+06     1.000E+01
9.00E+00     8.749E+06     1.000E+01
1.00E+01     7.536E+06     1.000E+01
