5        n ca38  he4 ar35                  taly      6.63400E+00      
1.00E-03     6.631E+07     1.000E+01
2.00E-03     6.664E+07     1.000E+01
3.00E-03     6.697E+07     1.000E+01
4.00E-03     6.730E+07     1.000E+01
5.00E-03     6.764E+07     1.000E+01
6.00E-03     6.713E+07     1.000E+01
7.00E-03     6.663E+07     1.000E+01
8.00E-03     6.613E+07     1.000E+01
9.00E-03     6.563E+07     1.000E+01
1.00E-02     6.514E+07     1.000E+01
1.10E-02     6.507E+07     1.000E+01
1.20E-02     6.499E+07     1.000E+01
1.30E-02     6.492E+07     1.000E+01
1.40E-02     6.484E+07     1.000E+01
1.50E-02     6.477E+07     1.000E+01
1.60E-02     6.469E+07     1.000E+01
1.80E-02     6.455E+07     1.000E+01
2.00E-02     6.440E+07     1.000E+01
2.50E-02     6.403E+07     1.000E+01
3.00E-02     6.366E+07     1.000E+01
4.00E-02     6.294E+07     1.000E+01
5.00E-02     6.222E+07     1.000E+01
6.00E-02     6.199E+07     1.000E+01
7.00E-02     6.176E+07     1.000E+01
8.00E-02     6.153E+07     1.000E+01
9.00E-02     6.130E+07     1.000E+01
1.00E-01     6.107E+07     1.000E+01
1.10E-01     6.097E+07     1.000E+01
1.20E-01     6.087E+07     1.000E+01
1.30E-01     6.077E+07     1.000E+01
1.40E-01     6.067E+07     1.000E+01
1.50E-01     6.057E+07     1.000E+01
1.60E-01     6.056E+07     1.000E+01
1.80E-01     6.052E+07     1.000E+01
2.00E-01     6.048E+07     1.000E+01
2.50E-01     6.059E+07     1.000E+01
3.00E-01     6.075E+07     1.000E+01
3.50E-01     6.090E+07     1.000E+01
4.00E-01     6.105E+07     1.000E+01
4.50E-01     6.117E+07     1.000E+01
5.00E-01     6.129E+07     1.000E+01
6.00E-01     6.153E+07     1.000E+01
7.00E-01     6.180E+07     1.000E+01
8.00E-01     6.210E+07     1.000E+01
9.00E-01     6.244E+07     1.000E+01
1.00E+00     6.281E+07     1.000E+01
1.25E+00     6.385E+07     1.000E+01
1.50E+00     6.490E+07     1.000E+01
1.75E+00     6.602E+07     1.000E+01
2.00E+00     6.716E+07     1.000E+01
2.50E+00     6.939E+07     1.000E+01
3.00E+00     7.154E+07     1.000E+01
3.50E+00     7.356E+07     1.000E+01
4.00E+00     7.544E+07     1.000E+01
5.00E+00     7.871E+07     1.000E+01
6.00E+00     8.116E+07     1.000E+01
7.00E+00     8.256E+07     1.000E+01
8.00E+00     8.226E+07     1.000E+01
9.00E+00     7.880E+07     1.000E+01
1.00E+01     7.035E+07     1.000E+01
