4        p cd98 in99                       taly      1.02900E+00      
1.00E-03     0.000E+00     1.000E+00
2.00E-03     0.000E+00     1.000E+00
3.00E-03     0.000E+00     1.000E+00
4.00E-03     0.000E+00     1.000E+00
5.00E-03     0.000E+00     1.000E+00
6.00E-03     0.000E+00     1.000E+00
7.00E-03     0.000E+00     1.000E+00
8.00E-03     0.000E+00     1.000E+00
9.00E-03     0.000E+00     1.000E+00
1.00E-02     0.000E+00     1.000E+00
1.10E-02     0.000E+00     1.000E+00
1.20E-02     0.000E+00     1.000E+00
1.30E-02     0.000E+00     1.000E+00
1.40E-02     0.000E+00     1.000E+00
1.50E-02     0.000E+00     1.000E+00
1.60E-02     0.000E+00     1.000E+00
1.80E-02     0.000E+00     1.000E+00
2.00E-02     0.000E+00     1.000E+00
2.50E-02     0.000E+00     1.000E+00
3.00E-02     0.000E+00     1.000E+00
4.00E-02     0.000E+00     1.000E+00
5.00E-02     0.000E+00     1.000E+00
6.00E-02     1.623E-86     1.000E+01
7.00E-02     2.634E-73     1.000E+01
8.00E-02     4.274E-60     1.000E+01
9.00E-02     6.935E-47     1.000E+01
1.00E-01     1.125E-33     1.000E+01
1.10E-01     2.753E-32     1.000E+01
1.20E-01     6.736E-31     1.000E+01
1.30E-01     1.648E-29     1.000E+01
1.40E-01     4.031E-28     1.000E+01
1.50E-01     9.862E-27     1.000E+01
1.60E-01     6.586E-26     1.000E+01
1.80E-01     2.938E-24     1.000E+01
2.00E-01     1.310E-22     1.000E+01
2.50E-01     1.078E-19     1.000E+01
3.00E-01     1.790E-17     1.000E+01
3.50E-01     7.365E-16     1.000E+01
4.00E-01     3.029E-14     1.000E+01
4.50E-01     4.175E-13     1.000E+01
5.00E-01     5.755E-12     1.000E+01
6.00E-01     2.947E-10     1.000E+01
7.00E-01     6.335E-09     1.000E+01
8.00E-01     7.434E-08     1.000E+01
9.00E-01     5.638E-07     1.000E+01
1.00E+00     3.091E-06     1.000E+01
1.25E+00     5.266E-05     1.000E+01
1.50E+00     8.971E-04     1.000E+01
1.75E+00     4.696E-03     1.000E+01
2.00E+00     2.458E-02     1.000E+01
2.50E+00     2.311E-01     1.000E+01
3.00E+00     1.192E+00     1.000E+01
3.50E+00     4.137E+00     1.000E+01
4.00E+00     1.053E+01     1.000E+01
5.00E+00     3.067E+01     1.000E+01
6.00E+00     4.309E+01     1.000E+01
7.00E+00     4.603E+01     1.000E+01
8.00E+00     4.564E+01     1.000E+01
9.00E+00     4.438E+01     1.000E+01
1.00E+01     4.300E+01     1.000E+01
