4        n cd96 cd97                       taly      1.29520E+01      
1.00E-03     2.190E+04     1.000E+01
2.00E-03     2.256E+04     1.000E+01
3.00E-03     2.321E+04     1.000E+01
4.00E-03     2.387E+04     1.000E+01
5.00E-03     2.452E+04     1.000E+01
6.00E-03     2.482E+04     1.000E+01
7.00E-03     2.512E+04     1.000E+01
8.00E-03     2.542E+04     1.000E+01
9.00E-03     2.572E+04     1.000E+01
1.00E-02     2.602E+04     1.000E+01
1.10E-02     2.646E+04     1.000E+01
1.20E-02     2.690E+04     1.000E+01
1.30E-02     2.734E+04     1.000E+01
1.40E-02     2.778E+04     1.000E+01
1.50E-02     2.822E+04     1.000E+01
1.60E-02     2.866E+04     1.000E+01
1.80E-02     2.954E+04     1.000E+01
2.00E-02     3.043E+04     1.000E+01
2.50E-02     3.263E+04     1.000E+01
3.00E-02     3.483E+04     1.000E+01
4.00E-02     3.924E+04     1.000E+01
5.00E-02     4.365E+04     1.000E+01
6.00E-02     4.776E+04     1.000E+01
7.00E-02     5.187E+04     1.000E+01
8.00E-02     5.598E+04     1.000E+01
9.00E-02     6.009E+04     1.000E+01
1.00E-01     6.420E+04     1.000E+01
1.10E-01     6.808E+04     1.000E+01
1.20E-01     7.195E+04     1.000E+01
1.30E-01     7.582E+04     1.000E+01
1.40E-01     7.969E+04     1.000E+01
1.50E-01     8.356E+04     1.000E+01
1.60E-01     8.723E+04     1.000E+01
1.80E-01     9.457E+04     1.000E+01
2.00E-01     1.019E+05     1.000E+01
2.50E-01     1.189E+05     1.000E+01
3.00E-01     1.344E+05     1.000E+01
3.50E-01     1.468E+05     1.000E+01
4.00E-01     1.592E+05     1.000E+01
4.50E-01     1.644E+05     1.000E+01
5.00E-01     1.696E+05     1.000E+01
6.00E-01     1.564E+05     1.000E+01
7.00E-01     1.251E+05     1.000E+01
8.00E-01     9.252E+04     1.000E+01
9.00E-01     6.758E+04     1.000E+01
1.00E+00     5.054E+04     1.000E+01
1.25E+00     3.496E+04     1.000E+01
1.50E+00     1.937E+04     1.000E+01
1.75E+00     1.582E+04     1.000E+01
2.00E+00     1.227E+04     1.000E+01
2.50E+00     9.633E+03     1.000E+01
3.00E+00     8.396E+03     1.000E+01
3.50E+00     7.746E+03     1.000E+01
4.00E+00     7.385E+03     1.000E+01
5.00E+00     7.048E+03     1.000E+01
6.00E+00     6.896E+03     1.000E+01
7.00E+00     6.778E+03     1.000E+01
8.00E+00     6.642E+03     1.000E+01
9.00E+00     6.470E+03     1.000E+01
1.00E+01     6.254E+03     1.000E+01
