4        p cd99in100                       taly      1.67100E+00      
1.00E-03     0.000E+00     1.000E+00
2.00E-03     0.000E+00     1.000E+00
3.00E-03     0.000E+00     1.000E+00
4.00E-03     0.000E+00     1.000E+00
5.00E-03     0.000E+00     1.000E+00
6.00E-03     0.000E+00     1.000E+00
7.00E-03     0.000E+00     1.000E+00
8.00E-03     0.000E+00     1.000E+00
9.00E-03     0.000E+00     1.000E+00
1.00E-02     0.000E+00     1.000E+00
1.10E-02     0.000E+00     1.000E+00
1.20E-02     0.000E+00     1.000E+00
1.30E-02     0.000E+00     1.000E+00
1.40E-02     0.000E+00     1.000E+00
1.50E-02     0.000E+00     1.000E+00
1.60E-02     0.000E+00     1.000E+00
1.80E-02     0.000E+00     1.000E+00
2.00E-02     0.000E+00     1.000E+00
2.50E-02     0.000E+00     1.000E+00
3.00E-02     0.000E+00     1.000E+00
4.00E-02     0.000E+00     1.000E+00
5.00E-02     0.000E+00     1.000E+00
6.00E-02     1.467E-86     1.000E+01
7.00E-02     2.151E-73     1.000E+01
8.00E-02     3.155E-60     1.000E+01
9.00E-02     4.627E-47     1.000E+01
1.00E-01     6.786E-34     1.000E+01
1.10E-01     1.692E-32     1.000E+01
1.20E-01     4.217E-31     1.000E+01
1.30E-01     1.051E-29     1.000E+01
1.40E-01     2.620E-28     1.000E+01
1.50E-01     6.532E-27     1.000E+01
1.60E-01     4.391E-26     1.000E+01
1.80E-01     1.985E-24     1.000E+01
2.00E-01     8.969E-23     1.000E+01
2.50E-01     7.355E-20     1.000E+01
3.00E-01     1.203E-17     1.000E+01
3.50E-01     4.908E-16     1.000E+01
4.00E-01     2.003E-14     1.000E+01
4.50E-01     2.740E-13     1.000E+01
5.00E-01     3.749E-12     1.000E+01
6.00E-01     1.878E-10     1.000E+01
7.00E-01     3.945E-09     1.000E+01
8.00E-01     4.567E-08     1.000E+01
9.00E-01     3.473E-07     1.000E+01
1.00E+00     1.945E-06     1.000E+01
1.25E+00     3.747E-05     1.000E+01
1.50E+00     7.219E-04     1.000E+01
1.75E+00     4.183E-03     1.000E+01
2.00E+00     2.424E-02     1.000E+01
2.50E+00     2.531E-01     1.000E+01
3.00E+00     1.391E+00     1.000E+01
3.50E+00     5.210E+00     1.000E+01
4.00E+00     1.528E+01     1.000E+01
5.00E+00     8.318E+01     1.000E+01
6.00E+00     2.921E+02     1.000E+01
7.00E+00     5.802E+02     1.000E+01
8.00E+00     5.851E+02     1.000E+01
9.00E+00     4.428E+02     1.000E+01
1.00E+01     3.334E+02     1.000E+01
