5        n cd95  he4 pd92                  taly      1.40850E+01      
1.00E-03     1.420E+05     1.000E+01
2.00E-03     1.443E+05     1.000E+01
3.00E-03     1.466E+05     1.000E+01
4.00E-03     1.490E+05     1.000E+01
5.00E-03     1.514E+05     1.000E+01
6.00E-03     1.516E+05     1.000E+01
7.00E-03     1.519E+05     1.000E+01
8.00E-03     1.521E+05     1.000E+01
9.00E-03     1.523E+05     1.000E+01
1.00E-02     1.526E+05     1.000E+01
1.10E-02     1.536E+05     1.000E+01
1.20E-02     1.545E+05     1.000E+01
1.30E-02     1.555E+05     1.000E+01
1.40E-02     1.565E+05     1.000E+01
1.50E-02     1.575E+05     1.000E+01
1.60E-02     1.585E+05     1.000E+01
1.80E-02     1.606E+05     1.000E+01
2.00E-02     1.626E+05     1.000E+01
2.50E-02     1.679E+05     1.000E+01
3.00E-02     1.733E+05     1.000E+01
4.00E-02     1.848E+05     1.000E+01
5.00E-02     1.969E+05     1.000E+01
6.00E-02     2.068E+05     1.000E+01
7.00E-02     2.171E+05     1.000E+01
8.00E-02     2.280E+05     1.000E+01
9.00E-02     2.394E+05     1.000E+01
1.00E-01     2.514E+05     1.000E+01
1.10E-01     2.611E+05     1.000E+01
1.20E-01     2.713E+05     1.000E+01
1.30E-01     2.819E+05     1.000E+01
1.40E-01     2.928E+05     1.000E+01
1.50E-01     3.042E+05     1.000E+01
1.60E-01     3.139E+05     1.000E+01
1.80E-01     3.341E+05     1.000E+01
2.00E-01     3.557E+05     1.000E+01
2.50E-01     4.047E+05     1.000E+01
3.00E-01     4.501E+05     1.000E+01
3.50E-01     4.874E+05     1.000E+01
4.00E-01     5.278E+05     1.000E+01
4.50E-01     5.531E+05     1.000E+01
5.00E-01     5.797E+05     1.000E+01
6.00E-01     5.900E+05     1.000E+01
7.00E-01     5.537E+05     1.000E+01
8.00E-01     4.864E+05     1.000E+01
9.00E-01     4.110E+05     1.000E+01
1.00E+00     3.428E+05     1.000E+01
1.25E+00     2.373E+05     1.000E+01
1.50E+00     1.642E+05     1.000E+01
1.75E+00     1.374E+05     1.000E+01
2.00E+00     1.149E+05     1.000E+01
2.50E+00     1.013E+05     1.000E+01
3.00E+00     9.960E+04     1.000E+01
3.50E+00     1.027E+05     1.000E+01
4.00E+00     1.080E+05     1.000E+01
5.00E+00     1.231E+05     1.000E+01
6.00E+00     1.430E+05     1.000E+01
7.00E+00     1.674E+05     1.000E+01
8.00E+00     1.951E+05     1.000E+01
9.00E+00     2.232E+05     1.000E+01
1.00E+01     2.482E+05     1.000E+01
