5        n cd97    p ag97                  taly      1.11540E+01      
1.00E-03     7.044E+07     1.000E+01
2.00E-03     7.198E+07     1.000E+01
3.00E-03     7.356E+07     1.000E+01
4.00E-03     7.516E+07     1.000E+01
5.00E-03     7.681E+07     1.000E+01
6.00E-03     7.731E+07     1.000E+01
7.00E-03     7.781E+07     1.000E+01
8.00E-03     7.831E+07     1.000E+01
9.00E-03     7.882E+07     1.000E+01
1.00E-02     7.933E+07     1.000E+01
1.10E-02     8.011E+07     1.000E+01
1.20E-02     8.089E+07     1.000E+01
1.30E-02     8.167E+07     1.000E+01
1.40E-02     8.247E+07     1.000E+01
1.50E-02     8.327E+07     1.000E+01
1.60E-02     8.408E+07     1.000E+01
1.80E-02     8.573E+07     1.000E+01
2.00E-02     8.741E+07     1.000E+01
2.50E-02     9.175E+07     1.000E+01
3.00E-02     9.630E+07     1.000E+01
4.00E-02     1.061E+08     1.000E+01
5.00E-02     1.169E+08     1.000E+01
6.00E-02     1.245E+08     1.000E+01
7.00E-02     1.326E+08     1.000E+01
8.00E-02     1.412E+08     1.000E+01
9.00E-02     1.503E+08     1.000E+01
1.00E-01     1.601E+08     1.000E+01
1.10E-01     1.673E+08     1.000E+01
1.20E-01     1.749E+08     1.000E+01
1.30E-01     1.828E+08     1.000E+01
1.40E-01     1.911E+08     1.000E+01
1.50E-01     1.997E+08     1.000E+01
1.60E-01     2.065E+08     1.000E+01
1.80E-01     2.209E+08     1.000E+01
2.00E-01     2.363E+08     1.000E+01
2.50E-01     2.694E+08     1.000E+01
3.00E-01     2.987E+08     1.000E+01
3.50E-01     3.211E+08     1.000E+01
4.00E-01     3.452E+08     1.000E+01
4.50E-01     3.582E+08     1.000E+01
5.00E-01     3.717E+08     1.000E+01
6.00E-01     3.710E+08     1.000E+01
7.00E-01     3.427E+08     1.000E+01
8.00E-01     2.974E+08     1.000E+01
9.00E-01     2.489E+08     1.000E+01
1.00E+00     2.057E+08     1.000E+01
1.25E+00     1.367E+08     1.000E+01
1.50E+00     9.085E+07     1.000E+01
1.75E+00     6.983E+07     1.000E+01
2.00E+00     5.367E+07     1.000E+01
2.50E+00     3.742E+07     1.000E+01
3.00E+00     2.851E+07     1.000E+01
3.50E+00     2.286E+07     1.000E+01
4.00E+00     1.895E+07     1.000E+01
5.00E+00     1.384E+07     1.000E+01
6.00E+00     1.066E+07     1.000E+01
7.00E+00     8.502E+06     1.000E+01
8.00E+00     6.951E+06     1.000E+01
9.00E+00     5.777E+06     1.000E+01
1.00E+01     4.838E+06     1.000E+01
