4        n cd95 cd96                       taly      1.70130E+01      
1.00E-03     6.883E+03     1.000E+01
2.00E-03     7.103E+03     1.000E+01
3.00E-03     7.323E+03     1.000E+01
4.00E-03     7.543E+03     1.000E+01
5.00E-03     7.763E+03     1.000E+01
6.00E-03     7.869E+03     1.000E+01
7.00E-03     7.976E+03     1.000E+01
8.00E-03     8.082E+03     1.000E+01
9.00E-03     8.188E+03     1.000E+01
1.00E-02     8.295E+03     1.000E+01
1.10E-02     8.446E+03     1.000E+01
1.20E-02     8.597E+03     1.000E+01
1.30E-02     8.749E+03     1.000E+01
1.40E-02     8.900E+03     1.000E+01
1.50E-02     9.051E+03     1.000E+01
1.60E-02     9.203E+03     1.000E+01
1.80E-02     9.505E+03     1.000E+01
2.00E-02     9.808E+03     1.000E+01
2.50E-02     1.056E+04     1.000E+01
3.00E-02     1.132E+04     1.000E+01
4.00E-02     1.283E+04     1.000E+01
5.00E-02     1.435E+04     1.000E+01
6.00E-02     1.576E+04     1.000E+01
7.00E-02     1.716E+04     1.000E+01
8.00E-02     1.857E+04     1.000E+01
9.00E-02     1.998E+04     1.000E+01
1.00E-01     2.139E+04     1.000E+01
1.10E-01     2.272E+04     1.000E+01
1.20E-01     2.404E+04     1.000E+01
1.30E-01     2.537E+04     1.000E+01
1.40E-01     2.670E+04     1.000E+01
1.50E-01     2.802E+04     1.000E+01
1.60E-01     2.928E+04     1.000E+01
1.80E-01     3.179E+04     1.000E+01
2.00E-01     3.430E+04     1.000E+01
2.50E-01     4.013E+04     1.000E+01
3.00E-01     4.542E+04     1.000E+01
3.50E-01     4.982E+04     1.000E+01
4.00E-01     5.421E+04     1.000E+01
4.50E-01     5.703E+04     1.000E+01
5.00E-01     5.985E+04     1.000E+01
6.00E-01     6.081E+04     1.000E+01
7.00E-01     5.673E+04     1.000E+01
8.00E-01     4.939E+04     1.000E+01
9.00E-01     4.127E+04     1.000E+01
1.00E+00     3.398E+04     1.000E+01
1.25E+00     2.444E+04     1.000E+01
1.50E+00     1.490E+04     1.000E+01
1.75E+00     1.206E+04     1.000E+01
2.00E+00     9.213E+03     1.000E+01
2.50E+00     7.052E+03     1.000E+01
3.00E+00     6.022E+03     1.000E+01
3.50E+00     5.421E+03     1.000E+01
4.00E+00     5.000E+03     1.000E+01
5.00E+00     4.360E+03     1.000E+01
6.00E+00     3.819E+03     1.000E+01
7.00E+00     3.322E+03     1.000E+01
8.00E+00     2.858E+03     1.000E+01
9.00E+00     2.425E+03     1.000E+01
1.00E+01     2.023E+03     1.000E+01
