4      he4 cd96sn100                       taly      4.13500E+00      
1.00E-03     0.000E+00     1.000E+00
2.00E-03     0.000E+00     1.000E+00
3.00E-03     0.000E+00     1.000E+00
4.00E-03     0.000E+00     1.000E+00
5.00E-03     0.000E+00     1.000E+00
6.00E-03     0.000E+00     1.000E+00
7.00E-03     0.000E+00     1.000E+00
8.00E-03     0.000E+00     1.000E+00
9.00E-03     0.000E+00     1.000E+00
1.00E-02     0.000E+00     1.000E+00
1.10E-02     0.000E+00     1.000E+00
1.20E-02     0.000E+00     1.000E+00
1.30E-02     0.000E+00     1.000E+00
1.40E-02     0.000E+00     1.000E+00
1.50E-02     0.000E+00     1.000E+00
1.60E-02     0.000E+00     1.000E+00
1.80E-02     0.000E+00     1.000E+00
2.00E-02     0.000E+00     1.000E+00
2.50E-02     0.000E+00     1.000E+00
3.00E-02     0.000E+00     1.000E+00
4.00E-02     0.000E+00     1.000E+00
5.00E-02     0.000E+00     1.000E+00
6.00E-02     0.000E+00     1.000E+00
7.00E-02     0.000E+00     1.000E+00
8.00E-02     0.000E+00     1.000E+00
9.00E-02     0.000E+00     1.000E+00
1.00E-01     0.000E+00     1.000E+00
1.10E-01     0.000E+00     1.000E+00
1.20E-01     0.000E+00     1.000E+00
1.30E-01     0.000E+00     1.000E+00
1.40E-01     0.000E+00     1.000E+00
1.50E-01     0.000E+00     1.000E+00
1.60E-01     0.000E+00     1.000E+00
1.80E-01     0.000E+00     1.000E+00
2.00E-01     0.000E+00     1.000E+00
2.50E-01     0.000E+00     1.000E+00
3.00E-01     0.000E+00     1.000E+00
3.50E-01     0.000E+00     1.000E+00
4.00E-01     0.000E+00     1.000E+00
4.50E-01     1.353E-72     1.000E+01
5.00E-01     1.829E-45     1.000E+01
6.00E-01     8.775E-41     1.000E+01
7.00E-01     1.783E-37     1.000E+01
8.00E-01     5.520E-35     1.000E+01
9.00E-01     5.501E-33     1.000E+01
1.00E+00     2.705E-31     1.000E+01
1.25E+00     2.928E-28     1.000E+01
1.50E+00     3.170E-25     1.000E+01
1.75E+00     2.918E-23     1.000E+01
2.00E+00     2.685E-21     1.000E+01
2.50E+00     2.301E-18     1.000E+01
3.00E+00     4.773E-16     1.000E+01
3.50E+00     3.521E-14     1.000E+01
4.00E+00     1.194E-12     1.000E+01
5.00E+00     2.509E-10     1.000E+01
6.00E+00     1.111E-08     1.000E+01
7.00E+00     1.822E-07     1.000E+01
8.00E+00     1.548E-06     1.000E+01
9.00E+00     8.343E-06     1.000E+01
1.00E+01     3.232E-05     1.000E+01
