4        n cd98 cd99                       taly      1.03660E+01      
1.00E-03     2.487E+06     1.000E+01
2.00E-03     2.517E+06     1.000E+01
3.00E-03     2.547E+06     1.000E+01
4.00E-03     2.577E+06     1.000E+01
5.00E-03     2.608E+06     1.000E+01
6.00E-03     2.614E+06     1.000E+01
7.00E-03     2.620E+06     1.000E+01
8.00E-03     2.626E+06     1.000E+01
9.00E-03     2.632E+06     1.000E+01
1.00E-02     2.638E+06     1.000E+01
1.10E-02     2.663E+06     1.000E+01
1.20E-02     2.688E+06     1.000E+01
1.30E-02     2.714E+06     1.000E+01
1.40E-02     2.739E+06     1.000E+01
1.50E-02     2.764E+06     1.000E+01
1.60E-02     2.789E+06     1.000E+01
1.80E-02     2.840E+06     1.000E+01
2.00E-02     2.890E+06     1.000E+01
2.50E-02     3.016E+06     1.000E+01
3.00E-02     3.142E+06     1.000E+01
4.00E-02     3.395E+06     1.000E+01
5.00E-02     3.647E+06     1.000E+01
6.00E-02     3.863E+06     1.000E+01
7.00E-02     4.078E+06     1.000E+01
8.00E-02     4.294E+06     1.000E+01
9.00E-02     4.510E+06     1.000E+01
1.00E-01     4.726E+06     1.000E+01
1.10E-01     4.900E+06     1.000E+01
1.20E-01     5.073E+06     1.000E+01
1.30E-01     5.247E+06     1.000E+01
1.40E-01     5.421E+06     1.000E+01
1.50E-01     5.595E+06     1.000E+01
1.60E-01     5.739E+06     1.000E+01
1.80E-01     6.028E+06     1.000E+01
2.00E-01     6.316E+06     1.000E+01
2.50E-01     6.919E+06     1.000E+01
3.00E-01     7.419E+06     1.000E+01
3.50E-01     7.796E+06     1.000E+01
4.00E-01     8.174E+06     1.000E+01
4.50E-01     8.439E+06     1.000E+01
5.00E-01     8.704E+06     1.000E+01
6.00E-01     9.091E+06     1.000E+01
7.00E-01     9.384E+06     1.000E+01
8.00E-01     9.613E+06     1.000E+01
9.00E-01     9.795E+06     1.000E+01
1.00E+00     9.943E+06     1.000E+01
1.25E+00     1.016E+07     1.000E+01
1.50E+00     1.038E+07     1.000E+01
1.75E+00     1.047E+07     1.000E+01
2.00E+00     1.056E+07     1.000E+01
2.50E+00     1.061E+07     1.000E+01
3.00E+00     1.050E+07     1.000E+01
3.50E+00     1.010E+07     1.000E+01
4.00E+00     9.175E+06     1.000E+01
5.00E+00     5.690E+06     1.000E+01
6.00E+00     2.734E+06     1.000E+01
7.00E+00     1.368E+06     1.000E+01
8.00E+00     7.798E+05     1.000E+01
9.00E+00     4.974E+05     1.000E+01
1.00E+01     3.437E+05     1.000E+01
