5      he4 cd95    p in98                  taly      2.40100E+00      
1.00E-03     0.000E+00     1.000E+00
2.00E-03     0.000E+00     1.000E+00
3.00E-03     0.000E+00     1.000E+00
4.00E-03     0.000E+00     1.000E+00
5.00E-03     0.000E+00     1.000E+00
6.00E-03     0.000E+00     1.000E+00
7.00E-03     0.000E+00     1.000E+00
8.00E-03     0.000E+00     1.000E+00
9.00E-03     0.000E+00     1.000E+00
1.00E-02     0.000E+00     1.000E+00
1.10E-02     0.000E+00     1.000E+00
1.20E-02     0.000E+00     1.000E+00
1.30E-02     0.000E+00     1.000E+00
1.40E-02     0.000E+00     1.000E+00
1.50E-02     0.000E+00     1.000E+00
1.60E-02     0.000E+00     1.000E+00
1.80E-02     0.000E+00     1.000E+00
2.00E-02     0.000E+00     1.000E+00
2.50E-02     0.000E+00     1.000E+00
3.00E-02     0.000E+00     1.000E+00
4.00E-02     0.000E+00     1.000E+00
5.00E-02     0.000E+00     1.000E+00
6.00E-02     0.000E+00     1.000E+00
7.00E-02     0.000E+00     1.000E+00
8.00E-02     0.000E+00     1.000E+00
9.00E-02     0.000E+00     1.000E+00
1.00E-01     0.000E+00     1.000E+00
1.10E-01     0.000E+00     1.000E+00
1.20E-01     0.000E+00     1.000E+00
1.30E-01     0.000E+00     1.000E+00
1.40E-01     0.000E+00     1.000E+00
1.50E-01     0.000E+00     1.000E+00
1.60E-01     0.000E+00     1.000E+00
1.80E-01     0.000E+00     1.000E+00
2.00E-01     0.000E+00     1.000E+00
2.50E-01     0.000E+00     1.000E+00
3.00E-01     0.000E+00     1.000E+00
3.50E-01     0.000E+00     1.000E+00
4.00E-01     0.000E+00     1.000E+00
4.50E-01     5.493E-72     1.000E+01
5.00E-01     3.017E-44     1.000E+01
6.00E-01     2.855E-39     1.000E+01
7.00E-01     1.263E-35     1.000E+01
8.00E-01     9.078E-33     1.000E+01
9.00E-01     2.058E-30     1.000E+01
1.00E+00     2.117E-28     1.000E+01
1.25E+00     6.862E-25     1.000E+01
1.50E+00     2.225E-21     1.000E+01
1.75E+00     3.352E-19     1.000E+01
2.00E+00     5.050E-17     1.000E+01
2.50E+00     5.407E-14     1.000E+01
3.00E+00     9.107E-12     1.000E+01
3.50E+00     4.636E-10     1.000E+01
4.00E+00     1.054E-08     1.000E+01
5.00E+00     1.157E-06     1.000E+01
6.00E+00     3.426E-05     1.000E+01
7.00E+00     4.378E-04     1.000E+01
8.00E+00     3.128E-03     1.000E+01
9.00E+00     1.465E-02     1.000E+01
1.00E+01     4.995E-02     1.000E+01
