5        n cd95    p ag95                  taly      1.37480E+01      
1.00E-03     2.396E+07     1.000E+01
2.00E-03     2.443E+07     1.000E+01
3.00E-03     2.491E+07     1.000E+01
4.00E-03     2.539E+07     1.000E+01
5.00E-03     2.589E+07     1.000E+01
6.00E-03     2.601E+07     1.000E+01
7.00E-03     2.612E+07     1.000E+01
8.00E-03     2.624E+07     1.000E+01
9.00E-03     2.636E+07     1.000E+01
1.00E-02     2.647E+07     1.000E+01
1.10E-02     2.670E+07     1.000E+01
1.20E-02     2.692E+07     1.000E+01
1.30E-02     2.715E+07     1.000E+01
1.40E-02     2.738E+07     1.000E+01
1.50E-02     2.761E+07     1.000E+01
1.60E-02     2.784E+07     1.000E+01
1.80E-02     2.831E+07     1.000E+01
2.00E-02     2.879E+07     1.000E+01
2.50E-02     3.003E+07     1.000E+01
3.00E-02     3.131E+07     1.000E+01
4.00E-02     3.406E+07     1.000E+01
5.00E-02     3.704E+07     1.000E+01
6.00E-02     3.925E+07     1.000E+01
7.00E-02     4.160E+07     1.000E+01
8.00E-02     4.408E+07     1.000E+01
9.00E-02     4.672E+07     1.000E+01
1.00E-01     4.951E+07     1.000E+01
1.10E-01     5.166E+07     1.000E+01
1.20E-01     5.391E+07     1.000E+01
1.30E-01     5.626E+07     1.000E+01
1.40E-01     5.870E+07     1.000E+01
1.50E-01     6.125E+07     1.000E+01
1.60E-01     6.333E+07     1.000E+01
1.80E-01     6.771E+07     1.000E+01
2.00E-01     7.238E+07     1.000E+01
2.50E-01     8.270E+07     1.000E+01
3.00E-01     9.204E+07     1.000E+01
3.50E-01     9.944E+07     1.000E+01
4.00E-01     1.074E+08     1.000E+01
4.50E-01     1.121E+08     1.000E+01
5.00E-01     1.170E+08     1.000E+01
6.00E-01     1.180E+08     1.000E+01
7.00E-01     1.098E+08     1.000E+01
8.00E-01     9.564E+07     1.000E+01
9.00E-01     8.021E+07     1.000E+01
1.00E+00     6.639E+07     1.000E+01
1.25E+00     4.446E+07     1.000E+01
1.50E+00     2.977E+07     1.000E+01
1.75E+00     2.308E+07     1.000E+01
2.00E+00     1.790E+07     1.000E+01
2.50E+00     1.265E+07     1.000E+01
3.00E+00     9.750E+06     1.000E+01
3.50E+00     7.914E+06     1.000E+01
4.00E+00     6.648E+06     1.000E+01
5.00E+00     5.023E+06     1.000E+01
6.00E+00     4.023E+06     1.000E+01
7.00E+00     3.335E+06     1.000E+01
8.00E+00     2.817E+06     1.000E+01
9.00E+00     2.395E+06     1.000E+01
1.00E+01     2.028E+06     1.000E+01
