5      he4 cl35    p ar38                  taly      8.37000E-01      
1.00E-03     0.000E+00     1.000E+00
2.00E-03     0.000E+00     1.000E+00
3.00E-03     0.000E+00     1.000E+00
4.00E-03     0.000E+00     1.000E+00
5.00E-03     0.000E+00     1.000E+00
6.00E-03     0.000E+00     1.000E+00
7.00E-03     0.000E+00     1.000E+00
8.00E-03     0.000E+00     1.000E+00
9.00E-03     0.000E+00     1.000E+00
1.00E-02     0.000E+00     1.000E+00
1.10E-02     0.000E+00     1.000E+00
1.20E-02     0.000E+00     1.000E+00
1.30E-02     0.000E+00     1.000E+00
1.40E-02     0.000E+00     1.000E+00
1.50E-02     0.000E+00     1.000E+00
1.60E-02     0.000E+00     1.000E+00
1.80E-02     0.000E+00     1.000E+00
2.00E-02     0.000E+00     1.000E+00
2.50E-02     0.000E+00     1.000E+00
3.00E-02     0.000E+00     1.000E+00
4.00E-02     0.000E+00     1.000E+00
5.00E-02     0.000E+00     1.000E+00
6.00E-02     1.289E-88     1.000E+01
7.00E-02     1.663E-77     1.000E+01
8.00E-02     2.144E-66     1.000E+01
9.00E-02     2.765E-55     1.000E+01
1.00E-01     3.565E-44     1.000E+01
1.10E-01     3.595E-42     1.000E+01
1.20E-01     3.625E-40     1.000E+01
1.30E-01     3.655E-38     1.000E+01
1.40E-01     3.685E-36     1.000E+01
1.50E-01     3.716E-34     1.000E+01
1.60E-01     4.390E-33     1.000E+01
1.80E-01     6.128E-31     1.000E+01
2.00E-01     8.554E-29     1.000E+01
2.50E-01     3.640E-25     1.000E+01
3.00E-01     2.018E-22     1.000E+01
3.50E-01     1.993E-20     1.000E+01
4.00E-01     1.968E-18     1.000E+01
4.50E-01     5.101E-17     1.000E+01
5.00E-01     1.322E-15     1.000E+01
6.00E-01     1.862E-13     1.000E+01
7.00E-01     9.553E-12     1.000E+01
8.00E-01     2.444E-10     1.000E+01
9.00E-01     3.780E-09     1.000E+01
1.00E+00     3.992E-08     1.000E+01
1.25E+00     2.495E-06     1.000E+01
1.50E+00     1.559E-04     1.000E+01
1.75E+00     2.021E-03     1.000E+01
2.00E+00     2.619E-02     1.000E+01
2.50E+00     9.283E-01     1.000E+01
3.00E+00     1.316E+01     1.000E+01
3.50E+00     1.025E+02     1.000E+01
4.00E+00     5.257E+02     1.000E+01
5.00E+00     6.010E+03     1.000E+01
6.00E+00     3.374E+04     1.000E+01
7.00E+00     1.211E+05     1.000E+01
8.00E+00     3.186E+05     1.000E+01
9.00E+00     6.580E+05     1.000E+01
1.00E+01     1.113E+06     1.000E+01
