4        p cl34 ar35                       taly      5.89600E+00      
1.00E-03     0.000E+00     1.000E+00
2.00E-03     0.000E+00     1.000E+00
3.00E-03     0.000E+00     1.000E+00
4.00E-03     0.000E+00     1.000E+00
5.00E-03     0.000E+00     1.000E+00
6.00E-03     0.000E+00     1.000E+00
7.00E-03     0.000E+00     1.000E+00
8.00E-03     0.000E+00     1.000E+00
9.00E-03     0.000E+00     1.000E+00
1.00E-02     0.000E+00     1.000E+00
1.10E-02     1.094E-97     1.000E+01
1.20E-02     1.198E-95     1.000E+01
1.30E-02     1.311E-93     1.000E+01
1.40E-02     1.435E-91     1.000E+01
1.50E-02     1.571E-89     1.000E+01
1.60E-02     1.719E-87     1.000E+01
1.80E-02     2.059E-83     1.000E+01
2.00E-02     2.467E-79     1.000E+01
2.50E-02     3.874E-69     1.000E+01
3.00E-02     6.084E-59     1.000E+01
4.00E-02     1.501E-38     1.000E+01
5.00E-02     3.701E-18     1.000E+01
6.00E-02     7.685E-17     1.000E+01
7.00E-02     1.596E-15     1.000E+01
8.00E-02     3.313E-14     1.000E+01
9.00E-02     6.878E-13     1.000E+01
1.00E-01     1.428E-11     1.000E+01
1.10E-01     6.189E-11     1.000E+01
1.20E-01     2.682E-10     1.000E+01
1.30E-01     1.162E-09     1.000E+01
1.40E-01     5.037E-09     1.000E+01
1.50E-01     2.183E-08     1.000E+01
1.60E-01     5.489E-08     1.000E+01
1.80E-01     3.471E-07     1.000E+01
2.00E-01     2.194E-06     1.000E+01
2.50E-01     5.731E-05     1.000E+01
3.00E-01     6.744E-04     1.000E+01
3.50E-01     3.864E-03     1.000E+01
4.00E-01     2.214E-02     1.000E+01
4.50E-01     7.075E-02     1.000E+01
5.00E-01     2.261E-01     1.000E+01
6.00E-01     1.159E+00     1.000E+01
7.00E-01     3.868E+00     1.000E+01
8.00E-01     9.739E+00     1.000E+01
9.00E-01     2.021E+01     1.000E+01
1.00E+00     3.650E+01     1.000E+01
1.25E+00     9.011E+01     1.000E+01
1.50E+00     2.225E+02     1.000E+01
1.75E+00     3.512E+02     1.000E+01
2.00E+00     5.546E+02     1.000E+01
2.50E+00     9.564E+02     1.000E+01
3.00E+00     1.371E+03     1.000E+01
3.50E+00     1.772E+03     1.000E+01
4.00E+00     2.146E+03     1.000E+01
5.00E+00     2.804E+03     1.000E+01
6.00E+00     3.314E+03     1.000E+01
7.00E+00     3.602E+03     1.000E+01
8.00E+00     3.596E+03     1.000E+01
9.00E+00     3.323E+03     1.000E+01
1.00E+01     2.909E+03     1.000E+01
