5        p cl35  he4  s32                  mc10      1.86621e+00      
1.00E-03     0.000E+00     1.000E+00
2.00E-03     0.000E+00     1.000E+00
3.00E-03     0.000E+00     1.000E+00
4.00E-03     0.000E+00     1.000E+00
5.00E-03     0.000E+00     1.000E+00
6.00E-03     0.000E+00     1.000E+00
7.00E-03     0.000E+00     1.000E+00
8.00E-03     0.000E+00     1.000E+00
9.00E-03     0.000E+00     1.000E+00
1.00E-02     1.759E-43     1.029E+01
1.10E-02     2.538E-41     1.024E+01
1.20E-02     1.591E-39     1.020E+01
1.30E-02     5.221E-38     1.019E+01
1.40E-02     1.027E-36     1.016E+01
1.50E-02     1.352E-35     1.011E+01
1.60E-02     1.285E-34     1.001E+01
1.80E-02     5.351E-33     9.574E+00
2.00E-02     1.036E-31     8.811E+00
2.50E-02     2.463E-29     6.197E+00
3.00E-02     1.699E-27     5.094E+00
4.00E-02     9.214E-25     6.794E+00
5.00E-02     2.915E-22     4.518E+00
6.00E-02     5.530E-20     4.609E+00
7.00E-02     3.489E-18     5.114E+00
8.00E-02     8.944E-17     4.759E+00
9.00E-02     1.227E-15     3.892E+00
1.00E-01     1.192E-14     3.114E+00
1.10E-01     9.837E-14     2.691E+00
1.20E-01     6.909E-13     2.616E+00
1.30E-01     4.130E-12     2.737E+00
1.40E-01     2.126E-11     2.907E+00
1.50E-01     9.381E-11     3.031E+00
1.60E-01     3.546E-10     3.083E+00
1.80E-01     3.492E-09     2.965E+00
2.00E-01     2.351E-08     2.697E+00
2.50E-01     1.059E-06     2.124E+00
3.00E-01     2.023E-05     1.979E+00
3.50E-01     2.077E-04     1.992E+00
4.00E-01     1.400E-03     1.986E+00
4.50E-01     6.794E-03     1.940E+00
5.00E-01     2.541E-02     1.872E+00
6.00E-01     2.045E-01     1.722E+00
7.00E-01     9.987E-01     1.595E+00
8.00E-01     3.448E+00     1.499E+00
9.00E-01     9.399E+00     1.427E+00
1.00E+00     2.146E+01     1.371E+00
1.25E+00     1.023E+02     1.272E+00
1.50E+00     3.196E+02     1.201E+00
1.75E+00     7.948E+02     1.148E+00
2.00E+00     1.712E+03     1.112E+00
2.50E+00     6.005E+03     1.080E+00
3.00E+00     1.756E+04     1.080E+00
3.50E+00     4.326E+04     1.080E+00
4.00E+00     9.301E+04     1.080E+00
5.00E+00     3.165E+05     1.080E+00
6.00E+00     8.011E+05     1.080E+00
7.00E+00     1.648E+06     1.080E+00
8.00E+00     2.921E+06     1.080E+00
9.00E+00     4.681E+06     1.080E+00
1.00E+01     7.434E+06     1.080E+00
