4        p cl30 ar31                       taly      4.38000E-01      
1.00E-03     0.000E+00     1.000E+00
2.00E-03     0.000E+00     1.000E+00
3.00E-03     0.000E+00     1.000E+00
4.00E-03     0.000E+00     1.000E+00
5.00E-03     0.000E+00     1.000E+00
6.00E-03     0.000E+00     1.000E+00
7.00E-03     0.000E+00     1.000E+00
8.00E-03     0.000E+00     1.000E+00
9.00E-03     0.000E+00     1.000E+00
1.00E-02     0.000E+00     1.000E+00
1.10E-02     1.089E-97     1.000E+01
1.20E-02     1.185E-95     1.000E+01
1.30E-02     1.291E-93     1.000E+01
1.40E-02     1.405E-91     1.000E+01
1.50E-02     1.530E-89     1.000E+01
1.60E-02     1.666E-87     1.000E+01
1.80E-02     1.975E-83     1.000E+01
2.00E-02     2.341E-79     1.000E+01
2.50E-02     3.581E-69     1.000E+01
3.00E-02     5.479E-59     1.000E+01
4.00E-02     1.283E-38     1.000E+01
5.00E-02     3.002E-18     1.000E+01
6.00E-02     6.056E-17     1.000E+01
7.00E-02     1.222E-15     1.000E+01
8.00E-02     2.465E-14     1.000E+01
9.00E-02     4.972E-13     1.000E+01
1.00E-01     1.003E-11     1.000E+01
1.10E-01     4.109E-11     1.000E+01
1.20E-01     1.683E-10     1.000E+01
1.30E-01     6.896E-10     1.000E+01
1.40E-01     2.825E-09     1.000E+01
1.50E-01     1.157E-08     1.000E+01
1.60E-01     2.699E-08     1.000E+01
1.80E-01     1.468E-07     1.000E+01
2.00E-01     7.986E-07     1.000E+01
2.50E-01     1.315E-05     1.000E+01
3.00E-01     9.509E-05     1.000E+01
3.50E-01     3.507E-04     1.000E+01
4.00E-01     1.293E-03     1.000E+01
4.50E-01     2.959E-03     1.000E+01
5.00E-01     6.768E-03     1.000E+01
6.00E-01     2.146E-02     1.000E+01
7.00E-01     5.060E-02     1.000E+01
8.00E-01     9.861E-02     1.000E+01
9.00E-01     1.688E-01     1.000E+01
1.00E+00     2.631E-01     1.000E+01
1.25E+00     5.328E-01     1.000E+01
1.50E+00     1.079E+00     1.000E+01
1.75E+00     1.468E+00     1.000E+01
2.00E+00     1.997E+00     1.000E+01
2.50E+00     2.335E+00     1.000E+01
3.00E+00     2.321E+00     1.000E+01
3.50E+00     2.304E+00     1.000E+01
4.00E+00     2.380E+00     1.000E+01
5.00E+00     2.796E+00     1.000E+01
6.00E+00     3.425E+00     1.000E+01
7.00E+00     4.130E+00     1.000E+01
8.00E+00     4.823E+00     1.000E+01
9.00E+00     5.460E+00     1.000E+01
1.00E+01     6.027E+00     1.000E+01
