5        n cl34    p  s34                  taly      6.27400E+00      
1.00E-03     2.361E+08     1.000E+01
2.00E-03     2.371E+08     1.000E+01
3.00E-03     2.382E+08     1.000E+01
4.00E-03     2.393E+08     1.000E+01
5.00E-03     2.403E+08     1.000E+01
6.00E-03     2.387E+08     1.000E+01
7.00E-03     2.370E+08     1.000E+01
8.00E-03     2.353E+08     1.000E+01
9.00E-03     2.337E+08     1.000E+01
1.00E-02     2.321E+08     1.000E+01
1.10E-02     2.321E+08     1.000E+01
1.20E-02     2.321E+08     1.000E+01
1.30E-02     2.321E+08     1.000E+01
1.40E-02     2.321E+08     1.000E+01
1.50E-02     2.321E+08     1.000E+01
1.60E-02     2.322E+08     1.000E+01
1.80E-02     2.322E+08     1.000E+01
2.00E-02     2.322E+08     1.000E+01
2.50E-02     2.323E+08     1.000E+01
3.00E-02     2.323E+08     1.000E+01
4.00E-02     2.325E+08     1.000E+01
5.00E-02     2.326E+08     1.000E+01
6.00E-02     2.348E+08     1.000E+01
7.00E-02     2.371E+08     1.000E+01
8.00E-02     2.394E+08     1.000E+01
9.00E-02     2.417E+08     1.000E+01
1.00E-01     2.440E+08     1.000E+01
1.10E-01     2.467E+08     1.000E+01
1.20E-01     2.495E+08     1.000E+01
1.30E-01     2.523E+08     1.000E+01
1.40E-01     2.551E+08     1.000E+01
1.50E-01     2.580E+08     1.000E+01
1.60E-01     2.610E+08     1.000E+01
1.80E-01     2.672E+08     1.000E+01
2.00E-01     2.735E+08     1.000E+01
2.50E-01     2.898E+08     1.000E+01
3.00E-01     3.063E+08     1.000E+01
3.50E-01     3.221E+08     1.000E+01
4.00E-01     3.386E+08     1.000E+01
4.50E-01     3.533E+08     1.000E+01
5.00E-01     3.685E+08     1.000E+01
6.00E-01     3.953E+08     1.000E+01
7.00E-01     4.189E+08     1.000E+01
8.00E-01     4.398E+08     1.000E+01
9.00E-01     4.584E+08     1.000E+01
1.00E+00     4.751E+08     1.000E+01
1.25E+00     5.067E+08     1.000E+01
1.50E+00     5.403E+08     1.000E+01
1.75E+00     5.630E+08     1.000E+01
2.00E+00     5.866E+08     1.000E+01
2.50E+00     6.218E+08     1.000E+01
3.00E+00     6.496E+08     1.000E+01
3.50E+00     6.724E+08     1.000E+01
4.00E+00     6.915E+08     1.000E+01
5.00E+00     7.202E+08     1.000E+01
6.00E+00     7.300E+08     1.000E+01
7.00E+00     7.058E+08     1.000E+01
8.00E+00     6.384E+08     1.000E+01
9.00E+00     5.388E+08     1.000E+01
1.00E+01     4.316E+08     1.000E+01
