5        n cl33  he4  p30                  taly      4.84400E+00      
1.00E-03     1.725E+07     1.000E+01
2.00E-03     1.738E+07     1.000E+01
3.00E-03     1.751E+07     1.000E+01
4.00E-03     1.764E+07     1.000E+01
5.00E-03     1.777E+07     1.000E+01
6.00E-03     1.766E+07     1.000E+01
7.00E-03     1.756E+07     1.000E+01
8.00E-03     1.746E+07     1.000E+01
9.00E-03     1.736E+07     1.000E+01
1.00E-02     1.726E+07     1.000E+01
1.10E-02     1.726E+07     1.000E+01
1.20E-02     1.727E+07     1.000E+01
1.30E-02     1.727E+07     1.000E+01
1.40E-02     1.728E+07     1.000E+01
1.50E-02     1.728E+07     1.000E+01
1.60E-02     1.729E+07     1.000E+01
1.80E-02     1.730E+07     1.000E+01
2.00E-02     1.731E+07     1.000E+01
2.50E-02     1.733E+07     1.000E+01
3.00E-02     1.736E+07     1.000E+01
4.00E-02     1.741E+07     1.000E+01
5.00E-02     1.746E+07     1.000E+01
6.00E-02     1.760E+07     1.000E+01
7.00E-02     1.774E+07     1.000E+01
8.00E-02     1.789E+07     1.000E+01
9.00E-02     1.803E+07     1.000E+01
1.00E-01     1.818E+07     1.000E+01
1.10E-01     1.834E+07     1.000E+01
1.20E-01     1.851E+07     1.000E+01
1.30E-01     1.868E+07     1.000E+01
1.40E-01     1.885E+07     1.000E+01
1.50E-01     1.902E+07     1.000E+01
1.60E-01     1.921E+07     1.000E+01
1.80E-01     1.958E+07     1.000E+01
2.00E-01     1.996E+07     1.000E+01
2.50E-01     2.091E+07     1.000E+01
3.00E-01     2.184E+07     1.000E+01
3.50E-01     2.269E+07     1.000E+01
4.00E-01     2.357E+07     1.000E+01
4.50E-01     2.434E+07     1.000E+01
5.00E-01     2.515E+07     1.000E+01
6.00E-01     2.664E+07     1.000E+01
7.00E-01     2.808E+07     1.000E+01
8.00E-01     2.946E+07     1.000E+01
9.00E-01     3.081E+07     1.000E+01
1.00E+00     3.213E+07     1.000E+01
1.25E+00     3.510E+07     1.000E+01
1.50E+00     3.834E+07     1.000E+01
1.75E+00     4.114E+07     1.000E+01
2.00E+00     4.416E+07     1.000E+01
2.50E+00     4.976E+07     1.000E+01
3.00E+00     5.524E+07     1.000E+01
3.50E+00     6.064E+07     1.000E+01
4.00E+00     6.604E+07     1.000E+01
5.00E+00     7.696E+07     1.000E+01
6.00E+00     8.799E+07     1.000E+01
7.00E+00     9.815E+07     1.000E+01
8.00E+00     1.051E+08     1.000E+01
9.00E+00     1.060E+08     1.000E+01
1.00E+01     9.942E+07     1.000E+01
