5        n cl30    p  s30                  taly      1.92840E+01      
1.00E-03     9.252E+05     1.000E+01
2.00E-03     9.330E+05     1.000E+01
3.00E-03     9.409E+05     1.000E+01
4.00E-03     9.488E+05     1.000E+01
5.00E-03     9.568E+05     1.000E+01
6.00E-03     9.519E+05     1.000E+01
7.00E-03     9.470E+05     1.000E+01
8.00E-03     9.421E+05     1.000E+01
9.00E-03     9.372E+05     1.000E+01
1.00E-02     9.323E+05     1.000E+01
1.10E-02     9.329E+05     1.000E+01
1.20E-02     9.335E+05     1.000E+01
1.30E-02     9.341E+05     1.000E+01
1.40E-02     9.347E+05     1.000E+01
1.50E-02     9.353E+05     1.000E+01
1.60E-02     9.358E+05     1.000E+01
1.80E-02     9.370E+05     1.000E+01
2.00E-02     9.382E+05     1.000E+01
2.50E-02     9.412E+05     1.000E+01
3.00E-02     9.441E+05     1.000E+01
4.00E-02     9.501E+05     1.000E+01
5.00E-02     9.561E+05     1.000E+01
6.00E-02     9.655E+05     1.000E+01
7.00E-02     9.749E+05     1.000E+01
8.00E-02     9.845E+05     1.000E+01
9.00E-02     9.942E+05     1.000E+01
1.00E-01     1.004E+06     1.000E+01
1.10E-01     1.014E+06     1.000E+01
1.20E-01     1.024E+06     1.000E+01
1.30E-01     1.034E+06     1.000E+01
1.40E-01     1.045E+06     1.000E+01
1.50E-01     1.055E+06     1.000E+01
1.60E-01     1.066E+06     1.000E+01
1.80E-01     1.087E+06     1.000E+01
2.00E-01     1.109E+06     1.000E+01
2.50E-01     1.162E+06     1.000E+01
3.00E-01     1.212E+06     1.000E+01
3.50E-01     1.256E+06     1.000E+01
4.00E-01     1.301E+06     1.000E+01
4.50E-01     1.339E+06     1.000E+01
5.00E-01     1.378E+06     1.000E+01
6.00E-01     1.446E+06     1.000E+01
7.00E-01     1.507E+06     1.000E+01
8.00E-01     1.564E+06     1.000E+01
9.00E-01     1.618E+06     1.000E+01
1.00E+00     1.672E+06     1.000E+01
1.25E+00     1.896E+06     1.000E+01
1.50E+00     2.150E+06     1.000E+01
1.75E+00     2.596E+06     1.000E+01
2.00E+00     3.135E+06     1.000E+01
2.50E+00     3.829E+06     1.000E+01
3.00E+00     3.905E+06     1.000E+01
3.50E+00     3.694E+06     1.000E+01
4.00E+00     3.415E+06     1.000E+01
5.00E+00     2.900E+06     1.000E+01
6.00E+00     2.491E+06     1.000E+01
7.00E+00     2.163E+06     1.000E+01
8.00E+00     1.891E+06     1.000E+01
9.00E+00     1.658E+06     1.000E+01
1.00E+01     1.455E+06     1.000E+01
