5        n cl31  he4  p28                  taly      5.72800E+00      
1.00E-03     3.731E+06     1.000E+01
2.00E-03     3.762E+06     1.000E+01
3.00E-03     3.793E+06     1.000E+01
4.00E-03     3.825E+06     1.000E+01
5.00E-03     3.857E+06     1.000E+01
6.00E-03     3.837E+06     1.000E+01
7.00E-03     3.817E+06     1.000E+01
8.00E-03     3.797E+06     1.000E+01
9.00E-03     3.777E+06     1.000E+01
1.00E-02     3.758E+06     1.000E+01
1.10E-02     3.760E+06     1.000E+01
1.20E-02     3.762E+06     1.000E+01
1.30E-02     3.765E+06     1.000E+01
1.40E-02     3.767E+06     1.000E+01
1.50E-02     3.769E+06     1.000E+01
1.60E-02     3.771E+06     1.000E+01
1.80E-02     3.776E+06     1.000E+01
2.00E-02     3.781E+06     1.000E+01
2.50E-02     3.792E+06     1.000E+01
3.00E-02     3.804E+06     1.000E+01
4.00E-02     3.827E+06     1.000E+01
5.00E-02     3.851E+06     1.000E+01
6.00E-02     3.889E+06     1.000E+01
7.00E-02     3.928E+06     1.000E+01
8.00E-02     3.967E+06     1.000E+01
9.00E-02     4.007E+06     1.000E+01
1.00E-01     4.047E+06     1.000E+01
1.10E-01     4.089E+06     1.000E+01
1.20E-01     4.132E+06     1.000E+01
1.30E-01     4.175E+06     1.000E+01
1.40E-01     4.219E+06     1.000E+01
1.50E-01     4.263E+06     1.000E+01
1.60E-01     4.309E+06     1.000E+01
1.80E-01     4.401E+06     1.000E+01
2.00E-01     4.496E+06     1.000E+01
2.50E-01     4.731E+06     1.000E+01
3.00E-01     4.958E+06     1.000E+01
3.50E-01     5.165E+06     1.000E+01
4.00E-01     5.380E+06     1.000E+01
4.50E-01     5.569E+06     1.000E+01
5.00E-01     5.766E+06     1.000E+01
6.00E-01     6.129E+06     1.000E+01
7.00E-01     6.477E+06     1.000E+01
8.00E-01     6.813E+06     1.000E+01
9.00E-01     7.138E+06     1.000E+01
1.00E+00     7.453E+06     1.000E+01
1.25E+00     8.149E+06     1.000E+01
1.50E+00     8.910E+06     1.000E+01
1.75E+00     9.542E+06     1.000E+01
2.00E+00     1.022E+07     1.000E+01
2.50E+00     1.143E+07     1.000E+01
3.00E+00     1.257E+07     1.000E+01
3.50E+00     1.366E+07     1.000E+01
4.00E+00     1.470E+07     1.000E+01
5.00E+00     1.657E+07     1.000E+01
6.00E+00     1.808E+07     1.000E+01
7.00E+00     1.922E+07     1.000E+01
8.00E+00     2.000E+07     1.000E+01
9.00E+00     2.050E+07     1.000E+01
1.00E+01     2.073E+07     1.000E+01
