4        n cl32 cl33                       taly      1.57390E+01      
1.00E-03     3.683E+03     1.000E+01
2.00E-03     3.718E+03     1.000E+01
3.00E-03     3.753E+03     1.000E+01
4.00E-03     3.788E+03     1.000E+01
5.00E-03     3.823E+03     1.000E+01
6.00E-03     3.807E+03     1.000E+01
7.00E-03     3.791E+03     1.000E+01
8.00E-03     3.775E+03     1.000E+01
9.00E-03     3.759E+03     1.000E+01
1.00E-02     3.743E+03     1.000E+01
1.10E-02     3.749E+03     1.000E+01
1.20E-02     3.754E+03     1.000E+01
1.30E-02     3.760E+03     1.000E+01
1.40E-02     3.766E+03     1.000E+01
1.50E-02     3.772E+03     1.000E+01
1.60E-02     3.778E+03     1.000E+01
1.80E-02     3.790E+03     1.000E+01
2.00E-02     3.802E+03     1.000E+01
2.50E-02     3.832E+03     1.000E+01
3.00E-02     3.862E+03     1.000E+01
4.00E-02     3.922E+03     1.000E+01
5.00E-02     3.982E+03     1.000E+01
6.00E-02     4.054E+03     1.000E+01
7.00E-02     4.127E+03     1.000E+01
8.00E-02     4.200E+03     1.000E+01
9.00E-02     4.273E+03     1.000E+01
1.00E-01     4.346E+03     1.000E+01
1.10E-01     4.421E+03     1.000E+01
1.20E-01     4.496E+03     1.000E+01
1.30E-01     4.571E+03     1.000E+01
1.40E-01     4.646E+03     1.000E+01
1.50E-01     4.721E+03     1.000E+01
1.60E-01     4.797E+03     1.000E+01
1.80E-01     4.950E+03     1.000E+01
2.00E-01     5.103E+03     1.000E+01
2.50E-01     5.467E+03     1.000E+01
3.00E-01     5.800E+03     1.000E+01
3.50E-01     6.086E+03     1.000E+01
4.00E-01     6.371E+03     1.000E+01
4.50E-01     6.614E+03     1.000E+01
5.00E-01     6.857E+03     1.000E+01
6.00E-01     7.290E+03     1.000E+01
7.00E-01     7.686E+03     1.000E+01
8.00E-01     8.054E+03     1.000E+01
9.00E-01     8.396E+03     1.000E+01
1.00E+00     8.714E+03     1.000E+01
1.25E+00     9.370E+03     1.000E+01
1.50E+00     1.003E+04     1.000E+01
1.75E+00     1.051E+04     1.000E+01
2.00E+00     1.099E+04     1.000E+01
2.50E+00     1.170E+04     1.000E+01
3.00E+00     1.222E+04     1.000E+01
3.50E+00     1.260E+04     1.000E+01
4.00E+00     1.285E+04     1.000E+01
5.00E+00     1.306E+04     1.000E+01
6.00E+00     1.298E+04     1.000E+01
7.00E+00     1.261E+04     1.000E+01
8.00E+00     1.189E+04     1.000E+01
9.00E+00     1.073E+04     1.000E+01
1.00E+01     9.186E+03     1.000E+01
