4        n cl33 cl34                       taly      1.15080E+01      
1.00E-03     1.903E+04     1.000E+01
2.00E-03     1.919E+04     1.000E+01
3.00E-03     1.934E+04     1.000E+01
4.00E-03     1.949E+04     1.000E+01
5.00E-03     1.965E+04     1.000E+01
6.00E-03     1.955E+04     1.000E+01
7.00E-03     1.945E+04     1.000E+01
8.00E-03     1.935E+04     1.000E+01
9.00E-03     1.925E+04     1.000E+01
1.00E-02     1.914E+04     1.000E+01
1.10E-02     1.916E+04     1.000E+01
1.20E-02     1.918E+04     1.000E+01
1.30E-02     1.920E+04     1.000E+01
1.40E-02     1.921E+04     1.000E+01
1.50E-02     1.923E+04     1.000E+01
1.60E-02     1.925E+04     1.000E+01
1.80E-02     1.928E+04     1.000E+01
2.00E-02     1.931E+04     1.000E+01
2.50E-02     1.940E+04     1.000E+01
3.00E-02     1.948E+04     1.000E+01
4.00E-02     1.965E+04     1.000E+01
5.00E-02     1.982E+04     1.000E+01
6.00E-02     2.009E+04     1.000E+01
7.00E-02     2.035E+04     1.000E+01
8.00E-02     2.062E+04     1.000E+01
9.00E-02     2.088E+04     1.000E+01
1.00E-01     2.114E+04     1.000E+01
1.10E-01     2.143E+04     1.000E+01
1.20E-01     2.171E+04     1.000E+01
1.30E-01     2.199E+04     1.000E+01
1.40E-01     2.227E+04     1.000E+01
1.50E-01     2.256E+04     1.000E+01
1.60E-01     2.285E+04     1.000E+01
1.80E-01     2.344E+04     1.000E+01
2.00E-01     2.403E+04     1.000E+01
2.50E-01     2.549E+04     1.000E+01
3.00E-01     2.688E+04     1.000E+01
3.50E-01     2.812E+04     1.000E+01
4.00E-01     2.937E+04     1.000E+01
4.50E-01     3.046E+04     1.000E+01
5.00E-01     3.155E+04     1.000E+01
6.00E-01     3.352E+04     1.000E+01
7.00E-01     3.532E+04     1.000E+01
8.00E-01     3.699E+04     1.000E+01
9.00E-01     3.854E+04     1.000E+01
1.00E+00     3.998E+04     1.000E+01
1.25E+00     4.298E+04     1.000E+01
1.50E+00     4.598E+04     1.000E+01
1.75E+00     4.825E+04     1.000E+01
2.00E+00     5.051E+04     1.000E+01
2.50E+00     5.406E+04     1.000E+01
3.00E+00     5.692E+04     1.000E+01
3.50E+00     5.927E+04     1.000E+01
4.00E+00     6.124E+04     1.000E+01
5.00E+00     6.431E+04     1.000E+01
6.00E+00     6.631E+04     1.000E+01
7.00E+00     6.689E+04     1.000E+01
8.00E+00     6.518E+04     1.000E+01
9.00E+00     6.033E+04     1.000E+01
1.00E+01     5.245E+04     1.000E+01
