4        n cl34 cl35                       taly      1.26450E+01      
1.00E-03     1.372E+05     1.000E+01
2.00E-03     1.375E+05     1.000E+01
3.00E-03     1.378E+05     1.000E+01
4.00E-03     1.381E+05     1.000E+01
5.00E-03     1.385E+05     1.000E+01
6.00E-03     1.373E+05     1.000E+01
7.00E-03     1.362E+05     1.000E+01
8.00E-03     1.350E+05     1.000E+01
9.00E-03     1.339E+05     1.000E+01
1.00E-02     1.328E+05     1.000E+01
1.10E-02     1.326E+05     1.000E+01
1.20E-02     1.325E+05     1.000E+01
1.30E-02     1.324E+05     1.000E+01
1.40E-02     1.323E+05     1.000E+01
1.50E-02     1.321E+05     1.000E+01
1.60E-02     1.320E+05     1.000E+01
1.80E-02     1.318E+05     1.000E+01
2.00E-02     1.315E+05     1.000E+01
2.50E-02     1.309E+05     1.000E+01
3.00E-02     1.303E+05     1.000E+01
4.00E-02     1.290E+05     1.000E+01
5.00E-02     1.278E+05     1.000E+01
6.00E-02     1.281E+05     1.000E+01
7.00E-02     1.284E+05     1.000E+01
8.00E-02     1.287E+05     1.000E+01
9.00E-02     1.290E+05     1.000E+01
1.00E-01     1.293E+05     1.000E+01
1.10E-01     1.300E+05     1.000E+01
1.20E-01     1.306E+05     1.000E+01
1.30E-01     1.313E+05     1.000E+01
1.40E-01     1.320E+05     1.000E+01
1.50E-01     1.327E+05     1.000E+01
1.60E-01     1.336E+05     1.000E+01
1.80E-01     1.354E+05     1.000E+01
2.00E-01     1.372E+05     1.000E+01
2.50E-01     1.428E+05     1.000E+01
3.00E-01     1.492E+05     1.000E+01
3.50E-01     1.567E+05     1.000E+01
4.00E-01     1.642E+05     1.000E+01
4.50E-01     1.721E+05     1.000E+01
5.00E-01     1.800E+05     1.000E+01
6.00E-01     1.947E+05     1.000E+01
7.00E-01     2.073E+05     1.000E+01
8.00E-01     2.179E+05     1.000E+01
9.00E-01     2.267E+05     1.000E+01
1.00E+00     2.341E+05     1.000E+01
1.25E+00     2.458E+05     1.000E+01
1.50E+00     2.574E+05     1.000E+01
1.75E+00     2.631E+05     1.000E+01
2.00E+00     2.688E+05     1.000E+01
2.50E+00     2.746E+05     1.000E+01
3.00E+00     2.775E+05     1.000E+01
3.50E+00     2.786E+05     1.000E+01
4.00E+00     2.785E+05     1.000E+01
5.00E+00     2.751E+05     1.000E+01
6.00E+00     2.652E+05     1.000E+01
7.00E+00     2.445E+05     1.000E+01
8.00E+00     2.112E+05     1.000E+01
9.00E+00     1.707E+05     1.000E+01
1.00E+01     1.312E+05     1.000E+01
