4        n cl31 cl32                       taly      1.43400E+01      
1.00E-03     9.271E+03     1.000E+01
2.00E-03     9.350E+03     1.000E+01
3.00E-03     9.428E+03     1.000E+01
4.00E-03     9.507E+03     1.000E+01
5.00E-03     9.585E+03     1.000E+01
6.00E-03     9.535E+03     1.000E+01
7.00E-03     9.485E+03     1.000E+01
8.00E-03     9.435E+03     1.000E+01
9.00E-03     9.386E+03     1.000E+01
1.00E-02     9.336E+03     1.000E+01
1.10E-02     9.341E+03     1.000E+01
1.20E-02     9.347E+03     1.000E+01
1.30E-02     9.352E+03     1.000E+01
1.40E-02     9.357E+03     1.000E+01
1.50E-02     9.363E+03     1.000E+01
1.60E-02     9.368E+03     1.000E+01
1.80E-02     9.379E+03     1.000E+01
2.00E-02     9.390E+03     1.000E+01
2.50E-02     9.417E+03     1.000E+01
3.00E-02     9.444E+03     1.000E+01
4.00E-02     9.498E+03     1.000E+01
5.00E-02     9.552E+03     1.000E+01
6.00E-02     9.645E+03     1.000E+01
7.00E-02     9.737E+03     1.000E+01
8.00E-02     9.829E+03     1.000E+01
9.00E-02     9.922E+03     1.000E+01
1.00E-01     1.001E+04     1.000E+01
1.10E-01     1.011E+04     1.000E+01
1.20E-01     1.021E+04     1.000E+01
1.30E-01     1.031E+04     1.000E+01
1.40E-01     1.041E+04     1.000E+01
1.50E-01     1.052E+04     1.000E+01
1.60E-01     1.062E+04     1.000E+01
1.80E-01     1.083E+04     1.000E+01
2.00E-01     1.105E+04     1.000E+01
2.50E-01     1.158E+04     1.000E+01
3.00E-01     1.208E+04     1.000E+01
3.50E-01     1.254E+04     1.000E+01
4.00E-01     1.299E+04     1.000E+01
4.50E-01     1.339E+04     1.000E+01
5.00E-01     1.379E+04     1.000E+01
6.00E-01     1.451E+04     1.000E+01
7.00E-01     1.518E+04     1.000E+01
8.00E-01     1.579E+04     1.000E+01
9.00E-01     1.637E+04     1.000E+01
1.00E+00     1.690E+04     1.000E+01
1.25E+00     1.802E+04     1.000E+01
1.50E+00     1.913E+04     1.000E+01
1.75E+00     1.994E+04     1.000E+01
2.00E+00     2.076E+04     1.000E+01
2.50E+00     2.193E+04     1.000E+01
3.00E+00     2.268E+04     1.000E+01
3.50E+00     2.305E+04     1.000E+01
4.00E+00     2.309E+04     1.000E+01
5.00E+00     2.244E+04     1.000E+01
6.00E+00     2.126E+04     1.000E+01
7.00E+00     1.992E+04     1.000E+01
8.00E+00     1.860E+04     1.000E+01
9.00E+00     1.738E+04     1.000E+01
1.00E+01     1.626E+04     1.000E+01
