4      he4 co54 cu58                       taly      6.08300E+00      
1.00E-03     0.000E+00     1.000E+00
2.00E-03     0.000E+00     1.000E+00
3.00E-03     0.000E+00     1.000E+00
4.00E-03     0.000E+00     1.000E+00
5.00E-03     0.000E+00     1.000E+00
6.00E-03     0.000E+00     1.000E+00
7.00E-03     0.000E+00     1.000E+00
8.00E-03     0.000E+00     1.000E+00
9.00E-03     0.000E+00     1.000E+00
1.00E-02     0.000E+00     1.000E+00
1.10E-02     0.000E+00     1.000E+00
1.20E-02     0.000E+00     1.000E+00
1.30E-02     0.000E+00     1.000E+00
1.40E-02     0.000E+00     1.000E+00
1.50E-02     0.000E+00     1.000E+00
1.60E-02     0.000E+00     1.000E+00
1.80E-02     0.000E+00     1.000E+00
2.00E-02     0.000E+00     1.000E+00
2.50E-02     0.000E+00     1.000E+00
3.00E-02     0.000E+00     1.000E+00
4.00E-02     0.000E+00     1.000E+00
5.00E-02     0.000E+00     1.000E+00
6.00E-02     0.000E+00     1.000E+00
7.00E-02     0.000E+00     1.000E+00
8.00E-02     0.000E+00     1.000E+00
9.00E-02     0.000E+00     1.000E+00
1.00E-01     0.000E+00     1.000E+00
1.10E-01     0.000E+00     1.000E+00
1.20E-01     0.000E+00     1.000E+00
1.30E-01     0.000E+00     1.000E+00
1.40E-01     0.000E+00     1.000E+00
1.50E-01     0.000E+00     1.000E+00
1.60E-01     1.632E-89     1.000E+01
1.80E-01     4.350E-69     1.000E+01
2.00E-01     1.159E-48     1.000E+01
2.50E-01     1.037E-42     1.000E+01
3.00E-01     1.257E-38     1.000E+01
3.50E-01     1.328E-35     1.000E+01
4.00E-01     1.403E-32     1.000E+01
4.50E-01     1.751E-30     1.000E+01
5.00E-01     2.186E-28     1.000E+01
6.00E-01     2.578E-25     1.000E+01
7.00E-01     6.133E-23     1.000E+01
8.00E-01     4.886E-21     1.000E+01
9.00E-01     1.783E-19     1.000E+01
1.00E+00     3.658E-18     1.000E+01
1.25E+00     5.743E-16     1.000E+01
1.50E+00     9.016E-14     1.000E+01
1.75E+00     1.813E-12     1.000E+01
2.00E+00     3.648E-11     1.000E+01
2.50E+00     2.308E-09     1.000E+01
3.00E+00     5.122E-08     1.000E+01
3.50E+00     5.882E-07     1.000E+01
4.00E+00     4.301E-06     1.000E+01
5.00E+00     8.625E-05     1.000E+01
6.00E+00     6.365E-04     1.000E+01
7.00E+00     2.417E-03     1.000E+01
8.00E+00     6.264E-03     1.000E+01
9.00E+00     1.296E-02     1.000E+01
1.00E+01     2.312E-02     1.000E+01
