4      he4 co57 cu61                       taly      5.06400E+00      
1.00E-03     0.000E+00     1.000E+00
2.00E-03     0.000E+00     1.000E+00
3.00E-03     0.000E+00     1.000E+00
4.00E-03     0.000E+00     1.000E+00
5.00E-03     0.000E+00     1.000E+00
6.00E-03     0.000E+00     1.000E+00
7.00E-03     0.000E+00     1.000E+00
8.00E-03     0.000E+00     1.000E+00
9.00E-03     0.000E+00     1.000E+00
1.00E-02     0.000E+00     1.000E+00
1.10E-02     0.000E+00     1.000E+00
1.20E-02     0.000E+00     1.000E+00
1.30E-02     0.000E+00     1.000E+00
1.40E-02     0.000E+00     1.000E+00
1.50E-02     0.000E+00     1.000E+00
1.60E-02     0.000E+00     1.000E+00
1.80E-02     0.000E+00     1.000E+00
2.00E-02     0.000E+00     1.000E+00
2.50E-02     0.000E+00     1.000E+00
3.00E-02     0.000E+00     1.000E+00
4.00E-02     0.000E+00     1.000E+00
5.00E-02     0.000E+00     1.000E+00
6.00E-02     0.000E+00     1.000E+00
7.00E-02     0.000E+00     1.000E+00
8.00E-02     0.000E+00     1.000E+00
9.00E-02     0.000E+00     1.000E+00
1.00E-01     0.000E+00     1.000E+00
1.10E-01     0.000E+00     1.000E+00
1.20E-01     0.000E+00     1.000E+00
1.30E-01     0.000E+00     1.000E+00
1.40E-01     0.000E+00     1.000E+00
1.50E-01     0.000E+00     1.000E+00
1.60E-01     6.162E-89     1.000E+01
1.80E-01     2.340E-67     1.000E+01
2.00E-01     8.885E-46     1.000E+01
2.50E-01     1.237E-39     1.000E+01
3.00E-01     1.985E-35     1.000E+01
3.50E-01     1.363E-32     1.000E+01
4.00E-01     9.359E-30     1.000E+01
4.50E-01     8.399E-28     1.000E+01
5.00E-01     7.538E-26     1.000E+01
6.00E-01     6.883E-23     1.000E+01
7.00E-01     1.557E-20     1.000E+01
8.00E-01     1.330E-18     1.000E+01
9.00E-01     5.559E-17     1.000E+01
1.00E+00     1.353E-15     1.000E+01
1.25E+00     3.302E-13     1.000E+01
1.50E+00     8.059E-11     1.000E+01
1.75E+00     2.156E-09     1.000E+01
2.00E+00     5.769E-08     1.000E+01
2.50E+00     4.911E-06     1.000E+01
3.00E+00     1.262E-04     1.000E+01
3.50E+00     1.531E-03     1.000E+01
4.00E+00     1.107E-02     1.000E+01
5.00E+00     1.936E-01     1.000E+01
6.00E+00     1.174E+00     1.000E+01
7.00E+00     3.617E+00     1.000E+01
8.00E+00     7.742E+00     1.000E+01
9.00E+00     1.372E+01     1.000E+01
1.00E+01     2.181E+01     1.000E+01
