4      he4 co53 cu57                       taly      7.07400E+00      
1.00E-03     0.000E+00     1.000E+00
2.00E-03     0.000E+00     1.000E+00
3.00E-03     0.000E+00     1.000E+00
4.00E-03     0.000E+00     1.000E+00
5.00E-03     0.000E+00     1.000E+00
6.00E-03     0.000E+00     1.000E+00
7.00E-03     0.000E+00     1.000E+00
8.00E-03     0.000E+00     1.000E+00
9.00E-03     0.000E+00     1.000E+00
1.00E-02     0.000E+00     1.000E+00
1.10E-02     0.000E+00     1.000E+00
1.20E-02     0.000E+00     1.000E+00
1.30E-02     0.000E+00     1.000E+00
1.40E-02     0.000E+00     1.000E+00
1.50E-02     0.000E+00     1.000E+00
1.60E-02     0.000E+00     1.000E+00
1.80E-02     0.000E+00     1.000E+00
2.00E-02     0.000E+00     1.000E+00
2.50E-02     0.000E+00     1.000E+00
3.00E-02     0.000E+00     1.000E+00
4.00E-02     0.000E+00     1.000E+00
5.00E-02     0.000E+00     1.000E+00
6.00E-02     0.000E+00     1.000E+00
7.00E-02     0.000E+00     1.000E+00
8.00E-02     0.000E+00     1.000E+00
9.00E-02     0.000E+00     1.000E+00
1.00E-01     0.000E+00     1.000E+00
1.10E-01     0.000E+00     1.000E+00
1.20E-01     0.000E+00     1.000E+00
1.30E-01     0.000E+00     1.000E+00
1.40E-01     0.000E+00     1.000E+00
1.50E-01     0.000E+00     1.000E+00
1.60E-01     1.305E-89     1.000E+01
1.80E-01     2.223E-69     1.000E+01
2.00E-01     3.788E-49     1.000E+01
2.50E-01     4.197E-43     1.000E+01
3.00E-01     4.556E-39     1.000E+01
3.50E-01     1.893E-36     1.000E+01
4.00E-01     7.867E-34     1.000E+01
4.50E-01     5.574E-32     1.000E+01
5.00E-01     3.949E-30     1.000E+01
6.00E-01     3.345E-27     1.000E+01
7.00E-01     7.553E-25     1.000E+01
8.00E-01     6.566E-23     1.000E+01
9.00E-01     2.833E-21     1.000E+01
1.00E+00     7.184E-20     1.000E+01
1.25E+00     2.026E-17     1.000E+01
1.50E+00     5.714E-15     1.000E+01
1.75E+00     1.855E-13     1.000E+01
2.00E+00     6.023E-12     1.000E+01
2.50E+00     7.762E-10     1.000E+01
3.00E+00     2.977E-08     1.000E+01
3.50E+00     5.227E-07     1.000E+01
4.00E+00     5.298E-06     1.000E+01
5.00E+00     1.734E-04     1.000E+01
6.00E+00     1.920E-03     1.000E+01
7.00E+00     9.192E-03     1.000E+01
8.00E+00     2.302E-02     1.000E+01
9.00E+00     3.890E-02     1.000E+01
1.00E+01     5.404E-02     1.000E+01
