5        n co55    p fe55                  taly      4.23400E+00      
1.00E-03     1.506E+09     1.000E+01
2.00E-03     1.451E+09     1.000E+01
3.00E-03     1.398E+09     1.000E+01
4.00E-03     1.347E+09     1.000E+01
5.00E-03     1.298E+09     1.000E+01
6.00E-03     1.267E+09     1.000E+01
7.00E-03     1.236E+09     1.000E+01
8.00E-03     1.206E+09     1.000E+01
9.00E-03     1.177E+09     1.000E+01
1.00E-02     1.148E+09     1.000E+01
1.10E-02     1.139E+09     1.000E+01
1.20E-02     1.131E+09     1.000E+01
1.30E-02     1.122E+09     1.000E+01
1.40E-02     1.113E+09     1.000E+01
1.50E-02     1.105E+09     1.000E+01
1.60E-02     1.096E+09     1.000E+01
1.80E-02     1.080E+09     1.000E+01
2.00E-02     1.063E+09     1.000E+01
2.50E-02     1.023E+09     1.000E+01
3.00E-02     9.840E+08     1.000E+01
4.00E-02     9.108E+08     1.000E+01
5.00E-02     8.432E+08     1.000E+01
6.00E-02     8.189E+08     1.000E+01
7.00E-02     7.953E+08     1.000E+01
8.00E-02     7.724E+08     1.000E+01
9.00E-02     7.502E+08     1.000E+01
1.00E-01     7.286E+08     1.000E+01
1.10E-01     7.161E+08     1.000E+01
1.20E-01     7.038E+08     1.000E+01
1.30E-01     6.918E+08     1.000E+01
1.40E-01     6.799E+08     1.000E+01
1.50E-01     6.682E+08     1.000E+01
1.60E-01     6.605E+08     1.000E+01
1.80E-01     6.453E+08     1.000E+01
2.00E-01     6.304E+08     1.000E+01
2.50E-01     6.043E+08     1.000E+01
3.00E-01     5.849E+08     1.000E+01
3.50E-01     5.708E+08     1.000E+01
4.00E-01     5.570E+08     1.000E+01
4.50E-01     5.473E+08     1.000E+01
5.00E-01     5.378E+08     1.000E+01
6.00E-01     5.241E+08     1.000E+01
7.00E-01     5.142E+08     1.000E+01
8.00E-01     5.073E+08     1.000E+01
9.00E-01     5.027E+08     1.000E+01
1.00E+00     4.999E+08     1.000E+01
1.25E+00     5.019E+08     1.000E+01
1.50E+00     5.038E+08     1.000E+01
1.75E+00     5.142E+08     1.000E+01
2.00E+00     5.249E+08     1.000E+01
2.50E+00     5.548E+08     1.000E+01
3.00E+00     5.899E+08     1.000E+01
3.50E+00     6.282E+08     1.000E+01
4.00E+00     6.683E+08     1.000E+01
5.00E+00     7.432E+08     1.000E+01
6.00E+00     7.643E+08     1.000E+01
7.00E+00     6.696E+08     1.000E+01
8.00E+00     5.076E+08     1.000E+01
9.00E+00     3.717E+08     1.000E+01
1.00E+01     2.836E+08     1.000E+01
