4        p co55 ni56                       taly      7.16700E+00      
1.00E-03     0.000E+00     1.000E+00
2.00E-03     0.000E+00     1.000E+00
3.00E-03     0.000E+00     1.000E+00
4.00E-03     0.000E+00     1.000E+00
5.00E-03     0.000E+00     1.000E+00
6.00E-03     0.000E+00     1.000E+00
7.00E-03     0.000E+00     1.000E+00
8.00E-03     0.000E+00     1.000E+00
9.00E-03     0.000E+00     1.000E+00
1.00E-02     0.000E+00     1.000E+00
1.10E-02     5.972E-98     1.000E+01
1.20E-02     3.566E-96     1.000E+01
1.30E-02     2.130E-94     1.000E+01
1.40E-02     1.272E-92     1.000E+01
1.50E-02     7.595E-91     1.000E+01
1.60E-02     4.535E-89     1.000E+01
1.80E-02     1.617E-85     1.000E+01
2.00E-02     5.768E-82     1.000E+01
2.50E-02     4.380E-73     1.000E+01
3.00E-02     3.327E-64     1.000E+01
4.00E-02     1.919E-46     1.000E+01
5.00E-02     1.107E-28     1.000E+01
6.00E-02     7.910E-27     1.000E+01
7.00E-02     5.655E-25     1.000E+01
8.00E-02     4.042E-23     1.000E+01
9.00E-02     2.889E-21     1.000E+01
1.00E-01     2.065E-19     1.000E+01
1.10E-01     1.550E-18     1.000E+01
1.20E-01     1.164E-17     1.000E+01
1.30E-01     8.734E-17     1.000E+01
1.40E-01     6.556E-16     1.000E+01
1.50E-01     4.921E-15     1.000E+01
1.60E-01     1.749E-14     1.000E+01
1.80E-01     2.208E-13     1.000E+01
2.00E-01     2.788E-12     1.000E+01
2.50E-01     2.501E-10     1.000E+01
3.00E-01     7.620E-09     1.000E+01
3.50E-01     8.970E-08     1.000E+01
4.00E-01     1.056E-06     1.000E+01
4.50E-01     5.854E-06     1.000E+01
5.00E-01     3.246E-05     1.000E+01
6.00E-01     4.033E-04     1.000E+01
7.00E-01     2.768E-03     1.000E+01
8.00E-01     1.265E-02     1.000E+01
9.00E-01     4.323E-02     1.000E+01
1.00E+00     1.194E-01     1.000E+01
1.25E+00     6.088E-01     1.000E+01
1.50E+00     3.105E+00     1.000E+01
1.75E+00     7.605E+00     1.000E+01
2.00E+00     1.863E+01     1.000E+01
2.50E+00     5.930E+01     1.000E+01
3.00E+00     1.352E+02     1.000E+01
3.50E+00     2.529E+02     1.000E+01
4.00E+00     4.160E+02     1.000E+01
5.00E+00     8.715E+02     1.000E+01
6.00E+00     1.378E+03     1.000E+01
7.00E+00     1.611E+03     1.000E+01
8.00E+00     1.456E+03     1.000E+01
9.00E+00     1.163E+03     1.000E+01
1.00E+01     9.110E+02     1.000E+01
