4      he4 co52 cu56                       taly      6.67300E+00      
1.00E-03     0.000E+00     1.000E+00
2.00E-03     0.000E+00     1.000E+00
3.00E-03     0.000E+00     1.000E+00
4.00E-03     0.000E+00     1.000E+00
5.00E-03     0.000E+00     1.000E+00
6.00E-03     0.000E+00     1.000E+00
7.00E-03     0.000E+00     1.000E+00
8.00E-03     0.000E+00     1.000E+00
9.00E-03     0.000E+00     1.000E+00
1.00E-02     0.000E+00     1.000E+00
1.10E-02     0.000E+00     1.000E+00
1.20E-02     0.000E+00     1.000E+00
1.30E-02     0.000E+00     1.000E+00
1.40E-02     0.000E+00     1.000E+00
1.50E-02     0.000E+00     1.000E+00
1.60E-02     0.000E+00     1.000E+00
1.80E-02     0.000E+00     1.000E+00
2.00E-02     0.000E+00     1.000E+00
2.50E-02     0.000E+00     1.000E+00
3.00E-02     0.000E+00     1.000E+00
4.00E-02     0.000E+00     1.000E+00
5.00E-02     0.000E+00     1.000E+00
6.00E-02     0.000E+00     1.000E+00
7.00E-02     0.000E+00     1.000E+00
8.00E-02     0.000E+00     1.000E+00
9.00E-02     0.000E+00     1.000E+00
1.00E-01     0.000E+00     1.000E+00
1.10E-01     0.000E+00     1.000E+00
1.20E-01     0.000E+00     1.000E+00
1.30E-01     0.000E+00     1.000E+00
1.40E-01     0.000E+00     1.000E+00
1.50E-01     0.000E+00     1.000E+00
1.60E-01     1.650E-89     1.000E+01
1.80E-01     4.490E-69     1.000E+01
2.00E-01     1.222E-48     1.000E+01
2.50E-01     1.033E-42     1.000E+01
3.00E-01     8.855E-39     1.000E+01
3.50E-01     2.510E-36     1.000E+01
4.00E-01     7.114E-34     1.000E+01
4.50E-01     2.488E-32     1.000E+01
5.00E-01     8.704E-31     1.000E+01
6.00E-01     3.276E-28     1.000E+01
7.00E-01     6.135E-26     1.000E+01
8.00E-01     5.001E-24     1.000E+01
9.00E-01     2.082E-22     1.000E+01
1.00E+00     5.180E-21     1.000E+01
1.25E+00     1.470E-18     1.000E+01
1.50E+00     4.174E-16     1.000E+01
1.75E+00     1.360E-14     1.000E+01
2.00E+00     4.433E-13     1.000E+01
2.50E+00     5.540E-11     1.000E+01
3.00E+00     2.035E-09     1.000E+01
3.50E+00     3.441E-08     1.000E+01
4.00E+00     3.387E-07     1.000E+01
5.00E+00     1.029E-05     1.000E+01
6.00E+00     9.850E-05     1.000E+01
7.00E+00     4.220E-04     1.000E+01
8.00E+00     1.129E-03     1.000E+01
9.00E+00     2.333E-03     1.000E+01
1.00E+01     4.116E-03     1.000E+01
