4      he4 co51 cu55                       taly      6.71800E+00      
1.00E-03     0.000E+00     1.000E+00
2.00E-03     0.000E+00     1.000E+00
3.00E-03     0.000E+00     1.000E+00
4.00E-03     0.000E+00     1.000E+00
5.00E-03     0.000E+00     1.000E+00
6.00E-03     0.000E+00     1.000E+00
7.00E-03     0.000E+00     1.000E+00
8.00E-03     0.000E+00     1.000E+00
9.00E-03     0.000E+00     1.000E+00
1.00E-02     0.000E+00     1.000E+00
1.10E-02     0.000E+00     1.000E+00
1.20E-02     0.000E+00     1.000E+00
1.30E-02     0.000E+00     1.000E+00
1.40E-02     0.000E+00     1.000E+00
1.50E-02     0.000E+00     1.000E+00
1.60E-02     0.000E+00     1.000E+00
1.80E-02     0.000E+00     1.000E+00
2.00E-02     0.000E+00     1.000E+00
2.50E-02     0.000E+00     1.000E+00
3.00E-02     0.000E+00     1.000E+00
4.00E-02     0.000E+00     1.000E+00
5.00E-02     0.000E+00     1.000E+00
6.00E-02     0.000E+00     1.000E+00
7.00E-02     0.000E+00     1.000E+00
8.00E-02     0.000E+00     1.000E+00
9.00E-02     0.000E+00     1.000E+00
1.00E-01     0.000E+00     1.000E+00
1.10E-01     0.000E+00     1.000E+00
1.20E-01     0.000E+00     1.000E+00
1.30E-01     0.000E+00     1.000E+00
1.40E-01     0.000E+00     1.000E+00
1.50E-01     0.000E+00     1.000E+00
1.60E-01     1.660E-89     1.000E+01
1.80E-01     4.576E-69     1.000E+01
2.00E-01     1.261E-48     1.000E+01
2.50E-01     1.059E-42     1.000E+01
3.00E-01     9.027E-39     1.000E+01
3.50E-01     2.514E-36     1.000E+01
4.00E-01     7.004E-34     1.000E+01
4.50E-01     2.185E-32     1.000E+01
5.00E-01     6.818E-31     1.000E+01
6.00E-01     1.665E-28     1.000E+01
7.00E-01     2.869E-26     1.000E+01
8.00E-01     2.442E-24     1.000E+01
9.00E-01     1.066E-22     1.000E+01
1.00E+00     2.751E-21     1.000E+01
1.25E+00     7.619E-19     1.000E+01
1.50E+00     2.110E-16     1.000E+01
1.75E+00     5.796E-15     1.000E+01
2.00E+00     1.592E-13     1.000E+01
2.50E+00     1.274E-11     1.000E+01
3.00E+00     3.025E-10     1.000E+01
3.50E+00     3.499E-09     1.000E+01
4.00E+00     2.535E-08     1.000E+01
5.00E+00     5.305E-07     1.000E+01
6.00E+00     4.903E-06     1.000E+01
7.00E+00     2.642E-05     1.000E+01
8.00E+00     9.781E-05     1.000E+01
9.00E+00     2.755E-04     1.000E+01
1.00E+01     6.306E-04     1.000E+01
