4        p co52 ni53                       taly      2.93000E+00      
1.00E-03     0.000E+00     1.000E+00
2.00E-03     0.000E+00     1.000E+00
3.00E-03     0.000E+00     1.000E+00
4.00E-03     0.000E+00     1.000E+00
5.00E-03     0.000E+00     1.000E+00
6.00E-03     0.000E+00     1.000E+00
7.00E-03     0.000E+00     1.000E+00
8.00E-03     0.000E+00     1.000E+00
9.00E-03     0.000E+00     1.000E+00
1.00E-02     0.000E+00     1.000E+00
1.10E-02     6.062E-98     1.000E+01
1.20E-02     3.675E-96     1.000E+01
1.30E-02     2.228E-94     1.000E+01
1.40E-02     1.350E-92     1.000E+01
1.50E-02     8.187E-91     1.000E+01
1.60E-02     4.963E-89     1.000E+01
1.80E-02     1.824E-85     1.000E+01
2.00E-02     6.702E-82     1.000E+01
2.50E-02     5.487E-73     1.000E+01
3.00E-02     4.492E-64     1.000E+01
4.00E-02     3.011E-46     1.000E+01
5.00E-02     2.018E-28     1.000E+01
6.00E-02     1.381E-26     1.000E+01
7.00E-02     9.454E-25     1.000E+01
8.00E-02     6.471E-23     1.000E+01
9.00E-02     4.429E-21     1.000E+01
1.00E-01     3.032E-19     1.000E+01
1.10E-01     2.272E-18     1.000E+01
1.20E-01     1.703E-17     1.000E+01
1.30E-01     1.276E-16     1.000E+01
1.40E-01     9.564E-16     1.000E+01
1.50E-01     7.168E-15     1.000E+01
1.60E-01     2.544E-14     1.000E+01
1.80E-01     3.204E-13     1.000E+01
2.00E-01     4.035E-12     1.000E+01
2.50E-01     3.595E-10     1.000E+01
3.00E-01     1.084E-08     1.000E+01
3.50E-01     1.249E-07     1.000E+01
4.00E-01     1.439E-06     1.000E+01
4.50E-01     7.685E-06     1.000E+01
5.00E-01     4.104E-05     1.000E+01
6.00E-01     4.691E-04     1.000E+01
7.00E-01     2.986E-03     1.000E+01
8.00E-01     1.279E-02     1.000E+01
9.00E-01     4.145E-02     1.000E+01
1.00E+00     1.095E-01     1.000E+01
1.25E+00     5.183E-01     1.000E+01
1.50E+00     2.454E+00     1.000E+01
1.75E+00     5.748E+00     1.000E+01
2.00E+00     1.346E+01     1.000E+01
2.50E+00     4.022E+01     1.000E+01
3.00E+00     8.754E+01     1.000E+01
3.50E+00     1.579E+02     1.000E+01
4.00E+00     2.510E+02     1.000E+01
5.00E+00     4.725E+02     1.000E+01
6.00E+00     6.073E+02     1.000E+01
7.00E+00     5.737E+02     1.000E+01
8.00E+00     4.739E+02     1.000E+01
9.00E+00     3.854E+02     1.000E+01
1.00E+01     3.217E+02     1.000E+01
