5        n co51    p fe51                  taly      1.36420E+01      
1.00E-03     4.311E+08     1.000E+01
2.00E-03     4.319E+08     1.000E+01
3.00E-03     4.328E+08     1.000E+01
4.00E-03     4.337E+08     1.000E+01
5.00E-03     4.345E+08     1.000E+01
6.00E-03     4.305E+08     1.000E+01
7.00E-03     4.265E+08     1.000E+01
8.00E-03     4.226E+08     1.000E+01
9.00E-03     4.187E+08     1.000E+01
1.00E-02     4.148E+08     1.000E+01
1.10E-02     4.139E+08     1.000E+01
1.20E-02     4.130E+08     1.000E+01
1.30E-02     4.120E+08     1.000E+01
1.40E-02     4.111E+08     1.000E+01
1.50E-02     4.102E+08     1.000E+01
1.60E-02     4.093E+08     1.000E+01
1.80E-02     4.074E+08     1.000E+01
2.00E-02     4.056E+08     1.000E+01
2.50E-02     4.010E+08     1.000E+01
3.00E-02     3.965E+08     1.000E+01
4.00E-02     3.877E+08     1.000E+01
5.00E-02     3.790E+08     1.000E+01
6.00E-02     3.748E+08     1.000E+01
7.00E-02     3.707E+08     1.000E+01
8.00E-02     3.665E+08     1.000E+01
9.00E-02     3.625E+08     1.000E+01
1.00E-01     3.584E+08     1.000E+01
1.10E-01     3.556E+08     1.000E+01
1.20E-01     3.528E+08     1.000E+01
1.30E-01     3.500E+08     1.000E+01
1.40E-01     3.472E+08     1.000E+01
1.50E-01     3.445E+08     1.000E+01
1.60E-01     3.424E+08     1.000E+01
1.80E-01     3.384E+08     1.000E+01
2.00E-01     3.344E+08     1.000E+01
2.50E-01     3.264E+08     1.000E+01
3.00E-01     3.197E+08     1.000E+01
3.50E-01     3.138E+08     1.000E+01
4.00E-01     3.080E+08     1.000E+01
4.50E-01     3.030E+08     1.000E+01
5.00E-01     2.980E+08     1.000E+01
6.00E-01     2.893E+08     1.000E+01
7.00E-01     2.814E+08     1.000E+01
8.00E-01     2.740E+08     1.000E+01
9.00E-01     2.665E+08     1.000E+01
1.00E+00     2.584E+08     1.000E+01
1.25E+00     2.273E+08     1.000E+01
1.50E+00     1.999E+08     1.000E+01
1.75E+00     1.632E+08     1.000E+01
2.00E+00     1.332E+08     1.000E+01
2.50E+00     8.676E+07     1.000E+01
3.00E+00     5.891E+07     1.000E+01
3.50E+00     4.207E+07     1.000E+01
4.00E+00     3.139E+07     1.000E+01
5.00E+00     1.929E+07     1.000E+01
6.00E+00     1.301E+07     1.000E+01
7.00E+00     9.321E+06     1.000E+01
8.00E+00     6.949E+06     1.000E+01
9.00E+00     5.312E+06     1.000E+01
1.00E+01     4.118E+06     1.000E+01
