5      he4 co51    p ni54                  taly      7.01700E+00      
1.00E-03     0.000E+00     1.000E+00
2.00E-03     0.000E+00     1.000E+00
3.00E-03     0.000E+00     1.000E+00
4.00E-03     0.000E+00     1.000E+00
5.00E-03     0.000E+00     1.000E+00
6.00E-03     0.000E+00     1.000E+00
7.00E-03     0.000E+00     1.000E+00
8.00E-03     0.000E+00     1.000E+00
9.00E-03     0.000E+00     1.000E+00
1.00E-02     0.000E+00     1.000E+00
1.10E-02     0.000E+00     1.000E+00
1.20E-02     0.000E+00     1.000E+00
1.30E-02     0.000E+00     1.000E+00
1.40E-02     0.000E+00     1.000E+00
1.50E-02     0.000E+00     1.000E+00
1.60E-02     0.000E+00     1.000E+00
1.80E-02     0.000E+00     1.000E+00
2.00E-02     0.000E+00     1.000E+00
2.50E-02     0.000E+00     1.000E+00
3.00E-02     0.000E+00     1.000E+00
4.00E-02     0.000E+00     1.000E+00
5.00E-02     0.000E+00     1.000E+00
6.00E-02     0.000E+00     1.000E+00
7.00E-02     0.000E+00     1.000E+00
8.00E-02     0.000E+00     1.000E+00
9.00E-02     0.000E+00     1.000E+00
1.00E-01     0.000E+00     1.000E+00
1.10E-01     0.000E+00     1.000E+00
1.20E-01     0.000E+00     1.000E+00
1.30E-01     0.000E+00     1.000E+00
1.40E-01     0.000E+00     1.000E+00
1.50E-01     0.000E+00     1.000E+00
1.60E-01     7.120E-89     1.000E+01
1.80E-01     3.610E-67     1.000E+01
2.00E-01     1.830E-45     1.000E+01
2.50E-01     1.987E-39     1.000E+01
3.00E-01     2.744E-35     1.000E+01
3.50E-01     1.749E-32     1.000E+01
4.00E-01     1.114E-29     1.000E+01
4.50E-01     9.668E-28     1.000E+01
5.00E-01     8.389E-26     1.000E+01
6.00E-01     7.320E-23     1.000E+01
7.00E-01     1.599E-20     1.000E+01
8.00E-01     1.335E-18     1.000E+01
9.00E-01     5.531E-17     1.000E+01
1.00E+00     1.349E-15     1.000E+01
1.25E+00     3.330E-13     1.000E+01
1.50E+00     8.222E-11     1.000E+01
1.75E+00     2.149E-09     1.000E+01
2.00E+00     5.617E-08     1.000E+01
2.50E+00     4.406E-06     1.000E+01
3.00E+00     1.032E-04     1.000E+01
3.50E+00     1.141E-03     1.000E+01
4.00E+00     7.640E-03     1.000E+01
5.00E+00     1.293E-01     1.000E+01
6.00E+00     9.589E-01     1.000E+01
7.00E+00     4.237E+00     1.000E+01
8.00E+00     1.320E+01     1.000E+01
9.00E+00     3.208E+01     1.000E+01
1.00E+01     6.477E+01     1.000E+01
