5        n co53    p fe53                  taly      9.07000E+00      
1.00E-03     1.997E+09     1.000E+01
2.00E-03     2.001E+09     1.000E+01
3.00E-03     2.005E+09     1.000E+01
4.00E-03     2.009E+09     1.000E+01
5.00E-03     2.014E+09     1.000E+01
6.00E-03     1.995E+09     1.000E+01
7.00E-03     1.977E+09     1.000E+01
8.00E-03     1.959E+09     1.000E+01
9.00E-03     1.941E+09     1.000E+01
1.00E-02     1.923E+09     1.000E+01
1.10E-02     1.919E+09     1.000E+01
1.20E-02     1.915E+09     1.000E+01
1.30E-02     1.911E+09     1.000E+01
1.40E-02     1.907E+09     1.000E+01
1.50E-02     1.902E+09     1.000E+01
1.60E-02     1.898E+09     1.000E+01
1.80E-02     1.890E+09     1.000E+01
2.00E-02     1.882E+09     1.000E+01
2.50E-02     1.862E+09     1.000E+01
3.00E-02     1.841E+09     1.000E+01
4.00E-02     1.802E+09     1.000E+01
5.00E-02     1.763E+09     1.000E+01
6.00E-02     1.745E+09     1.000E+01
7.00E-02     1.727E+09     1.000E+01
8.00E-02     1.709E+09     1.000E+01
9.00E-02     1.692E+09     1.000E+01
1.00E-01     1.674E+09     1.000E+01
1.10E-01     1.662E+09     1.000E+01
1.20E-01     1.651E+09     1.000E+01
1.30E-01     1.639E+09     1.000E+01
1.40E-01     1.627E+09     1.000E+01
1.50E-01     1.616E+09     1.000E+01
1.60E-01     1.608E+09     1.000E+01
1.80E-01     1.591E+09     1.000E+01
2.00E-01     1.575E+09     1.000E+01
2.50E-01     1.544E+09     1.000E+01
3.00E-01     1.519E+09     1.000E+01
3.50E-01     1.497E+09     1.000E+01
4.00E-01     1.476E+09     1.000E+01
4.50E-01     1.458E+09     1.000E+01
5.00E-01     1.440E+09     1.000E+01
6.00E-01     1.410E+09     1.000E+01
7.00E-01     1.385E+09     1.000E+01
8.00E-01     1.364E+09     1.000E+01
9.00E-01     1.348E+09     1.000E+01
1.00E+00     1.335E+09     1.000E+01
1.25E+00     1.320E+09     1.000E+01
1.50E+00     1.305E+09     1.000E+01
1.75E+00     1.308E+09     1.000E+01
2.00E+00     1.312E+09     1.000E+01
2.50E+00     1.337E+09     1.000E+01
3.00E+00     1.371E+09     1.000E+01
3.50E+00     1.410E+09     1.000E+01
4.00E+00     1.448E+09     1.000E+01
5.00E+00     1.504E+09     1.000E+01
6.00E+00     1.438E+09     1.000E+01
7.00E+00     1.131E+09     1.000E+01
8.00E+00     7.172E+08     1.000E+01
9.00E+00     4.149E+08     1.000E+01
1.00E+01     2.445E+08     1.000E+01
