5      he4 co53    p ni56                  taly      6.38400E+00      
1.00E-03     0.000E+00     1.000E+00
2.00E-03     0.000E+00     1.000E+00
3.00E-03     0.000E+00     1.000E+00
4.00E-03     0.000E+00     1.000E+00
5.00E-03     0.000E+00     1.000E+00
6.00E-03     0.000E+00     1.000E+00
7.00E-03     0.000E+00     1.000E+00
8.00E-03     0.000E+00     1.000E+00
9.00E-03     0.000E+00     1.000E+00
1.00E-02     0.000E+00     1.000E+00
1.10E-02     0.000E+00     1.000E+00
1.20E-02     0.000E+00     1.000E+00
1.30E-02     0.000E+00     1.000E+00
1.40E-02     0.000E+00     1.000E+00
1.50E-02     0.000E+00     1.000E+00
1.60E-02     0.000E+00     1.000E+00
1.80E-02     0.000E+00     1.000E+00
2.00E-02     0.000E+00     1.000E+00
2.50E-02     0.000E+00     1.000E+00
3.00E-02     0.000E+00     1.000E+00
4.00E-02     0.000E+00     1.000E+00
5.00E-02     0.000E+00     1.000E+00
6.00E-02     0.000E+00     1.000E+00
7.00E-02     0.000E+00     1.000E+00
8.00E-02     0.000E+00     1.000E+00
9.00E-02     0.000E+00     1.000E+00
1.00E-01     0.000E+00     1.000E+00
1.10E-01     0.000E+00     1.000E+00
1.20E-01     0.000E+00     1.000E+00
1.30E-01     0.000E+00     1.000E+00
1.40E-01     0.000E+00     1.000E+00
1.50E-01     0.000E+00     1.000E+00
1.60E-01     6.624E-89     1.000E+01
1.80E-01     2.906E-67     1.000E+01
2.00E-01     1.275E-45     1.000E+01
2.50E-01     1.749E-39     1.000E+01
3.00E-01     2.800E-35     1.000E+01
3.50E-01     1.951E-32     1.000E+01
4.00E-01     1.360E-29     1.000E+01
4.50E-01     1.257E-27     1.000E+01
5.00E-01     1.163E-25     1.000E+01
6.00E-01     1.130E-22     1.000E+01
7.00E-01     2.729E-20     1.000E+01
8.00E-01     2.506E-18     1.000E+01
9.00E-01     1.138E-16     1.000E+01
1.00E+00     3.038E-15     1.000E+01
1.25E+00     9.692E-13     1.000E+01
1.50E+00     3.092E-10     1.000E+01
1.75E+00     1.101E-08     1.000E+01
2.00E+00     3.922E-07     1.000E+01
2.50E+00     5.705E-05     1.000E+01
3.00E+00     2.329E-03     1.000E+01
3.50E+00     4.158E-02     1.000E+01
4.00E+00     4.166E-01     1.000E+01
5.00E+00     1.286E+01     1.000E+01
6.00E+00     1.335E+02     1.000E+01
7.00E+00     6.017E+02     1.000E+01
8.00E+00     1.423E+03     1.000E+01
9.00E+00     2.265E+03     1.000E+01
1.00E+01     2.946E+03     1.000E+01
