5        n co51  he4 mn48                  taly      7.62700E+00      
1.00E-03     3.850E+05     1.000E+01
2.00E-03     3.859E+05     1.000E+01
3.00E-03     3.868E+05     1.000E+01
4.00E-03     3.877E+05     1.000E+01
5.00E-03     3.886E+05     1.000E+01
6.00E-03     3.851E+05     1.000E+01
7.00E-03     3.817E+05     1.000E+01
8.00E-03     3.782E+05     1.000E+01
9.00E-03     3.749E+05     1.000E+01
1.00E-02     3.715E+05     1.000E+01
1.10E-02     3.708E+05     1.000E+01
1.20E-02     3.700E+05     1.000E+01
1.30E-02     3.693E+05     1.000E+01
1.40E-02     3.686E+05     1.000E+01
1.50E-02     3.679E+05     1.000E+01
1.60E-02     3.671E+05     1.000E+01
1.80E-02     3.657E+05     1.000E+01
2.00E-02     3.643E+05     1.000E+01
2.50E-02     3.607E+05     1.000E+01
3.00E-02     3.572E+05     1.000E+01
4.00E-02     3.502E+05     1.000E+01
5.00E-02     3.434E+05     1.000E+01
6.00E-02     3.406E+05     1.000E+01
7.00E-02     3.377E+05     1.000E+01
8.00E-02     3.349E+05     1.000E+01
9.00E-02     3.322E+05     1.000E+01
1.00E-01     3.294E+05     1.000E+01
1.10E-01     3.278E+05     1.000E+01
1.20E-01     3.261E+05     1.000E+01
1.30E-01     3.244E+05     1.000E+01
1.40E-01     3.228E+05     1.000E+01
1.50E-01     3.212E+05     1.000E+01
1.60E-01     3.202E+05     1.000E+01
1.80E-01     3.183E+05     1.000E+01
2.00E-01     3.163E+05     1.000E+01
2.50E-01     3.133E+05     1.000E+01
3.00E-01     3.112E+05     1.000E+01
3.50E-01     3.097E+05     1.000E+01
4.00E-01     3.082E+05     1.000E+01
4.50E-01     3.073E+05     1.000E+01
5.00E-01     3.064E+05     1.000E+01
6.00E-01     3.055E+05     1.000E+01
7.00E-01     3.057E+05     1.000E+01
8.00E-01     3.070E+05     1.000E+01
9.00E-01     3.113E+05     1.000E+01
1.00E+00     3.224E+05     1.000E+01
1.25E+00     4.787E+05     1.000E+01
1.50E+00     7.108E+05     1.000E+01
1.75E+00     1.138E+06     1.000E+01
2.00E+00     1.821E+06     1.000E+01
2.50E+00     3.025E+06     1.000E+01
3.00E+00     3.885E+06     1.000E+01
3.50E+00     4.371E+06     1.000E+01
4.00E+00     4.578E+06     1.000E+01
5.00E+00     4.513E+06     1.000E+01
6.00E+00     4.168E+06     1.000E+01
7.00E+00     3.742E+06     1.000E+01
8.00E+00     3.308E+06     1.000E+01
9.00E+00     2.890E+06     1.000E+01
1.00E+01     2.495E+06     1.000E+01
