5        n co54    p fe54                  taly      9.02700E+00      
1.00E-03     1.928E+09     1.000E+01
2.00E-03     1.930E+09     1.000E+01
3.00E-03     1.931E+09     1.000E+01
4.00E-03     1.932E+09     1.000E+01
5.00E-03     1.934E+09     1.000E+01
6.00E-03     1.914E+09     1.000E+01
7.00E-03     1.896E+09     1.000E+01
8.00E-03     1.877E+09     1.000E+01
9.00E-03     1.858E+09     1.000E+01
1.00E-02     1.840E+09     1.000E+01
1.10E-02     1.836E+09     1.000E+01
1.20E-02     1.831E+09     1.000E+01
1.30E-02     1.826E+09     1.000E+01
1.40E-02     1.822E+09     1.000E+01
1.50E-02     1.817E+09     1.000E+01
1.60E-02     1.813E+09     1.000E+01
1.80E-02     1.803E+09     1.000E+01
2.00E-02     1.794E+09     1.000E+01
2.50E-02     1.772E+09     1.000E+01
3.00E-02     1.750E+09     1.000E+01
4.00E-02     1.706E+09     1.000E+01
5.00E-02     1.664E+09     1.000E+01
6.00E-02     1.644E+09     1.000E+01
7.00E-02     1.625E+09     1.000E+01
8.00E-02     1.605E+09     1.000E+01
9.00E-02     1.586E+09     1.000E+01
1.00E-01     1.567E+09     1.000E+01
1.10E-01     1.555E+09     1.000E+01
1.20E-01     1.542E+09     1.000E+01
1.30E-01     1.530E+09     1.000E+01
1.40E-01     1.518E+09     1.000E+01
1.50E-01     1.505E+09     1.000E+01
1.60E-01     1.497E+09     1.000E+01
1.80E-01     1.479E+09     1.000E+01
2.00E-01     1.462E+09     1.000E+01
2.50E-01     1.431E+09     1.000E+01
3.00E-01     1.407E+09     1.000E+01
3.50E-01     1.391E+09     1.000E+01
4.00E-01     1.375E+09     1.000E+01
4.50E-01     1.364E+09     1.000E+01
5.00E-01     1.354E+09     1.000E+01
6.00E-01     1.336E+09     1.000E+01
7.00E-01     1.320E+09     1.000E+01
8.00E-01     1.305E+09     1.000E+01
9.00E-01     1.291E+09     1.000E+01
1.00E+00     1.279E+09     1.000E+01
1.25E+00     1.266E+09     1.000E+01
1.50E+00     1.252E+09     1.000E+01
1.75E+00     1.256E+09     1.000E+01
2.00E+00     1.260E+09     1.000E+01
2.50E+00     1.285E+09     1.000E+01
3.00E+00     1.318E+09     1.000E+01
3.50E+00     1.348E+09     1.000E+01
4.00E+00     1.357E+09     1.000E+01
5.00E+00     1.233E+09     1.000E+01
6.00E+00     9.134E+08     1.000E+01
7.00E+00     6.049E+08     1.000E+01
8.00E+00     4.061E+08     1.000E+01
9.00E+00     2.901E+08     1.000E+01
1.00E+01     2.200E+08     1.000E+01
