5        n co52  he4 mn49                  taly      9.29300E+00      
1.00E-03     5.097E+06     1.000E+01
2.00E-03     5.108E+06     1.000E+01
3.00E-03     5.119E+06     1.000E+01
4.00E-03     5.131E+06     1.000E+01
5.00E-03     5.142E+06     1.000E+01
6.00E-03     5.096E+06     1.000E+01
7.00E-03     5.050E+06     1.000E+01
8.00E-03     5.004E+06     1.000E+01
9.00E-03     4.959E+06     1.000E+01
1.00E-02     4.914E+06     1.000E+01
1.10E-02     4.904E+06     1.000E+01
1.20E-02     4.894E+06     1.000E+01
1.30E-02     4.884E+06     1.000E+01
1.40E-02     4.874E+06     1.000E+01
1.50E-02     4.864E+06     1.000E+01
1.60E-02     4.854E+06     1.000E+01
1.80E-02     4.833E+06     1.000E+01
2.00E-02     4.813E+06     1.000E+01
2.50E-02     4.764E+06     1.000E+01
3.00E-02     4.714E+06     1.000E+01
4.00E-02     4.617E+06     1.000E+01
5.00E-02     4.522E+06     1.000E+01
6.00E-02     4.479E+06     1.000E+01
7.00E-02     4.437E+06     1.000E+01
8.00E-02     4.394E+06     1.000E+01
9.00E-02     4.353E+06     1.000E+01
1.00E-01     4.311E+06     1.000E+01
1.10E-01     4.284E+06     1.000E+01
1.20E-01     4.257E+06     1.000E+01
1.30E-01     4.230E+06     1.000E+01
1.40E-01     4.203E+06     1.000E+01
1.50E-01     4.176E+06     1.000E+01
1.60E-01     4.158E+06     1.000E+01
1.80E-01     4.121E+06     1.000E+01
2.00E-01     4.085E+06     1.000E+01
2.50E-01     4.019E+06     1.000E+01
3.00E-01     3.966E+06     1.000E+01
3.50E-01     3.921E+06     1.000E+01
4.00E-01     3.877E+06     1.000E+01
4.50E-01     3.840E+06     1.000E+01
5.00E-01     3.803E+06     1.000E+01
6.00E-01     3.744E+06     1.000E+01
7.00E-01     3.696E+06     1.000E+01
8.00E-01     3.659E+06     1.000E+01
9.00E-01     3.632E+06     1.000E+01
1.00E+00     3.612E+06     1.000E+01
1.25E+00     3.604E+06     1.000E+01
1.50E+00     3.597E+06     1.000E+01
1.75E+00     3.631E+06     1.000E+01
2.00E+00     3.666E+06     1.000E+01
2.50E+00     3.778E+06     1.000E+01
3.00E+00     3.914E+06     1.000E+01
3.50E+00     4.089E+06     1.000E+01
4.00E+00     4.341E+06     1.000E+01
5.00E+00     5.156E+06     1.000E+01
6.00E+00     5.844E+06     1.000E+01
7.00E+00     5.566E+06     1.000E+01
8.00E+00     4.656E+06     1.000E+01
9.00E+00     3.691E+06     1.000E+01
1.00E+01     2.875E+06     1.000E+01
