4      he4 cr51 fe55                       taly      8.45500E+00      
1.00E-03     0.000E+00     1.000E+00
2.00E-03     0.000E+00     1.000E+00
3.00E-03     0.000E+00     1.000E+00
4.00E-03     0.000E+00     1.000E+00
5.00E-03     0.000E+00     1.000E+00
6.00E-03     0.000E+00     1.000E+00
7.00E-03     0.000E+00     1.000E+00
8.00E-03     0.000E+00     1.000E+00
9.00E-03     0.000E+00     1.000E+00
1.00E-02     0.000E+00     1.000E+00
1.10E-02     0.000E+00     1.000E+00
1.20E-02     0.000E+00     1.000E+00
1.30E-02     0.000E+00     1.000E+00
1.40E-02     0.000E+00     1.000E+00
1.50E-02     0.000E+00     1.000E+00
1.60E-02     0.000E+00     1.000E+00
1.80E-02     0.000E+00     1.000E+00
2.00E-02     0.000E+00     1.000E+00
2.50E-02     0.000E+00     1.000E+00
3.00E-02     0.000E+00     1.000E+00
4.00E-02     0.000E+00     1.000E+00
5.00E-02     0.000E+00     1.000E+00
6.00E-02     0.000E+00     1.000E+00
7.00E-02     0.000E+00     1.000E+00
8.00E-02     0.000E+00     1.000E+00
9.00E-02     0.000E+00     1.000E+00
1.00E-01     0.000E+00     1.000E+00
1.10E-01     2.003E-89     1.000E+01
1.20E-01     4.011E-79     1.000E+01
1.30E-01     8.033E-69     1.000E+01
1.40E-01     1.609E-58     1.000E+01
1.50E-01     3.222E-48     1.000E+01
1.60E-01     1.418E-46     1.000E+01
1.80E-01     2.747E-43     1.000E+01
2.00E-01     5.320E-40     1.000E+01
2.50E-01     6.172E-35     1.000E+01
3.00E-01     2.341E-31     1.000E+01
3.50E-01     7.493E-29     1.000E+01
4.00E-01     2.398E-26     1.000E+01
4.50E-01     1.376E-24     1.000E+01
5.00E-01     7.891E-23     1.000E+01
6.00E-01     3.769E-20     1.000E+01
7.00E-01     5.024E-18     1.000E+01
8.00E-01     2.677E-16     1.000E+01
9.00E-01     7.210E-15     1.000E+01
1.00E+00     1.159E-13     1.000E+01
1.25E+00     1.210E-11     1.000E+01
1.50E+00     1.264E-09     1.000E+01
1.75E+00     1.880E-08     1.000E+01
2.00E+00     2.796E-07     1.000E+01
2.50E+00     1.064E-05     1.000E+01
3.00E+00     1.648E-04     1.000E+01
3.50E+00     1.509E-03     1.000E+01
4.00E+00     9.512E-03     1.000E+01
5.00E+00     1.583E-01     1.000E+01
6.00E+00     1.064E+00     1.000E+01
7.00E+00     3.752E+00     1.000E+01
8.00E+00     8.764E+00     1.000E+01
9.00E+00     1.596E+01     1.000E+01
1.00E+01     2.488E+01     1.000E+01
