5      he4 cr48    p mn51                  taly      5.57000E-01      
1.00E-03     0.000E+00     1.000E+00
2.00E-03     0.000E+00     1.000E+00
3.00E-03     0.000E+00     1.000E+00
4.00E-03     0.000E+00     1.000E+00
5.00E-03     0.000E+00     1.000E+00
6.00E-03     0.000E+00     1.000E+00
7.00E-03     0.000E+00     1.000E+00
8.00E-03     0.000E+00     1.000E+00
9.00E-03     0.000E+00     1.000E+00
1.00E-02     0.000E+00     1.000E+00
1.10E-02     0.000E+00     1.000E+00
1.20E-02     0.000E+00     1.000E+00
1.30E-02     0.000E+00     1.000E+00
1.40E-02     0.000E+00     1.000E+00
1.50E-02     0.000E+00     1.000E+00
1.60E-02     0.000E+00     1.000E+00
1.80E-02     0.000E+00     1.000E+00
2.00E-02     0.000E+00     1.000E+00
2.50E-02     0.000E+00     1.000E+00
3.00E-02     0.000E+00     1.000E+00
4.00E-02     0.000E+00     1.000E+00
5.00E-02     0.000E+00     1.000E+00
6.00E-02     0.000E+00     1.000E+00
7.00E-02     0.000E+00     1.000E+00
8.00E-02     0.000E+00     1.000E+00
9.00E-02     0.000E+00     1.000E+00
1.00E-01     0.000E+00     1.000E+00
1.10E-01     1.666E-89     1.000E+01
1.20E-01     2.776E-79     1.000E+01
1.30E-01     4.625E-69     1.000E+01
1.40E-01     7.705E-59     1.000E+01
1.50E-01     1.284E-48     1.000E+01
1.60E-01     6.446E-47     1.000E+01
1.80E-01     1.625E-43     1.000E+01
2.00E-01     4.098E-40     1.000E+01
2.50E-01     6.953E-35     1.000E+01
3.00E-01     3.326E-31     1.000E+01
3.50E-01     1.213E-28     1.000E+01
4.00E-01     4.426E-26     1.000E+01
4.50E-01     2.730E-24     1.000E+01
5.00E-01     1.684E-22     1.000E+01
6.00E-01     8.729E-20     1.000E+01
7.00E-01     1.258E-17     1.000E+01
8.00E-01     7.476E-16     1.000E+01
9.00E-01     2.343E-14     1.000E+01
1.00E+00     4.538E-13     1.000E+01
1.25E+00     8.321E-11     1.000E+01
1.50E+00     1.526E-08     1.000E+01
1.75E+00     3.990E-07     1.000E+01
2.00E+00     1.043E-05     1.000E+01
2.50E+00     1.062E-03     1.000E+01
3.00E+00     3.477E-02     1.000E+01
3.50E+00     5.346E-01     1.000E+01
4.00E+00     4.806E+00     1.000E+01
5.00E+00     1.303E+02     1.000E+01
6.00E+00     1.360E+03     1.000E+01
7.00E+00     7.621E+03     1.000E+01
8.00E+00     2.699E+04     1.000E+01
9.00E+00     6.561E+04     1.000E+01
1.00E+01     1.172E+05     1.000E+01
