4      he4 cr47 fe51                       taly      8.06600E+00      
1.00E-03     0.000E+00     1.000E+00
2.00E-03     0.000E+00     1.000E+00
3.00E-03     0.000E+00     1.000E+00
4.00E-03     0.000E+00     1.000E+00
5.00E-03     0.000E+00     1.000E+00
6.00E-03     0.000E+00     1.000E+00
7.00E-03     0.000E+00     1.000E+00
8.00E-03     0.000E+00     1.000E+00
9.00E-03     0.000E+00     1.000E+00
1.00E-02     0.000E+00     1.000E+00
1.10E-02     0.000E+00     1.000E+00
1.20E-02     0.000E+00     1.000E+00
1.30E-02     0.000E+00     1.000E+00
1.40E-02     0.000E+00     1.000E+00
1.50E-02     0.000E+00     1.000E+00
1.60E-02     0.000E+00     1.000E+00
1.80E-02     0.000E+00     1.000E+00
2.00E-02     0.000E+00     1.000E+00
2.50E-02     0.000E+00     1.000E+00
3.00E-02     0.000E+00     1.000E+00
4.00E-02     0.000E+00     1.000E+00
5.00E-02     0.000E+00     1.000E+00
6.00E-02     0.000E+00     1.000E+00
7.00E-02     0.000E+00     1.000E+00
8.00E-02     0.000E+00     1.000E+00
9.00E-02     0.000E+00     1.000E+00
1.00E-01     0.000E+00     1.000E+00
1.10E-01     3.894E-90     1.000E+01
1.20E-01     1.516E-80     1.000E+01
1.30E-01     5.905E-71     1.000E+01
1.40E-01     2.300E-61     1.000E+01
1.50E-01     8.955E-52     1.000E+01
1.60E-01     4.382E-50     1.000E+01
1.80E-01     1.049E-46     1.000E+01
2.00E-01     2.512E-43     1.000E+01
2.50E-01     3.509E-38     1.000E+01
3.00E-01     1.347E-34     1.000E+01
3.50E-01     4.145E-32     1.000E+01
4.00E-01     1.275E-29     1.000E+01
4.50E-01     6.989E-28     1.000E+01
5.00E-01     3.829E-26     1.000E+01
6.00E-01     1.668E-23     1.000E+01
7.00E-01     2.118E-21     1.000E+01
8.00E-01     1.138E-19     1.000E+01
9.00E-01     3.237E-18     1.000E+01
1.00E+00     5.690E-17     1.000E+01
1.25E+00     8.462E-15     1.000E+01
1.50E+00     1.258E-12     1.000E+01
1.75E+00     2.885E-11     1.000E+01
2.00E+00     6.613E-10     1.000E+01
2.50E+00     5.616E-08     1.000E+01
3.00E+00     1.599E-06     1.000E+01
3.50E+00     2.206E-05     1.000E+01
4.00E+00     1.825E-04     1.000E+01
5.00E+00     4.402E-03     1.000E+01
6.00E+00     4.261E-02     1.000E+01
7.00E+00     2.301E-01     1.000E+01
8.00E+00     8.296E-01     1.000E+01
9.00E+00     2.177E+00     1.000E+01
1.00E+01     4.269E+00     1.000E+01
