5        n cr44  he4 ti41                  taly      7.70700E+00      
1.00E-03     1.926E+06     1.000E+01
2.00E-03     1.930E+06     1.000E+01
3.00E-03     1.934E+06     1.000E+01
4.00E-03     1.938E+06     1.000E+01
5.00E-03     1.942E+06     1.000E+01
6.00E-03     1.924E+06     1.000E+01
7.00E-03     1.907E+06     1.000E+01
8.00E-03     1.890E+06     1.000E+01
9.00E-03     1.872E+06     1.000E+01
1.00E-02     1.855E+06     1.000E+01
1.10E-02     1.851E+06     1.000E+01
1.20E-02     1.847E+06     1.000E+01
1.30E-02     1.843E+06     1.000E+01
1.40E-02     1.840E+06     1.000E+01
1.50E-02     1.836E+06     1.000E+01
1.60E-02     1.832E+06     1.000E+01
1.80E-02     1.824E+06     1.000E+01
2.00E-02     1.816E+06     1.000E+01
2.50E-02     1.797E+06     1.000E+01
3.00E-02     1.778E+06     1.000E+01
4.00E-02     1.740E+06     1.000E+01
5.00E-02     1.704E+06     1.000E+01
6.00E-02     1.687E+06     1.000E+01
7.00E-02     1.670E+06     1.000E+01
8.00E-02     1.654E+06     1.000E+01
9.00E-02     1.637E+06     1.000E+01
1.00E-01     1.621E+06     1.000E+01
1.10E-01     1.610E+06     1.000E+01
1.20E-01     1.599E+06     1.000E+01
1.30E-01     1.589E+06     1.000E+01
1.40E-01     1.578E+06     1.000E+01
1.50E-01     1.567E+06     1.000E+01
1.60E-01     1.560E+06     1.000E+01
1.80E-01     1.545E+06     1.000E+01
2.00E-01     1.531E+06     1.000E+01
2.50E-01     1.503E+06     1.000E+01
3.00E-01     1.480E+06     1.000E+01
3.50E-01     1.461E+06     1.000E+01
4.00E-01     1.442E+06     1.000E+01
4.50E-01     1.425E+06     1.000E+01
5.00E-01     1.409E+06     1.000E+01
6.00E-01     1.381E+06     1.000E+01
7.00E-01     1.357E+06     1.000E+01
8.00E-01     1.336E+06     1.000E+01
9.00E-01     1.318E+06     1.000E+01
1.00E+00     1.301E+06     1.000E+01
1.25E+00     1.261E+06     1.000E+01
1.50E+00     1.222E+06     1.000E+01
1.75E+00     1.153E+06     1.000E+01
2.00E+00     1.088E+06     1.000E+01
2.50E+00     8.765E+05     1.000E+01
3.00E+00     6.807E+05     1.000E+01
3.50E+00     5.410E+05     1.000E+01
4.00E+00     4.467E+05     1.000E+01
5.00E+00     3.363E+05     1.000E+01
6.00E+00     2.766E+05     1.000E+01
7.00E+00     2.389E+05     1.000E+01
8.00E+00     2.117E+05     1.000E+01
9.00E+00     1.896E+05     1.000E+01
1.00E+01     1.699E+05     1.000E+01
