4        n cr44 cr45                       taly      1.39490E+01      
1.00E-03     1.742E+04     1.000E+01
2.00E-03     1.745E+04     1.000E+01
3.00E-03     1.749E+04     1.000E+01
4.00E-03     1.752E+04     1.000E+01
5.00E-03     1.756E+04     1.000E+01
6.00E-03     1.740E+04     1.000E+01
7.00E-03     1.724E+04     1.000E+01
8.00E-03     1.709E+04     1.000E+01
9.00E-03     1.693E+04     1.000E+01
1.00E-02     1.677E+04     1.000E+01
1.10E-02     1.673E+04     1.000E+01
1.20E-02     1.670E+04     1.000E+01
1.30E-02     1.666E+04     1.000E+01
1.40E-02     1.663E+04     1.000E+01
1.50E-02     1.659E+04     1.000E+01
1.60E-02     1.656E+04     1.000E+01
1.80E-02     1.649E+04     1.000E+01
2.00E-02     1.642E+04     1.000E+01
2.50E-02     1.624E+04     1.000E+01
3.00E-02     1.607E+04     1.000E+01
4.00E-02     1.572E+04     1.000E+01
5.00E-02     1.537E+04     1.000E+01
6.00E-02     1.521E+04     1.000E+01
7.00E-02     1.505E+04     1.000E+01
8.00E-02     1.489E+04     1.000E+01
9.00E-02     1.474E+04     1.000E+01
1.00E-01     1.458E+04     1.000E+01
1.10E-01     1.447E+04     1.000E+01
1.20E-01     1.437E+04     1.000E+01
1.30E-01     1.426E+04     1.000E+01
1.40E-01     1.416E+04     1.000E+01
1.50E-01     1.406E+04     1.000E+01
1.60E-01     1.398E+04     1.000E+01
1.80E-01     1.383E+04     1.000E+01
2.00E-01     1.368E+04     1.000E+01
2.50E-01     1.340E+04     1.000E+01
3.00E-01     1.316E+04     1.000E+01
3.50E-01     1.295E+04     1.000E+01
4.00E-01     1.274E+04     1.000E+01
4.50E-01     1.256E+04     1.000E+01
5.00E-01     1.238E+04     1.000E+01
6.00E-01     1.207E+04     1.000E+01
7.00E-01     1.179E+04     1.000E+01
8.00E-01     1.155E+04     1.000E+01
9.00E-01     1.134E+04     1.000E+01
1.00E+00     1.114E+04     1.000E+01
1.25E+00     1.071E+04     1.000E+01
1.50E+00     1.029E+04     1.000E+01
1.75E+00     9.735E+03     1.000E+01
2.00E+00     9.185E+03     1.000E+01
2.50E+00     7.459E+03     1.000E+01
3.00E+00     5.763E+03     1.000E+01
3.50E+00     4.496E+03     1.000E+01
4.00E+00     3.617E+03     1.000E+01
5.00E+00     2.568E+03     1.000E+01
6.00E+00     2.001E+03     1.000E+01
7.00E+00     1.655E+03     1.000E+01
8.00E+00     1.420E+03     1.000E+01
9.00E+00     1.244E+03     1.000E+01
1.00E+01     1.099E+03     1.000E+01
