5        n cr47  he4 ti44                  taly      8.63400E+00      
1.00E-03     6.838E+07     1.000E+01
2.00E-03     6.843E+07     1.000E+01
3.00E-03     6.848E+07     1.000E+01
4.00E-03     6.853E+07     1.000E+01
5.00E-03     6.858E+07     1.000E+01
6.00E-03     6.790E+07     1.000E+01
7.00E-03     6.724E+07     1.000E+01
8.00E-03     6.658E+07     1.000E+01
9.00E-03     6.592E+07     1.000E+01
1.00E-02     6.527E+07     1.000E+01
1.10E-02     6.511E+07     1.000E+01
1.20E-02     6.495E+07     1.000E+01
1.30E-02     6.478E+07     1.000E+01
1.40E-02     6.462E+07     1.000E+01
1.50E-02     6.446E+07     1.000E+01
1.60E-02     6.430E+07     1.000E+01
1.80E-02     6.397E+07     1.000E+01
2.00E-02     6.365E+07     1.000E+01
2.50E-02     6.286E+07     1.000E+01
3.00E-02     6.207E+07     1.000E+01
4.00E-02     6.053E+07     1.000E+01
5.00E-02     5.902E+07     1.000E+01
6.00E-02     5.832E+07     1.000E+01
7.00E-02     5.762E+07     1.000E+01
8.00E-02     5.694E+07     1.000E+01
9.00E-02     5.626E+07     1.000E+01
1.00E-01     5.559E+07     1.000E+01
1.10E-01     5.513E+07     1.000E+01
1.20E-01     5.468E+07     1.000E+01
1.30E-01     5.423E+07     1.000E+01
1.40E-01     5.379E+07     1.000E+01
1.50E-01     5.335E+07     1.000E+01
1.60E-01     5.302E+07     1.000E+01
1.80E-01     5.238E+07     1.000E+01
2.00E-01     5.174E+07     1.000E+01
2.50E-01     5.043E+07     1.000E+01
3.00E-01     4.922E+07     1.000E+01
3.50E-01     4.808E+07     1.000E+01
4.00E-01     4.696E+07     1.000E+01
4.50E-01     4.593E+07     1.000E+01
5.00E-01     4.493E+07     1.000E+01
6.00E-01     4.318E+07     1.000E+01
7.00E-01     4.172E+07     1.000E+01
8.00E-01     4.052E+07     1.000E+01
9.00E-01     3.953E+07     1.000E+01
1.00E+00     3.873E+07     1.000E+01
1.25E+00     3.761E+07     1.000E+01
1.50E+00     3.652E+07     1.000E+01
1.75E+00     3.626E+07     1.000E+01
2.00E+00     3.601E+07     1.000E+01
2.50E+00     3.636E+07     1.000E+01
3.00E+00     3.720E+07     1.000E+01
3.50E+00     3.837E+07     1.000E+01
4.00E+00     3.979E+07     1.000E+01
5.00E+00     4.321E+07     1.000E+01
6.00E+00     4.730E+07     1.000E+01
7.00E+00     5.195E+07     1.000E+01
8.00E+00     5.661E+07     1.000E+01
9.00E+00     5.961E+07     1.000E+01
1.00E+01     5.806E+07     1.000E+01
