4        n cr50 cr51                       taex      9.26000E+00      
1.00E-03     3.222E+07     1.265E+00
2.00E-03     2.823E+07     1.265E+00
3.00E-03     2.424E+07     1.265E+00
4.00E-03     2.025E+07     1.265E+00
5.00E-03     1.626E+07     1.265E+00
6.00E-03     1.550E+07     1.265E+00
7.00E-03     1.474E+07     1.265E+00
8.00E-03     1.398E+07     1.265E+00
9.00E-03     1.321E+07     1.265E+00
1.00E-02     1.245E+07     1.265E+00
1.10E-02     1.234E+07     1.265E+00
1.20E-02     1.224E+07     1.265E+00
1.30E-02     1.213E+07     1.265E+00
1.40E-02     1.202E+07     1.265E+00
1.50E-02     1.191E+07     1.265E+00
1.60E-02     1.180E+07     1.265E+00
1.80E-02     1.159E+07     1.265E+00
2.00E-02     1.137E+07     1.265E+00
2.50E-02     1.083E+07     1.265E+00
3.00E-02     1.029E+07     1.265E+00
4.00E-02     9.206E+06     1.265E+00
5.00E-02     8.123E+06     1.265E+00
6.00E-02     7.951E+06     1.265E+00
7.00E-02     7.779E+06     1.265E+00
8.00E-02     7.607E+06     1.265E+00
9.00E-02     7.435E+06     1.265E+00
1.00E-01     7.264E+06     1.265E+00
1.10E-01     7.211E+06     1.265E+00
1.20E-01     7.158E+06     1.265E+00
1.30E-01     7.105E+06     1.265E+00
1.40E-01     7.052E+06     1.265E+00
1.50E-01     6.999E+06     1.265E+00
1.60E-01     6.988E+06     1.265E+00
1.80E-01     6.967E+06     1.265E+00
2.00E-01     6.946E+06     1.265E+00
2.50E-01     6.977E+06     1.265E+00
3.00E-01     7.037E+06     1.265E+00
3.50E-01     7.100E+06     1.265E+00
4.00E-01     7.162E+06     1.265E+00
4.50E-01     7.215E+06     1.265E+00
5.00E-01     7.267E+06     1.265E+00
6.00E-01     7.356E+06     1.265E+00
7.00E-01     7.434E+06     1.265E+00
8.00E-01     7.507E+06     1.265E+00
9.00E-01     7.576E+06     1.265E+00
1.00E+00     7.644E+06     1.265E+00
1.25E+00     7.806E+06     1.265E+00
1.50E+00     7.968E+06     1.265E+00
1.75E+00     8.105E+06     1.265E+00
2.00E+00     8.242E+06     1.265E+00
2.50E+00     8.430E+06     1.265E+00
3.00E+00     8.539E+06     1.265E+00
3.50E+00     8.593E+06     1.265E+00
4.00E+00     8.606E+06     1.265E+00
5.00E+00     8.354E+06     1.265E+00
6.00E+00     7.108E+06     1.265E+00
7.00E+00     4.847E+06     1.265E+00
8.00E+00     2.859E+06     1.265E+00
9.00E+00     1.675E+06     1.265E+00
1.00E+01     1.043E+06     1.265E+00
