4      he4 cr46 fe50                       taly      7.44000E+00      
1.00E-03     0.000E+00     1.000E+00
2.00E-03     0.000E+00     1.000E+00
3.00E-03     0.000E+00     1.000E+00
4.00E-03     0.000E+00     1.000E+00
5.00E-03     0.000E+00     1.000E+00
6.00E-03     0.000E+00     1.000E+00
7.00E-03     0.000E+00     1.000E+00
8.00E-03     0.000E+00     1.000E+00
9.00E-03     0.000E+00     1.000E+00
1.00E-02     0.000E+00     1.000E+00
1.10E-02     0.000E+00     1.000E+00
1.20E-02     0.000E+00     1.000E+00
1.30E-02     0.000E+00     1.000E+00
1.40E-02     0.000E+00     1.000E+00
1.50E-02     0.000E+00     1.000E+00
1.60E-02     0.000E+00     1.000E+00
1.80E-02     0.000E+00     1.000E+00
2.00E-02     0.000E+00     1.000E+00
2.50E-02     0.000E+00     1.000E+00
3.00E-02     0.000E+00     1.000E+00
4.00E-02     0.000E+00     1.000E+00
5.00E-02     0.000E+00     1.000E+00
6.00E-02     0.000E+00     1.000E+00
7.00E-02     0.000E+00     1.000E+00
8.00E-02     0.000E+00     1.000E+00
9.00E-02     0.000E+00     1.000E+00
1.00E-01     0.000E+00     1.000E+00
1.10E-01     4.083E-90     1.000E+01
1.20E-01     1.667E-80     1.000E+01
1.30E-01     6.808E-71     1.000E+01
1.40E-01     2.780E-61     1.000E+01
1.50E-01     1.135E-51     1.000E+01
1.60E-01     5.561E-50     1.000E+01
1.80E-01     1.335E-46     1.000E+01
2.00E-01     3.203E-43     1.000E+01
2.50E-01     4.571E-38     1.000E+01
3.00E-01     1.808E-34     1.000E+01
3.50E-01     5.788E-32     1.000E+01
4.00E-01     1.853E-29     1.000E+01
4.50E-01     1.069E-27     1.000E+01
5.00E-01     6.172E-26     1.000E+01
6.00E-01     2.937E-23     1.000E+01
7.00E-01     3.975E-21     1.000E+01
8.00E-01     2.254E-19     1.000E+01
9.00E-01     6.797E-18     1.000E+01
1.00E+00     1.271E-16     1.000E+01
1.25E+00     2.060E-14     1.000E+01
1.50E+00     3.341E-12     1.000E+01
1.75E+00     7.607E-11     1.000E+01
2.00E+00     1.732E-09     1.000E+01
2.50E+00     1.291E-07     1.000E+01
3.00E+00     2.950E-06     1.000E+01
3.50E+00     3.132E-05     1.000E+01
4.00E+00     1.985E-04     1.000E+01
5.00E+00     2.967E-03     1.000E+01
6.00E+00     1.952E-02     1.000E+01
7.00E+00     7.718E-02     1.000E+01
8.00E+00     2.132E-01     1.000E+01
9.00E+00     4.313E-01     1.000E+01
1.00E+01     6.339E-01     1.000E+01
