5      he4 cr47    p mn50                  taly      3.20200E+00      
1.00E-03     0.000E+00     1.000E+00
2.00E-03     0.000E+00     1.000E+00
3.00E-03     0.000E+00     1.000E+00
4.00E-03     0.000E+00     1.000E+00
5.00E-03     0.000E+00     1.000E+00
6.00E-03     0.000E+00     1.000E+00
7.00E-03     0.000E+00     1.000E+00
8.00E-03     0.000E+00     1.000E+00
9.00E-03     0.000E+00     1.000E+00
1.00E-02     0.000E+00     1.000E+00
1.10E-02     0.000E+00     1.000E+00
1.20E-02     0.000E+00     1.000E+00
1.30E-02     0.000E+00     1.000E+00
1.40E-02     0.000E+00     1.000E+00
1.50E-02     0.000E+00     1.000E+00
1.60E-02     0.000E+00     1.000E+00
1.80E-02     0.000E+00     1.000E+00
2.00E-02     0.000E+00     1.000E+00
2.50E-02     0.000E+00     1.000E+00
3.00E-02     0.000E+00     1.000E+00
4.00E-02     0.000E+00     1.000E+00
5.00E-02     0.000E+00     1.000E+00
6.00E-02     0.000E+00     1.000E+00
7.00E-02     0.000E+00     1.000E+00
8.00E-02     0.000E+00     1.000E+00
9.00E-02     0.000E+00     1.000E+00
1.00E-01     0.000E+00     1.000E+00
1.10E-01     1.816E-89     1.000E+01
1.20E-01     3.297E-79     1.000E+01
1.30E-01     5.986E-69     1.000E+01
1.40E-01     1.087E-58     1.000E+01
1.50E-01     1.974E-48     1.000E+01
1.60E-01     9.787E-47     1.000E+01
1.80E-01     2.406E-43     1.000E+01
2.00E-01     5.917E-40     1.000E+01
2.50E-01     9.231E-35     1.000E+01
3.00E-01     4.059E-31     1.000E+01
3.50E-01     1.396E-28     1.000E+01
4.00E-01     4.799E-26     1.000E+01
4.50E-01     2.854E-24     1.000E+01
5.00E-01     1.697E-22     1.000E+01
6.00E-01     8.494E-20     1.000E+01
7.00E-01     1.216E-17     1.000E+01
8.00E-01     7.240E-16     1.000E+01
9.00E-01     2.257E-14     1.000E+01
1.00E+00     4.312E-13     1.000E+01
1.25E+00     7.600E-11     1.000E+01
1.50E+00     1.339E-08     1.000E+01
1.75E+00     3.488E-07     1.000E+01
2.00E+00     9.084E-06     1.000E+01
2.50E+00     9.135E-04     1.000E+01
3.00E+00     2.864E-02     1.000E+01
3.50E+00     4.134E-01     1.000E+01
4.00E+00     3.463E+00     1.000E+01
5.00E+00     8.135E+01     1.000E+01
6.00E+00     7.466E+02     1.000E+01
7.00E+00     3.804E+03     1.000E+01
8.00E+00     1.296E+04     1.000E+01
9.00E+00     3.229E+04     1.000E+01
1.00E+01     6.036E+04     1.000E+01
