4        n cr46 cr47                       taly      1.31580E+01      
1.00E-03     7.432E+04     1.000E+01
2.00E-03     7.441E+04     1.000E+01
3.00E-03     7.450E+04     1.000E+01
4.00E-03     7.459E+04     1.000E+01
5.00E-03     7.468E+04     1.000E+01
6.00E-03     7.398E+04     1.000E+01
7.00E-03     7.327E+04     1.000E+01
8.00E-03     7.257E+04     1.000E+01
9.00E-03     7.187E+04     1.000E+01
1.00E-02     7.116E+04     1.000E+01
1.10E-02     7.100E+04     1.000E+01
1.20E-02     7.084E+04     1.000E+01
1.30E-02     7.067E+04     1.000E+01
1.40E-02     7.051E+04     1.000E+01
1.50E-02     7.034E+04     1.000E+01
1.60E-02     7.018E+04     1.000E+01
1.80E-02     6.985E+04     1.000E+01
2.00E-02     6.952E+04     1.000E+01
2.50E-02     6.871E+04     1.000E+01
3.00E-02     6.789E+04     1.000E+01
4.00E-02     6.625E+04     1.000E+01
5.00E-02     6.461E+04     1.000E+01
6.00E-02     6.387E+04     1.000E+01
7.00E-02     6.314E+04     1.000E+01
8.00E-02     6.241E+04     1.000E+01
9.00E-02     6.168E+04     1.000E+01
1.00E-01     6.095E+04     1.000E+01
1.10E-01     6.046E+04     1.000E+01
1.20E-01     5.998E+04     1.000E+01
1.30E-01     5.949E+04     1.000E+01
1.40E-01     5.901E+04     1.000E+01
1.50E-01     5.853E+04     1.000E+01
1.60E-01     5.818E+04     1.000E+01
1.80E-01     5.750E+04     1.000E+01
2.00E-01     5.681E+04     1.000E+01
2.50E-01     5.550E+04     1.000E+01
3.00E-01     5.440E+04     1.000E+01
3.50E-01     5.347E+04     1.000E+01
4.00E-01     5.254E+04     1.000E+01
4.50E-01     5.176E+04     1.000E+01
5.00E-01     5.097E+04     1.000E+01
6.00E-01     4.964E+04     1.000E+01
7.00E-01     4.850E+04     1.000E+01
8.00E-01     4.753E+04     1.000E+01
9.00E-01     4.670E+04     1.000E+01
1.00E+00     4.599E+04     1.000E+01
1.25E+00     4.486E+04     1.000E+01
1.50E+00     4.372E+04     1.000E+01
1.75E+00     4.322E+04     1.000E+01
2.00E+00     4.272E+04     1.000E+01
2.50E+00     4.231E+04     1.000E+01
3.00E+00     4.215E+04     1.000E+01
3.50E+00     4.206E+04     1.000E+01
4.00E+00     4.197E+04     1.000E+01
5.00E+00     4.157E+04     1.000E+01
6.00E+00     4.070E+04     1.000E+01
7.00E+00     3.918E+04     1.000E+01
8.00E+00     3.640E+04     1.000E+01
9.00E+00     3.102E+04     1.000E+01
1.00E+01     2.257E+04     1.000E+01
