4        p cr52 mn53                       taly      6.56000E+00      
1.00E-03     0.000E+00     1.000E+00
2.00E-03     0.000E+00     1.000E+00
3.00E-03     0.000E+00     1.000E+00
4.00E-03     0.000E+00     1.000E+00
5.00E-03     0.000E+00     1.000E+00
6.00E-03     0.000E+00     1.000E+00
7.00E-03     0.000E+00     1.000E+00
8.00E-03     0.000E+00     1.000E+00
9.00E-03     0.000E+00     1.000E+00
1.00E-02     0.000E+00     1.000E+00
1.10E-02     1.264E-97     1.000E+01
1.20E-02     1.598E-95     1.000E+01
1.30E-02     2.020E-93     1.000E+01
1.40E-02     2.554E-91     1.000E+01
1.50E-02     3.228E-89     1.000E+01
1.60E-02     4.081E-87     1.000E+01
1.80E-02     6.522E-83     1.000E+01
2.00E-02     1.042E-78     1.000E+01
2.50E-02     3.365E-68     1.000E+01
3.00E-02     1.086E-57     1.000E+01
4.00E-02     1.132E-36     1.000E+01
5.00E-02     1.180E-15     1.000E+01
6.00E-02     9.763E-15     1.000E+01
7.00E-02     8.076E-14     1.000E+01
8.00E-02     6.681E-13     1.000E+01
9.00E-02     5.526E-12     1.000E+01
1.00E-01     4.571E-11     1.000E+01
1.10E-01     9.054E-11     1.000E+01
1.20E-01     1.793E-10     1.000E+01
1.30E-01     3.552E-10     1.000E+01
1.40E-01     7.035E-10     1.000E+01
1.50E-01     1.393E-09     1.000E+01
1.60E-01     1.947E-09     1.000E+01
1.80E-01     3.804E-09     1.000E+01
2.00E-01     7.431E-09     1.000E+01
2.50E-01     2.844E-08     1.000E+01
3.00E-01     2.934E-07     1.000E+01
3.50E-01     2.856E-06     1.000E+01
4.00E-01     2.780E-05     1.000E+01
4.50E-01     1.405E-04     1.000E+01
5.00E-01     7.104E-04     1.000E+01
6.00E-01     8.008E-03     1.000E+01
7.00E-01     5.290E-02     1.000E+01
8.00E-01     2.409E-01     1.000E+01
9.00E-01     8.378E-01     1.000E+01
1.00E+00     2.381E+00     1.000E+01
1.25E+00     1.332E+01     1.000E+01
1.50E+00     7.455E+01     1.000E+01
1.75E+00     1.992E+02     1.000E+01
2.00E+00     5.323E+02     1.000E+01
2.50E+00     1.968E+03     1.000E+01
3.00E+00     5.114E+03     1.000E+01
3.50E+00     1.075E+04     1.000E+01
4.00E+00     1.963E+04     1.000E+01
5.00E+00     4.880E+04     1.000E+01
6.00E+00     8.722E+04     1.000E+01
7.00E+00     1.114E+05     1.000E+01
8.00E+00     1.070E+05     1.000E+01
9.00E+00     8.775E+04     1.000E+01
1.00E+01     6.841E+04     1.000E+01
