5        n cr49  he4 ti46                  taly      4.44000E+00      
1.00E-03     2.915E+05     1.000E+01
2.00E-03     2.796E+05     1.000E+01
3.00E-03     2.681E+05     1.000E+01
4.00E-03     2.571E+05     1.000E+01
5.00E-03     2.465E+05     1.000E+01
6.00E-03     2.401E+05     1.000E+01
7.00E-03     2.339E+05     1.000E+01
8.00E-03     2.278E+05     1.000E+01
9.00E-03     2.219E+05     1.000E+01
1.00E-02     2.162E+05     1.000E+01
1.10E-02     2.144E+05     1.000E+01
1.20E-02     2.126E+05     1.000E+01
1.30E-02     2.108E+05     1.000E+01
1.40E-02     2.091E+05     1.000E+01
1.50E-02     2.074E+05     1.000E+01
1.60E-02     2.057E+05     1.000E+01
1.80E-02     2.023E+05     1.000E+01
2.00E-02     1.989E+05     1.000E+01
2.50E-02     1.909E+05     1.000E+01
3.00E-02     1.831E+05     1.000E+01
4.00E-02     1.685E+05     1.000E+01
5.00E-02     1.551E+05     1.000E+01
6.00E-02     1.504E+05     1.000E+01
7.00E-02     1.459E+05     1.000E+01
8.00E-02     1.415E+05     1.000E+01
9.00E-02     1.372E+05     1.000E+01
1.00E-01     1.331E+05     1.000E+01
1.10E-01     1.308E+05     1.000E+01
1.20E-01     1.285E+05     1.000E+01
1.30E-01     1.263E+05     1.000E+01
1.40E-01     1.241E+05     1.000E+01
1.50E-01     1.219E+05     1.000E+01
1.60E-01     1.206E+05     1.000E+01
1.80E-01     1.180E+05     1.000E+01
2.00E-01     1.154E+05     1.000E+01
2.50E-01     1.115E+05     1.000E+01
3.00E-01     1.090E+05     1.000E+01
3.50E-01     1.078E+05     1.000E+01
4.00E-01     1.067E+05     1.000E+01
4.50E-01     1.066E+05     1.000E+01
5.00E-01     1.066E+05     1.000E+01
6.00E-01     1.080E+05     1.000E+01
7.00E-01     1.104E+05     1.000E+01
8.00E-01     1.138E+05     1.000E+01
9.00E-01     1.179E+05     1.000E+01
1.00E+00     1.227E+05     1.000E+01
1.25E+00     1.389E+05     1.000E+01
1.50E+00     1.573E+05     1.000E+01
1.75E+00     1.828E+05     1.000E+01
2.00E+00     2.126E+05     1.000E+01
2.50E+00     2.971E+05     1.000E+01
3.00E+00     4.251E+05     1.000E+01
3.50E+00     6.160E+05     1.000E+01
4.00E+00     8.925E+05     1.000E+01
5.00E+00     1.804E+06     1.000E+01
6.00E+00     3.351E+06     1.000E+01
7.00E+00     5.584E+06     1.000E+01
8.00E+00     8.288E+06     1.000E+01
9.00E+00     1.121E+07     1.000E+01
1.00E+01     1.424E+07     1.000E+01
