4        n cr45 cr46                       taly      1.80300E+01      
1.00E-03     5.180E+04     1.000E+01
2.00E-03     5.189E+04     1.000E+01
3.00E-03     5.198E+04     1.000E+01
4.00E-03     5.207E+04     1.000E+01
5.00E-03     5.216E+04     1.000E+01
6.00E-03     5.169E+04     1.000E+01
7.00E-03     5.121E+04     1.000E+01
8.00E-03     5.073E+04     1.000E+01
9.00E-03     5.025E+04     1.000E+01
1.00E-02     4.978E+04     1.000E+01
1.10E-02     4.967E+04     1.000E+01
1.20E-02     4.956E+04     1.000E+01
1.30E-02     4.945E+04     1.000E+01
1.40E-02     4.934E+04     1.000E+01
1.50E-02     4.923E+04     1.000E+01
1.60E-02     4.912E+04     1.000E+01
1.80E-02     4.891E+04     1.000E+01
2.00E-02     4.869E+04     1.000E+01
2.50E-02     4.814E+04     1.000E+01
3.00E-02     4.760E+04     1.000E+01
4.00E-02     4.651E+04     1.000E+01
5.00E-02     4.542E+04     1.000E+01
6.00E-02     4.492E+04     1.000E+01
7.00E-02     4.443E+04     1.000E+01
8.00E-02     4.393E+04     1.000E+01
9.00E-02     4.344E+04     1.000E+01
1.00E-01     4.294E+04     1.000E+01
1.10E-01     4.261E+04     1.000E+01
1.20E-01     4.228E+04     1.000E+01
1.30E-01     4.195E+04     1.000E+01
1.40E-01     4.161E+04     1.000E+01
1.50E-01     4.128E+04     1.000E+01
1.60E-01     4.104E+04     1.000E+01
1.80E-01     4.056E+04     1.000E+01
2.00E-01     4.008E+04     1.000E+01
2.50E-01     3.915E+04     1.000E+01
3.00E-01     3.836E+04     1.000E+01
3.50E-01     3.767E+04     1.000E+01
4.00E-01     3.699E+04     1.000E+01
4.50E-01     3.640E+04     1.000E+01
5.00E-01     3.581E+04     1.000E+01
6.00E-01     3.479E+04     1.000E+01
7.00E-01     3.388E+04     1.000E+01
8.00E-01     3.306E+04     1.000E+01
9.00E-01     3.230E+04     1.000E+01
1.00E+00     3.154E+04     1.000E+01
1.25E+00     2.960E+04     1.000E+01
1.50E+00     2.766E+04     1.000E+01
1.75E+00     2.643E+04     1.000E+01
2.00E+00     2.521E+04     1.000E+01
2.50E+00     2.434E+04     1.000E+01
3.00E+00     2.343E+04     1.000E+01
3.50E+00     2.199E+04     1.000E+01
4.00E+00     2.022E+04     1.000E+01
5.00E+00     1.657E+04     1.000E+01
6.00E+00     1.344E+04     1.000E+01
7.00E+00     1.096E+04     1.000E+01
8.00E+00     9.018E+03     1.000E+01
9.00E+00     7.466E+03     1.000E+01
1.00E+01     6.200E+03     1.000E+01
