5      he4 cr49    p mn52                  taly      5.10000E-01      
1.00E-03     0.000E+00     1.000E+00
2.00E-03     0.000E+00     1.000E+00
3.00E-03     0.000E+00     1.000E+00
4.00E-03     0.000E+00     1.000E+00
5.00E-03     0.000E+00     1.000E+00
6.00E-03     0.000E+00     1.000E+00
7.00E-03     0.000E+00     1.000E+00
8.00E-03     0.000E+00     1.000E+00
9.00E-03     0.000E+00     1.000E+00
1.00E-02     0.000E+00     1.000E+00
1.10E-02     0.000E+00     1.000E+00
1.20E-02     0.000E+00     1.000E+00
1.30E-02     0.000E+00     1.000E+00
1.40E-02     0.000E+00     1.000E+00
1.50E-02     0.000E+00     1.000E+00
1.60E-02     0.000E+00     1.000E+00
1.80E-02     0.000E+00     1.000E+00
2.00E-02     0.000E+00     1.000E+00
2.50E-02     0.000E+00     1.000E+00
3.00E-02     0.000E+00     1.000E+00
4.00E-02     0.000E+00     1.000E+00
5.00E-02     0.000E+00     1.000E+00
6.00E-02     0.000E+00     1.000E+00
7.00E-02     0.000E+00     1.000E+00
8.00E-02     0.000E+00     1.000E+00
9.00E-02     0.000E+00     1.000E+00
1.00E-01     0.000E+00     1.000E+00
1.10E-01     0.000E+00     1.000E+00
1.20E-01     0.000E+00     1.000E+00
1.30E-01     0.000E+00     1.000E+00
1.40E-01     0.000E+00     1.000E+00
1.50E-01     0.000E+00     1.000E+00
1.60E-01     5.329E-88     1.000E+01
1.80E-01     1.513E-64     1.000E+01
2.00E-01     4.298E-41     1.000E+01
2.50E-01     1.052E-35     1.000E+01
3.00E-01     6.877E-32     1.000E+01
3.50E-01     3.240E-29     1.000E+01
4.00E-01     1.526E-26     1.000E+01
4.50E-01     1.111E-24     1.000E+01
5.00E-01     8.083E-23     1.000E+01
6.00E-01     5.082E-20     1.000E+01
7.00E-01     8.241E-18     1.000E+01
8.00E-01     5.354E-16     1.000E+01
9.00E-01     1.799E-14     1.000E+01
1.00E+00     3.666E-13     1.000E+01
1.25E+00     7.137E-11     1.000E+01
1.50E+00     1.389E-08     1.000E+01
1.75E+00     3.736E-07     1.000E+01
2.00E+00     1.005E-05     1.000E+01
2.50E+00     1.032E-03     1.000E+01
3.00E+00     3.290E-02     1.000E+01
3.50E+00     4.881E-01     1.000E+01
4.00E+00     4.261E+00     1.000E+01
5.00E+00     1.110E+02     1.000E+01
6.00E+00     1.091E+03     1.000E+01
7.00E+00     5.387E+03     1.000E+01
8.00E+00     1.604E+04     1.000E+01
9.00E+00     3.381E+04     1.000E+01
1.00E+01     5.720E+04     1.000E+01
