4        p cr48 mn49                       taly      2.10400E+00      
1.00E-03     0.000E+00     1.000E+00
2.00E-03     0.000E+00     1.000E+00
3.00E-03     0.000E+00     1.000E+00
4.00E-03     0.000E+00     1.000E+00
5.00E-03     0.000E+00     1.000E+00
6.00E-03     0.000E+00     1.000E+00
7.00E-03     0.000E+00     1.000E+00
8.00E-03     0.000E+00     1.000E+00
9.00E-03     0.000E+00     1.000E+00
1.00E-02     0.000E+00     1.000E+00
1.10E-02     7.235E-98     1.000E+01
1.20E-02     5.234E-96     1.000E+01
1.30E-02     3.787E-94     1.000E+01
1.40E-02     2.740E-92     1.000E+01
1.50E-02     1.982E-90     1.000E+01
1.60E-02     1.434E-88     1.000E+01
1.80E-02     7.505E-85     1.000E+01
2.00E-02     3.928E-81     1.000E+01
2.50E-02     7.786E-72     1.000E+01
3.00E-02     1.543E-62     1.000E+01
4.00E-02     6.062E-44     1.000E+01
5.00E-02     2.381E-25     1.000E+01
6.00E-02     1.141E-23     1.000E+01
7.00E-02     5.463E-22     1.000E+01
8.00E-02     2.617E-20     1.000E+01
9.00E-02     1.253E-18     1.000E+01
1.00E-01     6.003E-17     1.000E+01
1.10E-01     3.836E-16     1.000E+01
1.20E-01     2.452E-15     1.000E+01
1.30E-01     1.567E-14     1.000E+01
1.40E-01     1.001E-13     1.000E+01
1.50E-01     6.399E-13     1.000E+01
1.60E-01     2.028E-12     1.000E+01
1.80E-01     2.038E-11     1.000E+01
2.00E-01     2.047E-10     1.000E+01
2.50E-01     1.120E-08     1.000E+01
3.00E-01     2.184E-07     1.000E+01
3.50E-01     1.744E-06     1.000E+01
4.00E-01     1.393E-05     1.000E+01
4.50E-01     5.605E-05     1.000E+01
5.00E-01     2.256E-04     1.000E+01
6.00E-01     1.674E-03     1.000E+01
7.00E-01     7.662E-03     1.000E+01
8.00E-01     2.549E-02     1.000E+01
9.00E-01     6.793E-02     1.000E+01
1.00E+00     1.541E-01     1.000E+01
1.25E+00     5.973E-01     1.000E+01
1.50E+00     2.316E+00     1.000E+01
1.75E+00     5.043E+00     1.000E+01
2.00E+00     1.098E+01     1.000E+01
2.50E+00     3.064E+01     1.000E+01
3.00E+00     6.367E+01     1.000E+01
3.50E+00     1.104E+02     1.000E+01
4.00E+00     1.698E+02     1.000E+01
5.00E+00     3.209E+02     1.000E+01
6.00E+00     5.035E+02     1.000E+01
7.00E+00     6.950E+02     1.000E+01
8.00E+00     8.477E+02     1.000E+01
9.00E+00     9.018E+02     1.000E+01
1.00E+01     8.436E+02     1.000E+01
