5        n cr47    p  v47                  taly      8.22700E+00      
1.00E-03     2.293E+09     1.000E+01
2.00E-03     2.295E+09     1.000E+01
3.00E-03     2.296E+09     1.000E+01
4.00E-03     2.298E+09     1.000E+01
5.00E-03     2.300E+09     1.000E+01
6.00E-03     2.277E+09     1.000E+01
7.00E-03     2.255E+09     1.000E+01
8.00E-03     2.233E+09     1.000E+01
9.00E-03     2.211E+09     1.000E+01
1.00E-02     2.189E+09     1.000E+01
1.10E-02     2.183E+09     1.000E+01
1.20E-02     2.178E+09     1.000E+01
1.30E-02     2.172E+09     1.000E+01
1.40E-02     2.167E+09     1.000E+01
1.50E-02     2.161E+09     1.000E+01
1.60E-02     2.156E+09     1.000E+01
1.80E-02     2.145E+09     1.000E+01
2.00E-02     2.134E+09     1.000E+01
2.50E-02     2.107E+09     1.000E+01
3.00E-02     2.081E+09     1.000E+01
4.00E-02     2.029E+09     1.000E+01
5.00E-02     1.978E+09     1.000E+01
6.00E-02     1.954E+09     1.000E+01
7.00E-02     1.930E+09     1.000E+01
8.00E-02     1.907E+09     1.000E+01
9.00E-02     1.884E+09     1.000E+01
1.00E-01     1.861E+09     1.000E+01
1.10E-01     1.846E+09     1.000E+01
1.20E-01     1.830E+09     1.000E+01
1.30E-01     1.815E+09     1.000E+01
1.40E-01     1.800E+09     1.000E+01
1.50E-01     1.785E+09     1.000E+01
1.60E-01     1.773E+09     1.000E+01
1.80E-01     1.751E+09     1.000E+01
2.00E-01     1.730E+09     1.000E+01
2.50E-01     1.686E+09     1.000E+01
3.00E-01     1.648E+09     1.000E+01
3.50E-01     1.614E+09     1.000E+01
4.00E-01     1.581E+09     1.000E+01
4.50E-01     1.554E+09     1.000E+01
5.00E-01     1.527E+09     1.000E+01
6.00E-01     1.484E+09     1.000E+01
7.00E-01     1.451E+09     1.000E+01
8.00E-01     1.424E+09     1.000E+01
9.00E-01     1.402E+09     1.000E+01
1.00E+00     1.383E+09     1.000E+01
1.25E+00     1.356E+09     1.000E+01
1.50E+00     1.328E+09     1.000E+01
1.75E+00     1.318E+09     1.000E+01
2.00E+00     1.308E+09     1.000E+01
2.50E+00     1.305E+09     1.000E+01
3.00E+00     1.311E+09     1.000E+01
3.50E+00     1.323E+09     1.000E+01
4.00E+00     1.336E+09     1.000E+01
5.00E+00     1.362E+09     1.000E+01
6.00E+00     1.381E+09     1.000E+01
7.00E+00     1.387E+09     1.000E+01
8.00E+00     1.363E+09     1.000E+01
9.00E+00     1.275E+09     1.000E+01
1.00E+01     1.082E+09     1.000E+01
