4      he4 cr52 fe56                       taly      7.61300E+00      
1.00E-03     0.000E+00     1.000E+00
2.00E-03     0.000E+00     1.000E+00
3.00E-03     0.000E+00     1.000E+00
4.00E-03     0.000E+00     1.000E+00
5.00E-03     0.000E+00     1.000E+00
6.00E-03     0.000E+00     1.000E+00
7.00E-03     0.000E+00     1.000E+00
8.00E-03     0.000E+00     1.000E+00
9.00E-03     0.000E+00     1.000E+00
1.00E-02     0.000E+00     1.000E+00
1.10E-02     0.000E+00     1.000E+00
1.20E-02     0.000E+00     1.000E+00
1.30E-02     0.000E+00     1.000E+00
1.40E-02     0.000E+00     1.000E+00
1.50E-02     0.000E+00     1.000E+00
1.60E-02     0.000E+00     1.000E+00
1.80E-02     0.000E+00     1.000E+00
2.00E-02     0.000E+00     1.000E+00
2.50E-02     0.000E+00     1.000E+00
3.00E-02     0.000E+00     1.000E+00
4.00E-02     0.000E+00     1.000E+00
5.00E-02     0.000E+00     1.000E+00
6.00E-02     0.000E+00     1.000E+00
7.00E-02     0.000E+00     1.000E+00
8.00E-02     0.000E+00     1.000E+00
9.00E-02     0.000E+00     1.000E+00
1.00E-01     0.000E+00     1.000E+00
1.10E-01     1.698E-89     1.000E+01
1.20E-01     2.883E-79     1.000E+01
1.30E-01     4.896E-69     1.000E+01
1.40E-01     8.314E-59     1.000E+01
1.50E-01     1.412E-48     1.000E+01
1.60E-01     7.076E-47     1.000E+01
1.80E-01     1.778E-43     1.000E+01
2.00E-01     4.465E-40     1.000E+01
2.50E-01     7.264E-35     1.000E+01
3.00E-01     3.338E-31     1.000E+01
3.50E-01     1.221E-28     1.000E+01
4.00E-01     4.465E-26     1.000E+01
4.50E-01     2.840E-24     1.000E+01
5.00E-01     1.807E-22     1.000E+01
6.00E-01     9.917E-20     1.000E+01
7.00E-01     1.504E-17     1.000E+01
8.00E-01     9.429E-16     1.000E+01
9.00E-01     3.092E-14     1.000E+01
1.00E+00     6.158E-13     1.000E+01
1.25E+00     1.008E-10     1.000E+01
1.50E+00     1.649E-08     1.000E+01
1.75E+00     2.857E-07     1.000E+01
2.00E+00     4.949E-06     1.000E+01
2.50E+00     1.705E-04     1.000E+01
3.00E+00     1.883E-03     1.000E+01
3.50E+00     1.090E-02     1.000E+01
4.00E+00     4.313E-02     1.000E+01
5.00E+00     3.729E-01     1.000E+01
6.00E+00     2.069E+00     1.000E+01
7.00E+00     7.550E+00     1.000E+01
8.00E+00     1.843E+01     1.000E+01
9.00E+00     3.404E+01     1.000E+01
1.00E+01     5.347E+01     1.000E+01
