5        n cr48    p  v48                  taly      2.43700E+00      
1.00E-03     5.283E+08     1.000E+01
2.00E-03     4.660E+08     1.000E+01
3.00E-03     4.110E+08     1.000E+01
4.00E-03     3.625E+08     1.000E+01
5.00E-03     3.197E+08     1.000E+01
6.00E-03     3.038E+08     1.000E+01
7.00E-03     2.887E+08     1.000E+01
8.00E-03     2.744E+08     1.000E+01
9.00E-03     2.608E+08     1.000E+01
1.00E-02     2.478E+08     1.000E+01
1.10E-02     2.442E+08     1.000E+01
1.20E-02     2.407E+08     1.000E+01
1.30E-02     2.372E+08     1.000E+01
1.40E-02     2.338E+08     1.000E+01
1.50E-02     2.304E+08     1.000E+01
1.60E-02     2.271E+08     1.000E+01
1.80E-02     2.206E+08     1.000E+01
2.00E-02     2.142E+08     1.000E+01
2.50E-02     1.992E+08     1.000E+01
3.00E-02     1.852E+08     1.000E+01
4.00E-02     1.602E+08     1.000E+01
5.00E-02     1.385E+08     1.000E+01
6.00E-02     1.329E+08     1.000E+01
7.00E-02     1.275E+08     1.000E+01
8.00E-02     1.224E+08     1.000E+01
9.00E-02     1.174E+08     1.000E+01
1.00E-01     1.127E+08     1.000E+01
1.10E-01     1.106E+08     1.000E+01
1.20E-01     1.086E+08     1.000E+01
1.30E-01     1.067E+08     1.000E+01
1.40E-01     1.047E+08     1.000E+01
1.50E-01     1.028E+08     1.000E+01
1.60E-01     1.019E+08     1.000E+01
1.80E-01     1.001E+08     1.000E+01
2.00E-01     9.839E+07     1.000E+01
2.50E-01     9.643E+07     1.000E+01
3.00E-01     9.574E+07     1.000E+01
3.50E-01     9.603E+07     1.000E+01
4.00E-01     9.631E+07     1.000E+01
4.50E-01     9.730E+07     1.000E+01
5.00E-01     9.830E+07     1.000E+01
6.00E-01     1.012E+08     1.000E+01
7.00E-01     1.047E+08     1.000E+01
8.00E-01     1.088E+08     1.000E+01
9.00E-01     1.134E+08     1.000E+01
1.00E+00     1.185E+08     1.000E+01
1.25E+00     1.341E+08     1.000E+01
1.50E+00     1.518E+08     1.000E+01
1.75E+00     1.742E+08     1.000E+01
2.00E+00     1.999E+08     1.000E+01
2.50E+00     2.598E+08     1.000E+01
3.00E+00     3.257E+08     1.000E+01
3.50E+00     3.939E+08     1.000E+01
4.00E+00     4.621E+08     1.000E+01
5.00E+00     5.955E+08     1.000E+01
6.00E+00     7.211E+08     1.000E+01
7.00E+00     8.260E+08     1.000E+01
8.00E+00     8.792E+08     1.000E+01
9.00E+00     8.479E+08     1.000E+01
1.00E+01     7.393E+08     1.000E+01
