5      he4 cr44    p mn47                  taly      4.06400E+00      
1.00E-03     0.000E+00     1.000E+00
2.00E-03     0.000E+00     1.000E+00
3.00E-03     0.000E+00     1.000E+00
4.00E-03     0.000E+00     1.000E+00
5.00E-03     0.000E+00     1.000E+00
6.00E-03     0.000E+00     1.000E+00
7.00E-03     0.000E+00     1.000E+00
8.00E-03     0.000E+00     1.000E+00
9.00E-03     0.000E+00     1.000E+00
1.00E-02     0.000E+00     1.000E+00
1.10E-02     0.000E+00     1.000E+00
1.20E-02     0.000E+00     1.000E+00
1.30E-02     0.000E+00     1.000E+00
1.40E-02     0.000E+00     1.000E+00
1.50E-02     0.000E+00     1.000E+00
1.60E-02     0.000E+00     1.000E+00
1.80E-02     0.000E+00     1.000E+00
2.00E-02     0.000E+00     1.000E+00
2.50E-02     0.000E+00     1.000E+00
3.00E-02     0.000E+00     1.000E+00
4.00E-02     0.000E+00     1.000E+00
5.00E-02     0.000E+00     1.000E+00
6.00E-02     0.000E+00     1.000E+00
7.00E-02     0.000E+00     1.000E+00
8.00E-02     0.000E+00     1.000E+00
9.00E-02     0.000E+00     1.000E+00
1.00E-01     0.000E+00     1.000E+00
1.10E-01     0.000E+00     1.000E+00
1.20E-01     0.000E+00     1.000E+00
1.30E-01     0.000E+00     1.000E+00
1.40E-01     0.000E+00     1.000E+00
1.50E-01     0.000E+00     1.000E+00
1.60E-01     6.923E-88     1.000E+01
1.80E-01     3.318E-64     1.000E+01
2.00E-01     1.591E-40     1.000E+01
2.50E-01     3.163E-35     1.000E+01
3.00E-01     1.564E-31     1.000E+01
3.50E-01     5.658E-29     1.000E+01
4.00E-01     2.047E-26     1.000E+01
4.50E-01     1.271E-24     1.000E+01
5.00E-01     7.889E-23     1.000E+01
6.00E-01     4.235E-20     1.000E+01
7.00E-01     6.364E-18     1.000E+01
8.00E-01     3.968E-16     1.000E+01
9.00E-01     1.307E-14     1.000E+01
1.00E+00     2.652E-13     1.000E+01
1.25E+00     5.123E-11     1.000E+01
1.50E+00     9.898E-09     1.000E+01
1.75E+00     2.324E-07     1.000E+01
2.00E+00     5.458E-06     1.000E+01
2.50E+00     3.026E-04     1.000E+01
3.00E+00     4.415E-03     1.000E+01
3.50E+00     2.977E-02     1.000E+01
4.00E+00     1.253E-01     1.000E+01
5.00E+00     9.747E-01     1.000E+01
6.00E+00     4.074E+00     1.000E+01
7.00E+00     1.201E+01     1.000E+01
8.00E+00     2.834E+01     1.000E+01
9.00E+00     5.703E+01     1.000E+01
1.00E+01     1.015E+02     1.000E+01
