5      he4 cu56    p zn59                  taly      4.11300E+00      
1.00E-03     0.000E+00     1.000E+00
2.00E-03     0.000E+00     1.000E+00
3.00E-03     0.000E+00     1.000E+00
4.00E-03     0.000E+00     1.000E+00
5.00E-03     0.000E+00     1.000E+00
6.00E-03     0.000E+00     1.000E+00
7.00E-03     0.000E+00     1.000E+00
8.00E-03     0.000E+00     1.000E+00
9.00E-03     0.000E+00     1.000E+00
1.00E-02     0.000E+00     1.000E+00
1.10E-02     0.000E+00     1.000E+00
1.20E-02     0.000E+00     1.000E+00
1.30E-02     0.000E+00     1.000E+00
1.40E-02     0.000E+00     1.000E+00
1.50E-02     0.000E+00     1.000E+00
1.60E-02     0.000E+00     1.000E+00
1.80E-02     0.000E+00     1.000E+00
2.00E-02     0.000E+00     1.000E+00
2.50E-02     0.000E+00     1.000E+00
3.00E-02     0.000E+00     1.000E+00
4.00E-02     0.000E+00     1.000E+00
5.00E-02     0.000E+00     1.000E+00
6.00E-02     0.000E+00     1.000E+00
7.00E-02     0.000E+00     1.000E+00
8.00E-02     0.000E+00     1.000E+00
9.00E-02     0.000E+00     1.000E+00
1.00E-01     0.000E+00     1.000E+00
1.10E-01     0.000E+00     1.000E+00
1.20E-01     0.000E+00     1.000E+00
1.30E-01     0.000E+00     1.000E+00
1.40E-01     0.000E+00     1.000E+00
1.50E-01     0.000E+00     1.000E+00
1.60E-01     0.000E+00     1.000E+00
1.80E-01     0.000E+00     1.000E+00
2.00E-01     0.000E+00     1.000E+00
2.50E-01     2.981E-42     1.000E+01
3.00E-01     1.421E-37     1.000E+01
3.50E-01     1.646E-34     1.000E+01
4.00E-01     1.907E-31     1.000E+01
4.50E-01     2.143E-29     1.000E+01
5.00E-01     2.407E-27     1.000E+01
6.00E-01     2.927E-24     1.000E+01
7.00E-01     8.208E-22     1.000E+01
8.00E-01     8.220E-20     1.000E+01
9.00E-01     3.826E-18     1.000E+01
1.00E+00     9.846E-17     1.000E+01
1.25E+00     2.179E-14     1.000E+01
1.50E+00     4.824E-12     1.000E+01
1.75E+00     1.176E-10     1.000E+01
2.00E+00     2.867E-09     1.000E+01
2.50E+00     2.473E-07     1.000E+01
3.00E+00     7.023E-06     1.000E+01
3.50E+00     9.674E-05     1.000E+01
4.00E+00     8.048E-04     1.000E+01
5.00E+00     2.015E-02     1.000E+01
6.00E+00     2.073E-01     1.000E+01
7.00E+00     1.204E+00     1.000E+01
8.00E+00     4.716E+00     1.000E+01
9.00E+00     1.392E+01     1.000E+01
1.00E+01     3.321E+01     1.000E+01
