4        n cu58 cu59                       taly      1.27620E+01      
1.00E-03     1.791E+05     1.000E+01
2.00E-03     1.798E+05     1.000E+01
3.00E-03     1.806E+05     1.000E+01
4.00E-03     1.813E+05     1.000E+01
5.00E-03     1.821E+05     1.000E+01
6.00E-03     1.806E+05     1.000E+01
7.00E-03     1.792E+05     1.000E+01
8.00E-03     1.777E+05     1.000E+01
9.00E-03     1.763E+05     1.000E+01
1.00E-02     1.748E+05     1.000E+01
1.10E-02     1.746E+05     1.000E+01
1.20E-02     1.743E+05     1.000E+01
1.30E-02     1.740E+05     1.000E+01
1.40E-02     1.738E+05     1.000E+01
1.50E-02     1.735E+05     1.000E+01
1.60E-02     1.733E+05     1.000E+01
1.80E-02     1.727E+05     1.000E+01
2.00E-02     1.722E+05     1.000E+01
2.50E-02     1.709E+05     1.000E+01
3.00E-02     1.695E+05     1.000E+01
4.00E-02     1.669E+05     1.000E+01
5.00E-02     1.642E+05     1.000E+01
6.00E-02     1.631E+05     1.000E+01
7.00E-02     1.620E+05     1.000E+01
8.00E-02     1.608E+05     1.000E+01
9.00E-02     1.597E+05     1.000E+01
1.00E-01     1.586E+05     1.000E+01
1.10E-01     1.579E+05     1.000E+01
1.20E-01     1.572E+05     1.000E+01
1.30E-01     1.564E+05     1.000E+01
1.40E-01     1.557E+05     1.000E+01
1.50E-01     1.550E+05     1.000E+01
1.60E-01     1.546E+05     1.000E+01
1.80E-01     1.537E+05     1.000E+01
2.00E-01     1.527E+05     1.000E+01
2.50E-01     1.512E+05     1.000E+01
3.00E-01     1.499E+05     1.000E+01
3.50E-01     1.488E+05     1.000E+01
4.00E-01     1.477E+05     1.000E+01
4.50E-01     1.467E+05     1.000E+01
5.00E-01     1.458E+05     1.000E+01
6.00E-01     1.442E+05     1.000E+01
7.00E-01     1.429E+05     1.000E+01
8.00E-01     1.419E+05     1.000E+01
9.00E-01     1.411E+05     1.000E+01
1.00E+00     1.406E+05     1.000E+01
1.25E+00     1.402E+05     1.000E+01
1.50E+00     1.399E+05     1.000E+01
1.75E+00     1.404E+05     1.000E+01
2.00E+00     1.409E+05     1.000E+01
2.50E+00     1.424E+05     1.000E+01
3.00E+00     1.437E+05     1.000E+01
3.50E+00     1.443E+05     1.000E+01
4.00E+00     1.439E+05     1.000E+01
5.00E+00     1.388E+05     1.000E+01
6.00E+00     1.256E+05     1.000E+01
7.00E+00     1.029E+05     1.000E+01
8.00E+00     7.580E+04     1.000E+01
9.00E+00     5.156E+04     1.000E+01
1.00E+01     3.379E+04     1.000E+01
