4        p cu58 zn59                       taly      2.83700E+00      
1.00E-03     0.000E+00     1.000E+00
2.00E-03     0.000E+00     1.000E+00
3.00E-03     0.000E+00     1.000E+00
4.00E-03     0.000E+00     1.000E+00
5.00E-03     0.000E+00     1.000E+00
6.00E-03     0.000E+00     1.000E+00
7.00E-03     0.000E+00     1.000E+00
8.00E-03     0.000E+00     1.000E+00
9.00E-03     0.000E+00     1.000E+00
1.00E-02     0.000E+00     1.000E+00
1.10E-02     5.307E-98     1.000E+01
1.20E-02     2.817E-96     1.000E+01
1.30E-02     1.495E-94     1.000E+01
1.40E-02     7.933E-93     1.000E+01
1.50E-02     4.210E-91     1.000E+01
1.60E-02     2.234E-89     1.000E+01
1.80E-02     6.293E-86     1.000E+01
2.00E-02     1.773E-82     1.000E+01
2.50E-02     7.463E-74     1.000E+01
3.00E-02     3.142E-65     1.000E+01
4.00E-02     5.569E-48     1.000E+01
5.00E-02     9.872E-31     1.000E+01
6.00E-02     9.035E-29     1.000E+01
7.00E-02     8.270E-27     1.000E+01
8.00E-02     7.570E-25     1.000E+01
9.00E-02     6.929E-23     1.000E+01
1.00E-01     6.342E-21     1.000E+01
1.10E-01     5.273E-20     1.000E+01
1.20E-01     4.384E-19     1.000E+01
1.30E-01     3.646E-18     1.000E+01
1.40E-01     3.031E-17     1.000E+01
1.50E-01     2.520E-16     1.000E+01
1.60E-01     9.555E-16     1.000E+01
1.80E-01     1.373E-14     1.000E+01
2.00E-01     1.974E-13     1.000E+01
2.50E-01     2.234E-11     1.000E+01
3.00E-01     8.161E-10     1.000E+01
3.50E-01     1.106E-08     1.000E+01
4.00E-01     1.498E-07     1.000E+01
4.50E-01     9.243E-07     1.000E+01
5.00E-01     5.705E-06     1.000E+01
6.00E-01     8.425E-05     1.000E+01
7.00E-01     6.674E-04     1.000E+01
8.00E-01     3.440E-03     1.000E+01
9.00E-01     1.302E-02     1.000E+01
1.00E+00     3.920E-02     1.000E+01
1.25E+00     2.266E-01     1.000E+01
1.50E+00     1.310E+00     1.000E+01
1.75E+00     3.319E+00     1.000E+01
2.00E+00     8.410E+00     1.000E+01
2.50E+00     2.645E+01     1.000E+01
3.00E+00     5.760E+01     1.000E+01
3.50E+00     1.014E+02     1.000E+01
4.00E+00     1.561E+02     1.000E+01
5.00E+00     2.887E+02     1.000E+01
6.00E+00     4.294E+02     1.000E+01
7.00E+00     5.390E+02     1.000E+01
8.00E+00     5.861E+02     1.000E+01
9.00E+00     5.759E+02     1.000E+01
1.00E+01     5.362E+02     1.000E+01
