5      he4 cu55    p zn58                  taly      5.79900E+00      
1.00E-03     0.000E+00     1.000E+00
2.00E-03     0.000E+00     1.000E+00
3.00E-03     0.000E+00     1.000E+00
4.00E-03     0.000E+00     1.000E+00
5.00E-03     0.000E+00     1.000E+00
6.00E-03     0.000E+00     1.000E+00
7.00E-03     0.000E+00     1.000E+00
8.00E-03     0.000E+00     1.000E+00
9.00E-03     0.000E+00     1.000E+00
1.00E-02     0.000E+00     1.000E+00
1.10E-02     0.000E+00     1.000E+00
1.20E-02     0.000E+00     1.000E+00
1.30E-02     0.000E+00     1.000E+00
1.40E-02     0.000E+00     1.000E+00
1.50E-02     0.000E+00     1.000E+00
1.60E-02     0.000E+00     1.000E+00
1.80E-02     0.000E+00     1.000E+00
2.00E-02     0.000E+00     1.000E+00
2.50E-02     0.000E+00     1.000E+00
3.00E-02     0.000E+00     1.000E+00
4.00E-02     0.000E+00     1.000E+00
5.00E-02     0.000E+00     1.000E+00
6.00E-02     0.000E+00     1.000E+00
7.00E-02     0.000E+00     1.000E+00
8.00E-02     0.000E+00     1.000E+00
9.00E-02     0.000E+00     1.000E+00
1.00E-01     0.000E+00     1.000E+00
1.10E-01     0.000E+00     1.000E+00
1.20E-01     0.000E+00     1.000E+00
1.30E-01     0.000E+00     1.000E+00
1.40E-01     0.000E+00     1.000E+00
1.50E-01     0.000E+00     1.000E+00
1.60E-01     0.000E+00     1.000E+00
1.80E-01     0.000E+00     1.000E+00
2.00E-01     0.000E+00     1.000E+00
2.50E-01     3.876E-42     1.000E+01
3.00E-01     1.835E-37     1.000E+01
3.50E-01     2.100E-34     1.000E+01
4.00E-01     2.404E-31     1.000E+01
4.50E-01     2.634E-29     1.000E+01
5.00E-01     2.887E-27     1.000E+01
6.00E-01     3.291E-24     1.000E+01
7.00E-01     8.618E-22     1.000E+01
8.00E-01     8.113E-20     1.000E+01
9.00E-01     3.594E-18     1.000E+01
1.00E+00     8.935E-17     1.000E+01
1.25E+00     1.906E-14     1.000E+01
1.50E+00     4.065E-12     1.000E+01
1.75E+00     9.365E-11     1.000E+01
2.00E+00     2.158E-09     1.000E+01
2.50E+00     1.679E-07     1.000E+01
3.00E+00     4.429E-06     1.000E+01
3.50E+00     5.804E-05     1.000E+01
4.00E+00     4.661E-04     1.000E+01
5.00E+00     1.109E-02     1.000E+01
6.00E+00     1.093E-01     1.000E+01
7.00E+00     6.094E-01     1.000E+01
8.00E+00     2.299E+00     1.000E+01
9.00E+00     6.549E+00     1.000E+01
1.00E+01     1.511E+01     1.000E+01
