5        n cu58    p ni58                  taly      9.34300E+00      
1.00E-03     1.262E+09     1.000E+01
2.00E-03     1.267E+09     1.000E+01
3.00E-03     1.273E+09     1.000E+01
4.00E-03     1.278E+09     1.000E+01
5.00E-03     1.283E+09     1.000E+01
6.00E-03     1.273E+09     1.000E+01
7.00E-03     1.263E+09     1.000E+01
8.00E-03     1.253E+09     1.000E+01
9.00E-03     1.243E+09     1.000E+01
1.00E-02     1.233E+09     1.000E+01
1.10E-02     1.231E+09     1.000E+01
1.20E-02     1.229E+09     1.000E+01
1.30E-02     1.227E+09     1.000E+01
1.40E-02     1.225E+09     1.000E+01
1.50E-02     1.223E+09     1.000E+01
1.60E-02     1.221E+09     1.000E+01
1.80E-02     1.217E+09     1.000E+01
2.00E-02     1.214E+09     1.000E+01
2.50E-02     1.204E+09     1.000E+01
3.00E-02     1.195E+09     1.000E+01
4.00E-02     1.177E+09     1.000E+01
5.00E-02     1.159E+09     1.000E+01
6.00E-02     1.151E+09     1.000E+01
7.00E-02     1.143E+09     1.000E+01
8.00E-02     1.135E+09     1.000E+01
9.00E-02     1.128E+09     1.000E+01
1.00E-01     1.120E+09     1.000E+01
1.10E-01     1.115E+09     1.000E+01
1.20E-01     1.111E+09     1.000E+01
1.30E-01     1.106E+09     1.000E+01
1.40E-01     1.101E+09     1.000E+01
1.50E-01     1.096E+09     1.000E+01
1.60E-01     1.093E+09     1.000E+01
1.80E-01     1.087E+09     1.000E+01
2.00E-01     1.081E+09     1.000E+01
2.50E-01     1.071E+09     1.000E+01
3.00E-01     1.064E+09     1.000E+01
3.50E-01     1.057E+09     1.000E+01
4.00E-01     1.051E+09     1.000E+01
4.50E-01     1.045E+09     1.000E+01
5.00E-01     1.040E+09     1.000E+01
6.00E-01     1.031E+09     1.000E+01
7.00E-01     1.025E+09     1.000E+01
8.00E-01     1.021E+09     1.000E+01
9.00E-01     1.020E+09     1.000E+01
1.00E+00     1.020E+09     1.000E+01
1.25E+00     1.032E+09     1.000E+01
1.50E+00     1.044E+09     1.000E+01
1.75E+00     1.066E+09     1.000E+01
2.00E+00     1.087E+09     1.000E+01
2.50E+00     1.137E+09     1.000E+01
3.00E+00     1.188E+09     1.000E+01
3.50E+00     1.236E+09     1.000E+01
4.00E+00     1.280E+09     1.000E+01
5.00E+00     1.337E+09     1.000E+01
6.00E+00     1.312E+09     1.000E+01
7.00E+00     1.164E+09     1.000E+01
8.00E+00     9.216E+08     1.000E+01
9.00E+00     6.688E+08     1.000E+01
1.00E+01     4.637E+08     1.000E+01
