4      he4 cu62 ga66                       taly      3.36200E+00      
1.00E-03     0.000E+00     1.000E+00
2.00E-03     0.000E+00     1.000E+00
3.00E-03     0.000E+00     1.000E+00
4.00E-03     0.000E+00     1.000E+00
5.00E-03     0.000E+00     1.000E+00
6.00E-03     0.000E+00     1.000E+00
7.00E-03     0.000E+00     1.000E+00
8.00E-03     0.000E+00     1.000E+00
9.00E-03     0.000E+00     1.000E+00
1.00E-02     0.000E+00     1.000E+00
1.10E-02     0.000E+00     1.000E+00
1.20E-02     0.000E+00     1.000E+00
1.30E-02     0.000E+00     1.000E+00
1.40E-02     0.000E+00     1.000E+00
1.50E-02     0.000E+00     1.000E+00
1.60E-02     0.000E+00     1.000E+00
1.80E-02     0.000E+00     1.000E+00
2.00E-02     0.000E+00     1.000E+00
2.50E-02     0.000E+00     1.000E+00
3.00E-02     0.000E+00     1.000E+00
4.00E-02     0.000E+00     1.000E+00
5.00E-02     0.000E+00     1.000E+00
6.00E-02     0.000E+00     1.000E+00
7.00E-02     0.000E+00     1.000E+00
8.00E-02     0.000E+00     1.000E+00
9.00E-02     0.000E+00     1.000E+00
1.00E-01     0.000E+00     1.000E+00
1.10E-01     0.000E+00     1.000E+00
1.20E-01     0.000E+00     1.000E+00
1.30E-01     0.000E+00     1.000E+00
1.40E-01     0.000E+00     1.000E+00
1.50E-01     0.000E+00     1.000E+00
1.60E-01     0.000E+00     1.000E+00
1.80E-01     0.000E+00     1.000E+00
2.00E-01     0.000E+00     1.000E+00
2.50E-01     4.876E-42     1.000E+01
3.00E-01     2.278E-37     1.000E+01
3.50E-01     2.785E-34     1.000E+01
4.00E-01     3.405E-31     1.000E+01
4.50E-01     3.975E-29     1.000E+01
5.00E-01     4.641E-27     1.000E+01
6.00E-01     6.095E-24     1.000E+01
7.00E-01     1.789E-21     1.000E+01
8.00E-01     1.829E-19     1.000E+01
9.00E-01     8.746E-18     1.000E+01
1.00E+00     2.371E-16     1.000E+01
1.25E+00     6.679E-14     1.000E+01
1.50E+00     1.882E-11     1.000E+01
1.75E+00     5.294E-10     1.000E+01
2.00E+00     1.490E-08     1.000E+01
2.50E+00     1.251E-06     1.000E+01
3.00E+00     2.731E-05     1.000E+01
3.50E+00     2.566E-04     1.000E+01
4.00E+00     1.431E-03     1.000E+01
5.00E+00     1.838E-02     1.000E+01
6.00E+00     1.205E-01     1.000E+01
7.00E+00     5.231E-01     1.000E+01
8.00E+00     1.702E+00     1.000E+01
9.00E+00     4.469E+00     1.000E+01
1.00E+01     9.929E+00     1.000E+01
