5        n cu56    p ni56                  taly      1.64510E+01      
1.00E-03     2.077E+08     1.000E+01
2.00E-03     2.086E+08     1.000E+01
3.00E-03     2.094E+08     1.000E+01
4.00E-03     2.103E+08     1.000E+01
5.00E-03     2.111E+08     1.000E+01
6.00E-03     2.094E+08     1.000E+01
7.00E-03     2.077E+08     1.000E+01
8.00E-03     2.060E+08     1.000E+01
9.00E-03     2.044E+08     1.000E+01
1.00E-02     2.027E+08     1.000E+01
1.10E-02     2.024E+08     1.000E+01
1.20E-02     2.021E+08     1.000E+01
1.30E-02     2.017E+08     1.000E+01
1.40E-02     2.014E+08     1.000E+01
1.50E-02     2.011E+08     1.000E+01
1.60E-02     2.007E+08     1.000E+01
1.80E-02     2.001E+08     1.000E+01
2.00E-02     1.995E+08     1.000E+01
2.50E-02     1.978E+08     1.000E+01
3.00E-02     1.962E+08     1.000E+01
4.00E-02     1.931E+08     1.000E+01
5.00E-02     1.900E+08     1.000E+01
6.00E-02     1.885E+08     1.000E+01
7.00E-02     1.871E+08     1.000E+01
8.00E-02     1.857E+08     1.000E+01
9.00E-02     1.843E+08     1.000E+01
1.00E-01     1.830E+08     1.000E+01
1.10E-01     1.820E+08     1.000E+01
1.20E-01     1.811E+08     1.000E+01
1.30E-01     1.802E+08     1.000E+01
1.40E-01     1.793E+08     1.000E+01
1.50E-01     1.784E+08     1.000E+01
1.60E-01     1.777E+08     1.000E+01
1.80E-01     1.765E+08     1.000E+01
2.00E-01     1.752E+08     1.000E+01
2.50E-01     1.730E+08     1.000E+01
3.00E-01     1.711E+08     1.000E+01
3.50E-01     1.694E+08     1.000E+01
4.00E-01     1.677E+08     1.000E+01
4.50E-01     1.662E+08     1.000E+01
5.00E-01     1.647E+08     1.000E+01
6.00E-01     1.615E+08     1.000E+01
7.00E-01     1.571E+08     1.000E+01
8.00E-01     1.498E+08     1.000E+01
9.00E-01     1.384E+08     1.000E+01
1.00E+00     1.229E+08     1.000E+01
1.25E+00     7.614E+07     1.000E+01
1.50E+00     4.716E+07     1.000E+01
1.75E+00     3.082E+07     1.000E+01
2.00E+00     2.015E+07     1.000E+01
2.50E+00     1.150E+07     1.000E+01
3.00E+00     7.936E+06     1.000E+01
3.50E+00     6.134E+06     1.000E+01
4.00E+00     5.080E+06     1.000E+01
5.00E+00     3.910E+06     1.000E+01
6.00E+00     3.257E+06     1.000E+01
7.00E+00     2.812E+06     1.000E+01
8.00E+00     2.466E+06     1.000E+01
9.00E+00     2.171E+06     1.000E+01
1.00E+01     1.905E+06     1.000E+01
