4      he4 cu57 ga61                       taly      2.25200E+00      
1.00E-03     0.000E+00     1.000E+00
2.00E-03     0.000E+00     1.000E+00
3.00E-03     0.000E+00     1.000E+00
4.00E-03     0.000E+00     1.000E+00
5.00E-03     0.000E+00     1.000E+00
6.00E-03     0.000E+00     1.000E+00
7.00E-03     0.000E+00     1.000E+00
8.00E-03     0.000E+00     1.000E+00
9.00E-03     0.000E+00     1.000E+00
1.00E-02     0.000E+00     1.000E+00
1.10E-02     0.000E+00     1.000E+00
1.20E-02     0.000E+00     1.000E+00
1.30E-02     0.000E+00     1.000E+00
1.40E-02     0.000E+00     1.000E+00
1.50E-02     0.000E+00     1.000E+00
1.60E-02     0.000E+00     1.000E+00
1.80E-02     0.000E+00     1.000E+00
2.00E-02     0.000E+00     1.000E+00
2.50E-02     0.000E+00     1.000E+00
3.00E-02     0.000E+00     1.000E+00
4.00E-02     0.000E+00     1.000E+00
5.00E-02     0.000E+00     1.000E+00
6.00E-02     0.000E+00     1.000E+00
7.00E-02     0.000E+00     1.000E+00
8.00E-02     0.000E+00     1.000E+00
9.00E-02     0.000E+00     1.000E+00
1.00E-01     0.000E+00     1.000E+00
1.10E-01     0.000E+00     1.000E+00
1.20E-01     0.000E+00     1.000E+00
1.30E-01     0.000E+00     1.000E+00
1.40E-01     0.000E+00     1.000E+00
1.50E-01     0.000E+00     1.000E+00
1.60E-01     0.000E+00     1.000E+00
1.80E-01     0.000E+00     1.000E+00
2.00E-01     0.000E+00     1.000E+00
2.50E-01     5.025E-46     1.000E+01
3.00E-01     2.281E-41     1.000E+01
3.50E-01     2.548E-38     1.000E+01
4.00E-01     2.846E-35     1.000E+01
4.50E-01     2.902E-33     1.000E+01
5.00E-01     2.959E-31     1.000E+01
6.00E-01     2.819E-28     1.000E+01
7.00E-01     6.249E-26     1.000E+01
8.00E-01     4.999E-24     1.000E+01
9.00E-01     1.894E-22     1.000E+01
1.00E+00     4.180E-21     1.000E+01
1.25E+00     1.122E-18     1.000E+01
1.50E+00     3.011E-16     1.000E+01
1.75E+00     1.176E-14     1.000E+01
2.00E+00     4.592E-13     1.000E+01
2.50E+00     8.366E-11     1.000E+01
3.00E+00     4.188E-09     1.000E+01
3.50E+00     8.927E-08     1.000E+01
4.00E+00     1.043E-06     1.000E+01
5.00E+00     4.180E-05     1.000E+01
6.00E+00     5.686E-04     1.000E+01
7.00E+00     3.673E-03     1.000E+01
8.00E+00     1.254E-02     1.000E+01
9.00E+00     2.453E-02     1.000E+01
1.00E+01     3.362E-02     1.000E+01
