4        p cu57 zn58                       taly      2.27900E+00      
1.00E-03     0.000E+00     1.000E+00
2.00E-03     0.000E+00     1.000E+00
3.00E-03     0.000E+00     1.000E+00
4.00E-03     0.000E+00     1.000E+00
5.00E-03     0.000E+00     1.000E+00
6.00E-03     0.000E+00     1.000E+00
7.00E-03     0.000E+00     1.000E+00
8.00E-03     0.000E+00     1.000E+00
9.00E-03     0.000E+00     1.000E+00
1.00E-02     0.000E+00     1.000E+00
1.10E-02     5.316E-98     1.000E+01
1.20E-02     2.826E-96     1.000E+01
1.30E-02     1.502E-94     1.000E+01
1.40E-02     7.985E-93     1.000E+01
1.50E-02     4.244E-91     1.000E+01
1.60E-02     2.256E-89     1.000E+01
1.80E-02     6.376E-86     1.000E+01
2.00E-02     1.802E-82     1.000E+01
2.50E-02     7.647E-74     1.000E+01
3.00E-02     3.246E-65     1.000E+01
4.00E-02     5.847E-48     1.000E+01
5.00E-02     1.053E-30     1.000E+01
6.00E-02     9.749E-29     1.000E+01
7.00E-02     9.021E-27     1.000E+01
8.00E-02     8.349E-25     1.000E+01
9.00E-02     7.726E-23     1.000E+01
1.00E-01     7.150E-21     1.000E+01
1.10E-01     5.937E-20     1.000E+01
1.20E-01     4.929E-19     1.000E+01
1.30E-01     4.093E-18     1.000E+01
1.40E-01     3.398E-17     1.000E+01
1.50E-01     2.822E-16     1.000E+01
1.60E-01     1.068E-15     1.000E+01
1.80E-01     1.532E-14     1.000E+01
2.00E-01     2.196E-13     1.000E+01
2.50E-01     2.471E-11     1.000E+01
3.00E-01     8.977E-10     1.000E+01
3.50E-01     1.209E-08     1.000E+01
4.00E-01     1.629E-07     1.000E+01
4.50E-01     9.994E-07     1.000E+01
5.00E-01     6.132E-06     1.000E+01
6.00E-01     8.916E-05     1.000E+01
7.00E-01     6.925E-04     1.000E+01
8.00E-01     3.485E-03     1.000E+01
9.00E-01     1.286E-02     1.000E+01
1.00E+00     3.772E-02     1.000E+01
1.25E+00     2.087E-01     1.000E+01
1.50E+00     1.154E+00     1.000E+01
1.75E+00     2.911E+00     1.000E+01
2.00E+00     7.338E+00     1.000E+01
2.50E+00     2.382E+01     1.000E+01
3.00E+00     5.450E+01     1.000E+01
3.50E+00     1.017E+02     1.000E+01
4.00E+00     1.669E+02     1.000E+01
5.00E+00     3.572E+02     1.000E+01
6.00E+00     6.351E+02     1.000E+01
7.00E+00     9.581E+02     1.000E+01
8.00E+00     1.129E+03     1.000E+01
9.00E+00     1.004E+03     1.000E+01
1.00E+01     7.637E+02     1.000E+01
