4        n cu55 cu56                       taly      1.46740E+01      
1.00E-03     4.857E+03     1.000E+01
2.00E-03     4.876E+03     1.000E+01
3.00E-03     4.895E+03     1.000E+01
4.00E-03     4.914E+03     1.000E+01
5.00E-03     4.932E+03     1.000E+01
6.00E-03     4.893E+03     1.000E+01
7.00E-03     4.853E+03     1.000E+01
8.00E-03     4.813E+03     1.000E+01
9.00E-03     4.773E+03     1.000E+01
1.00E-02     4.733E+03     1.000E+01
1.10E-02     4.725E+03     1.000E+01
1.20E-02     4.717E+03     1.000E+01
1.30E-02     4.709E+03     1.000E+01
1.40E-02     4.701E+03     1.000E+01
1.50E-02     4.693E+03     1.000E+01
1.60E-02     4.685E+03     1.000E+01
1.80E-02     4.669E+03     1.000E+01
2.00E-02     4.653E+03     1.000E+01
2.50E-02     4.613E+03     1.000E+01
3.00E-02     4.574E+03     1.000E+01
4.00E-02     4.494E+03     1.000E+01
5.00E-02     4.415E+03     1.000E+01
6.00E-02     4.378E+03     1.000E+01
7.00E-02     4.341E+03     1.000E+01
8.00E-02     4.305E+03     1.000E+01
9.00E-02     4.268E+03     1.000E+01
1.00E-01     4.231E+03     1.000E+01
1.10E-01     4.206E+03     1.000E+01
1.20E-01     4.180E+03     1.000E+01
1.30E-01     4.155E+03     1.000E+01
1.40E-01     4.130E+03     1.000E+01
1.50E-01     4.104E+03     1.000E+01
1.60E-01     4.086E+03     1.000E+01
1.80E-01     4.050E+03     1.000E+01
2.00E-01     4.013E+03     1.000E+01
2.50E-01     3.942E+03     1.000E+01
3.00E-01     3.880E+03     1.000E+01
3.50E-01     3.824E+03     1.000E+01
4.00E-01     3.769E+03     1.000E+01
4.50E-01     3.719E+03     1.000E+01
5.00E-01     3.669E+03     1.000E+01
6.00E-01     3.575E+03     1.000E+01
7.00E-01     3.472E+03     1.000E+01
8.00E-01     3.339E+03     1.000E+01
9.00E-01     3.155E+03     1.000E+01
1.00E+00     2.911E+03     1.000E+01
1.25E+00     2.188E+03     1.000E+01
1.50E+00     1.466E+03     1.000E+01
1.75E+00     1.131E+03     1.000E+01
2.00E+00     7.958E+02     1.000E+01
2.50E+00     5.734E+02     1.000E+01
3.00E+00     4.842E+02     1.000E+01
3.50E+00     4.374E+02     1.000E+01
4.00E+00     4.059E+02     1.000E+01
5.00E+00     3.584E+02     1.000E+01
6.00E+00     3.186E+02     1.000E+01
7.00E+00     2.828E+02     1.000E+01
8.00E+00     2.500E+02     1.000E+01
9.00E+00     2.199E+02     1.000E+01
1.00E+01     1.917E+02     1.000E+01
