4        n cu56 cu57                       taly      1.71410E+01      
1.00E-03     9.487E+03     1.000E+01
2.00E-03     9.526E+03     1.000E+01
3.00E-03     9.564E+03     1.000E+01
4.00E-03     9.602E+03     1.000E+01
5.00E-03     9.641E+03     1.000E+01
6.00E-03     9.563E+03     1.000E+01
7.00E-03     9.486E+03     1.000E+01
8.00E-03     9.409E+03     1.000E+01
9.00E-03     9.331E+03     1.000E+01
1.00E-02     9.254E+03     1.000E+01
1.10E-02     9.239E+03     1.000E+01
1.20E-02     9.224E+03     1.000E+01
1.30E-02     9.208E+03     1.000E+01
1.40E-02     9.193E+03     1.000E+01
1.50E-02     9.178E+03     1.000E+01
1.60E-02     9.163E+03     1.000E+01
1.80E-02     9.133E+03     1.000E+01
2.00E-02     9.103E+03     1.000E+01
2.50E-02     9.027E+03     1.000E+01
3.00E-02     8.951E+03     1.000E+01
4.00E-02     8.800E+03     1.000E+01
5.00E-02     8.649E+03     1.000E+01
6.00E-02     8.579E+03     1.000E+01
7.00E-02     8.510E+03     1.000E+01
8.00E-02     8.440E+03     1.000E+01
9.00E-02     8.370E+03     1.000E+01
1.00E-01     8.301E+03     1.000E+01
1.10E-01     8.253E+03     1.000E+01
1.20E-01     8.205E+03     1.000E+01
1.30E-01     8.157E+03     1.000E+01
1.40E-01     8.110E+03     1.000E+01
1.50E-01     8.062E+03     1.000E+01
1.60E-01     8.028E+03     1.000E+01
1.80E-01     7.960E+03     1.000E+01
2.00E-01     7.891E+03     1.000E+01
2.50E-01     7.759E+03     1.000E+01
3.00E-01     7.645E+03     1.000E+01
3.50E-01     7.543E+03     1.000E+01
4.00E-01     7.441E+03     1.000E+01
4.50E-01     7.349E+03     1.000E+01
5.00E-01     7.257E+03     1.000E+01
6.00E-01     7.072E+03     1.000E+01
7.00E-01     6.840E+03     1.000E+01
8.00E-01     6.493E+03     1.000E+01
9.00E-01     5.980E+03     1.000E+01
1.00E+00     5.312E+03     1.000E+01
1.25E+00     3.826E+03     1.000E+01
1.50E+00     2.341E+03     1.000E+01
1.75E+00     1.955E+03     1.000E+01
2.00E+00     1.569E+03     1.000E+01
2.50E+00     1.494E+03     1.000E+01
3.00E+00     1.551E+03     1.000E+01
3.50E+00     1.619E+03     1.000E+01
4.00E+00     1.674E+03     1.000E+01
5.00E+00     1.737E+03     1.000E+01
6.00E+00     1.751E+03     1.000E+01
7.00E+00     1.730E+03     1.000E+01
8.00E+00     1.680E+03     1.000E+01
9.00E+00     1.607E+03     1.000E+01
1.00E+01     1.512E+03     1.000E+01
