5        p cu60  he4 ni57                  taly      2.60200E+00      
1.00E-03     0.000E+00     1.000E+00
2.00E-03     0.000E+00     1.000E+00
3.00E-03     0.000E+00     1.000E+00
4.00E-03     0.000E+00     1.000E+00
5.00E-03     0.000E+00     1.000E+00
6.00E-03     0.000E+00     1.000E+00
7.00E-03     0.000E+00     1.000E+00
8.00E-03     0.000E+00     1.000E+00
9.00E-03     0.000E+00     1.000E+00
1.00E-02     0.000E+00     1.000E+00
1.10E-02     4.039E-98     1.000E+01
1.20E-02     1.631E-96     1.000E+01
1.30E-02     6.589E-95     1.000E+01
1.40E-02     2.661E-93     1.000E+01
1.50E-02     1.075E-91     1.000E+01
1.60E-02     4.341E-90     1.000E+01
1.80E-02     7.081E-87     1.000E+01
2.00E-02     1.155E-83     1.000E+01
2.50E-02     1.242E-75     1.000E+01
3.00E-02     1.334E-67     1.000E+01
4.00E-02     1.541E-51     1.000E+01
5.00E-02     1.780E-35     1.000E+01
6.00E-02     8.575E-34     1.000E+01
7.00E-02     4.130E-32     1.000E+01
8.00E-02     1.989E-30     1.000E+01
9.00E-02     9.581E-29     1.000E+01
1.00E-01     4.614E-27     1.000E+01
1.10E-01     4.113E-26     1.000E+01
1.20E-01     3.666E-25     1.000E+01
1.30E-01     3.268E-24     1.000E+01
1.40E-01     2.913E-23     1.000E+01
1.50E-01     2.596E-22     1.000E+01
1.60E-01     1.142E-21     1.000E+01
1.80E-01     2.208E-20     1.000E+01
2.00E-01     4.272E-19     1.000E+01
2.50E-01     9.509E-17     1.000E+01
3.00E-01     6.300E-15     1.000E+01
3.50E-01     1.458E-13     1.000E+01
4.00E-01     3.373E-12     1.000E+01
4.50E-01     3.391E-11     1.000E+01
5.00E-01     3.409E-10     1.000E+01
6.00E-01     1.241E-08     1.000E+01
7.00E-01     2.241E-07     1.000E+01
8.00E-01     2.402E-06     1.000E+01
9.00E-01     1.721E-05     1.000E+01
1.00E+00     8.999E-05     1.000E+01
1.25E+00     1.363E-03     1.000E+01
1.50E+00     2.063E-02     1.000E+01
1.75E+00     9.954E-02     1.000E+01
2.00E+00     4.803E-01     1.000E+01
2.50E+00     4.288E+00     1.000E+01
3.00E+00     2.215E+01     1.000E+01
3.50E+00     7.732E+01     1.000E+01
4.00E+00     2.026E+02     1.000E+01
5.00E+00     8.181E+02     1.000E+01
6.00E+00     2.230E+03     1.000E+01
7.00E+00     4.913E+03     1.000E+01
8.00E+00     9.594E+03     1.000E+01
9.00E+00     1.743E+04     1.000E+01
1.00E+01     2.995E+04     1.000E+01
