4      he4 cu55 ga59                       taly      4.76200E+00      
1.00E-03     0.000E+00     1.000E+00
2.00E-03     0.000E+00     1.000E+00
3.00E-03     0.000E+00     1.000E+00
4.00E-03     0.000E+00     1.000E+00
5.00E-03     0.000E+00     1.000E+00
6.00E-03     0.000E+00     1.000E+00
7.00E-03     0.000E+00     1.000E+00
8.00E-03     0.000E+00     1.000E+00
9.00E-03     0.000E+00     1.000E+00
1.00E-02     0.000E+00     1.000E+00
1.10E-02     0.000E+00     1.000E+00
1.20E-02     0.000E+00     1.000E+00
1.30E-02     0.000E+00     1.000E+00
1.40E-02     0.000E+00     1.000E+00
1.50E-02     0.000E+00     1.000E+00
1.60E-02     0.000E+00     1.000E+00
1.80E-02     0.000E+00     1.000E+00
2.00E-02     0.000E+00     1.000E+00
2.50E-02     0.000E+00     1.000E+00
3.00E-02     0.000E+00     1.000E+00
4.00E-02     0.000E+00     1.000E+00
5.00E-02     0.000E+00     1.000E+00
6.00E-02     0.000E+00     1.000E+00
7.00E-02     0.000E+00     1.000E+00
8.00E-02     0.000E+00     1.000E+00
9.00E-02     0.000E+00     1.000E+00
1.00E-01     0.000E+00     1.000E+00
1.10E-01     0.000E+00     1.000E+00
1.20E-01     0.000E+00     1.000E+00
1.30E-01     0.000E+00     1.000E+00
1.40E-01     0.000E+00     1.000E+00
1.50E-01     0.000E+00     1.000E+00
1.60E-01     0.000E+00     1.000E+00
1.80E-01     0.000E+00     1.000E+00
2.00E-01     0.000E+00     1.000E+00
2.50E-01     2.149E-46     1.000E+01
3.00E-01     7.911E-42     1.000E+01
3.50E-01     5.569E-39     1.000E+01
4.00E-01     3.920E-36     1.000E+01
4.50E-01     2.290E-34     1.000E+01
5.00E-01     1.338E-32     1.000E+01
6.00E-01     7.698E-30     1.000E+01
7.00E-01     1.815E-27     1.000E+01
8.00E-01     1.773E-25     1.000E+01
9.00E-01     8.333E-24     1.000E+01
1.00E+00     2.207E-22     1.000E+01
1.25E+00     5.491E-20     1.000E+01
1.50E+00     1.366E-17     1.000E+01
1.75E+00     3.655E-16     1.000E+01
2.00E+00     9.776E-15     1.000E+01
2.50E+00     1.015E-12     1.000E+01
3.00E+00     3.446E-11     1.000E+01
3.50E+00     5.474E-10     1.000E+01
4.00E+00     5.021E-09     1.000E+01
5.00E+00     1.368E-07     1.000E+01
6.00E+00     1.402E-06     1.000E+01
7.00E+00     7.813E-06     1.000E+01
8.00E+00     2.910E-05     1.000E+01
9.00E+00     8.179E-05     1.000E+01
1.00E+01     1.868E-04     1.000E+01
