5        p cu61  he4 ni58                  taly      3.10800E+00      
1.00E-03     0.000E+00     1.000E+00
2.00E-03     0.000E+00     1.000E+00
3.00E-03     0.000E+00     1.000E+00
4.00E-03     0.000E+00     1.000E+00
5.00E-03     0.000E+00     1.000E+00
6.00E-03     0.000E+00     1.000E+00
7.00E-03     0.000E+00     1.000E+00
8.00E-03     0.000E+00     1.000E+00
9.00E-03     0.000E+00     1.000E+00
1.00E-02     0.000E+00     1.000E+00
1.10E-02     4.163E-98     1.000E+01
1.20E-02     1.733E-96     1.000E+01
1.30E-02     7.213E-95     1.000E+01
1.40E-02     3.002E-93     1.000E+01
1.50E-02     1.250E-91     1.000E+01
1.60E-02     5.202E-90     1.000E+01
1.80E-02     9.014E-87     1.000E+01
2.00E-02     1.562E-83     1.000E+01
2.50E-02     1.952E-75     1.000E+01
3.00E-02     2.440E-67     1.000E+01
4.00E-02     3.810E-51     1.000E+01
5.00E-02     5.952E-35     1.000E+01
6.00E-02     4.145E-33     1.000E+01
7.00E-02     2.887E-31     1.000E+01
8.00E-02     2.011E-29     1.000E+01
9.00E-02     1.400E-27     1.000E+01
1.00E-01     9.752E-26     1.000E+01
1.10E-01     9.152E-25     1.000E+01
1.20E-01     8.588E-24     1.000E+01
1.30E-01     8.059E-23     1.000E+01
1.40E-01     7.562E-22     1.000E+01
1.50E-01     7.096E-21     1.000E+01
1.60E-01     2.993E-20     1.000E+01
1.80E-01     5.322E-19     1.000E+01
2.00E-01     9.464E-18     1.000E+01
2.50E-01     1.722E-15     1.000E+01
3.00E-01     9.811E-14     1.000E+01
3.50E-01     2.024E-12     1.000E+01
4.00E-01     4.177E-11     1.000E+01
4.50E-01     3.910E-10     1.000E+01
5.00E-01     3.661E-09     1.000E+01
6.00E-01     1.171E-07     1.000E+01
7.00E-01     1.845E-06     1.000E+01
8.00E-01     1.754E-05     1.000E+01
9.00E-01     1.149E-04     1.000E+01
1.00E+00     5.659E-04     1.000E+01
1.25E+00     8.260E-03     1.000E+01
1.50E+00     1.206E-01     1.000E+01
1.75E+00     5.855E-01     1.000E+01
2.00E+00     2.843E+00     1.000E+01
2.50E+00     2.566E+01     1.000E+01
3.00E+00     1.389E+02     1.000E+01
3.50E+00     5.411E+02     1.000E+01
4.00E+00     1.631E+03     1.000E+01
5.00E+00     7.672E+03     1.000E+01
6.00E+00     1.916E+04     1.000E+01
7.00E+00     3.613E+04     1.000E+01
8.00E+00     6.240E+04     1.000E+01
9.00E+00     1.042E+05     1.000E+01
1.00E+01     1.680E+05     1.000E+01
