5        n cu57  he4 co54                  taly      6.34700E+00      
1.00E-03     4.587E+04     1.000E+01
2.00E-03     4.607E+04     1.000E+01
3.00E-03     4.627E+04     1.000E+01
4.00E-03     4.648E+04     1.000E+01
5.00E-03     4.668E+04     1.000E+01
6.00E-03     4.631E+04     1.000E+01
7.00E-03     4.595E+04     1.000E+01
8.00E-03     4.559E+04     1.000E+01
9.00E-03     4.524E+04     1.000E+01
1.00E-02     4.488E+04     1.000E+01
1.10E-02     4.482E+04     1.000E+01
1.20E-02     4.476E+04     1.000E+01
1.30E-02     4.471E+04     1.000E+01
1.40E-02     4.465E+04     1.000E+01
1.50E-02     4.459E+04     1.000E+01
1.60E-02     4.453E+04     1.000E+01
1.80E-02     4.441E+04     1.000E+01
2.00E-02     4.429E+04     1.000E+01
2.50E-02     4.400E+04     1.000E+01
3.00E-02     4.371E+04     1.000E+01
4.00E-02     4.314E+04     1.000E+01
5.00E-02     4.258E+04     1.000E+01
6.00E-02     4.238E+04     1.000E+01
7.00E-02     4.219E+04     1.000E+01
8.00E-02     4.200E+04     1.000E+01
9.00E-02     4.181E+04     1.000E+01
1.00E-01     4.162E+04     1.000E+01
1.10E-01     4.153E+04     1.000E+01
1.20E-01     4.144E+04     1.000E+01
1.30E-01     4.135E+04     1.000E+01
1.40E-01     4.126E+04     1.000E+01
1.50E-01     4.117E+04     1.000E+01
1.60E-01     4.115E+04     1.000E+01
1.80E-01     4.110E+04     1.000E+01
2.00E-01     4.106E+04     1.000E+01
2.50E-01     4.112E+04     1.000E+01
3.00E-01     4.126E+04     1.000E+01
3.50E-01     4.146E+04     1.000E+01
4.00E-01     4.166E+04     1.000E+01
4.50E-01     4.193E+04     1.000E+01
5.00E-01     4.221E+04     1.000E+01
6.00E-01     4.294E+04     1.000E+01
7.00E-01     4.388E+04     1.000E+01
8.00E-01     4.502E+04     1.000E+01
9.00E-01     4.634E+04     1.000E+01
1.00E+00     4.784E+04     1.000E+01
1.25E+00     5.268E+04     1.000E+01
1.50E+00     5.800E+04     1.000E+01
1.75E+00     6.519E+04     1.000E+01
2.00E+00     7.327E+04     1.000E+01
2.50E+00     9.560E+04     1.000E+01
3.00E+00     1.277E+05     1.000E+01
3.50E+00     1.727E+05     1.000E+01
4.00E+00     2.345E+05     1.000E+01
5.00E+00     4.272E+05     1.000E+01
6.00E+00     7.628E+05     1.000E+01
7.00E+00     1.317E+06     1.000E+01
8.00E+00     1.988E+06     1.000E+01
9.00E+00     2.370E+06     1.000E+01
1.00E+01     2.351E+06     1.000E+01
