4        n cu61 cu62                       taly      8.87400E+00      
1.00E-03     1.980E+07     1.000E+01
2.00E-03     1.883E+07     1.000E+01
3.00E-03     1.786E+07     1.000E+01
4.00E-03     1.688E+07     1.000E+01
5.00E-03     1.591E+07     1.000E+01
6.00E-03     1.546E+07     1.000E+01
7.00E-03     1.502E+07     1.000E+01
8.00E-03     1.458E+07     1.000E+01
9.00E-03     1.414E+07     1.000E+01
1.00E-02     1.369E+07     1.000E+01
1.10E-02     1.359E+07     1.000E+01
1.20E-02     1.349E+07     1.000E+01
1.30E-02     1.339E+07     1.000E+01
1.40E-02     1.329E+07     1.000E+01
1.50E-02     1.319E+07     1.000E+01
1.60E-02     1.309E+07     1.000E+01
1.80E-02     1.289E+07     1.000E+01
2.00E-02     1.268E+07     1.000E+01
2.50E-02     1.218E+07     1.000E+01
3.00E-02     1.167E+07     1.000E+01
4.00E-02     1.066E+07     1.000E+01
5.00E-02     9.649E+06     1.000E+01
6.00E-02     9.409E+06     1.000E+01
7.00E-02     9.168E+06     1.000E+01
8.00E-02     8.927E+06     1.000E+01
9.00E-02     8.686E+06     1.000E+01
1.00E-01     8.446E+06     1.000E+01
1.10E-01     8.340E+06     1.000E+01
1.20E-01     8.234E+06     1.000E+01
1.30E-01     8.129E+06     1.000E+01
1.40E-01     8.023E+06     1.000E+01
1.50E-01     7.917E+06     1.000E+01
1.60E-01     7.862E+06     1.000E+01
1.80E-01     7.751E+06     1.000E+01
2.00E-01     7.641E+06     1.000E+01
2.50E-01     7.484E+06     1.000E+01
3.00E-01     7.386E+06     1.000E+01
3.50E-01     7.330E+06     1.000E+01
4.00E-01     7.274E+06     1.000E+01
4.50E-01     7.246E+06     1.000E+01
5.00E-01     7.218E+06     1.000E+01
6.00E-01     7.193E+06     1.000E+01
7.00E-01     7.190E+06     1.000E+01
8.00E-01     7.200E+06     1.000E+01
9.00E-01     7.220E+06     1.000E+01
1.00E+00     7.247E+06     1.000E+01
1.25E+00     7.326E+06     1.000E+01
1.50E+00     7.405E+06     1.000E+01
1.75E+00     7.474E+06     1.000E+01
2.00E+00     7.542E+06     1.000E+01
2.50E+00     7.633E+06     1.000E+01
3.00E+00     7.657E+06     1.000E+01
3.50E+00     7.543E+06     1.000E+01
4.00E+00     7.145E+06     1.000E+01
5.00E+00     5.230E+06     1.000E+01
6.00E+00     3.053E+06     1.000E+01
7.00E+00     1.735E+06     1.000E+01
8.00E+00     1.063E+06     1.000E+01
9.00E+00     7.103E+05     1.000E+01
1.00E+01     5.092E+05     1.000E+01
