4        p cu55 zn56                       taly      1.23300E+00      
1.00E-03     0.000E+00     1.000E+00
2.00E-03     0.000E+00     1.000E+00
3.00E-03     0.000E+00     1.000E+00
4.00E-03     0.000E+00     1.000E+00
5.00E-03     0.000E+00     1.000E+00
6.00E-03     0.000E+00     1.000E+00
7.00E-03     0.000E+00     1.000E+00
8.00E-03     0.000E+00     1.000E+00
9.00E-03     0.000E+00     1.000E+00
1.00E-02     0.000E+00     1.000E+00
1.10E-02     5.294E-98     1.000E+01
1.20E-02     2.803E-96     1.000E+01
1.30E-02     1.484E-94     1.000E+01
1.40E-02     7.854E-93     1.000E+01
1.50E-02     4.158E-91     1.000E+01
1.60E-02     2.201E-89     1.000E+01
1.80E-02     6.169E-86     1.000E+01
2.00E-02     1.729E-82     1.000E+01
2.50E-02     7.189E-74     1.000E+01
3.00E-02     2.989E-65     1.000E+01
4.00E-02     5.168E-48     1.000E+01
5.00E-02     8.935E-31     1.000E+01
6.00E-02     9.025E-29     1.000E+01
7.00E-02     9.116E-27     1.000E+01
8.00E-02     9.208E-25     1.000E+01
9.00E-02     9.301E-23     1.000E+01
1.00E-01     9.396E-21     1.000E+01
1.10E-01     7.798E-20     1.000E+01
1.20E-01     6.472E-19     1.000E+01
1.30E-01     5.372E-18     1.000E+01
1.40E-01     4.459E-17     1.000E+01
1.50E-01     3.701E-16     1.000E+01
1.60E-01     1.398E-15     1.000E+01
1.80E-01     1.996E-14     1.000E+01
2.00E-01     2.850E-13     1.000E+01
2.50E-01     3.129E-11     1.000E+01
3.00E-01     1.094E-09     1.000E+01
3.50E-01     1.396E-08     1.000E+01
4.00E-01     1.781E-07     1.000E+01
4.50E-01     1.019E-06     1.000E+01
5.00E-01     5.835E-06     1.000E+01
6.00E-01     7.307E-05     1.000E+01
7.00E-01     4.899E-04     1.000E+01
8.00E-01     2.133E-03     1.000E+01
9.00E-01     6.761E-03     1.000E+01
1.00E+00     1.680E-02     1.000E+01
1.25E+00     5.479E-02     1.000E+01
1.50E+00     1.787E-01     1.000E+01
1.75E+00     2.733E-01     1.000E+01
2.00E+00     4.177E-01     1.000E+01
2.50E+00     6.464E-01     1.000E+01
3.00E+00     8.590E-01     1.000E+01
3.50E+00     1.062E+00     1.000E+01
4.00E+00     1.260E+00     1.000E+01
5.00E+00     1.662E+00     1.000E+01
6.00E+00     2.084E+00     1.000E+01
7.00E+00     2.533E+00     1.000E+01
8.00E+00     3.015E+00     1.000E+01
9.00E+00     3.535E+00     1.000E+01
1.00E+01     4.092E+00     1.000E+01
