5      he4 cu54    p zn57                  taly      5.94100E+00      
1.00E-03     0.000E+00     1.000E+00
2.00E-03     0.000E+00     1.000E+00
3.00E-03     0.000E+00     1.000E+00
4.00E-03     0.000E+00     1.000E+00
5.00E-03     0.000E+00     1.000E+00
6.00E-03     0.000E+00     1.000E+00
7.00E-03     0.000E+00     1.000E+00
8.00E-03     0.000E+00     1.000E+00
9.00E-03     0.000E+00     1.000E+00
1.00E-02     0.000E+00     1.000E+00
1.10E-02     0.000E+00     1.000E+00
1.20E-02     0.000E+00     1.000E+00
1.30E-02     0.000E+00     1.000E+00
1.40E-02     0.000E+00     1.000E+00
1.50E-02     0.000E+00     1.000E+00
1.60E-02     0.000E+00     1.000E+00
1.80E-02     0.000E+00     1.000E+00
2.00E-02     0.000E+00     1.000E+00
2.50E-02     0.000E+00     1.000E+00
3.00E-02     0.000E+00     1.000E+00
4.00E-02     0.000E+00     1.000E+00
5.00E-02     0.000E+00     1.000E+00
6.00E-02     0.000E+00     1.000E+00
7.00E-02     0.000E+00     1.000E+00
8.00E-02     0.000E+00     1.000E+00
9.00E-02     0.000E+00     1.000E+00
1.00E-01     0.000E+00     1.000E+00
1.10E-01     0.000E+00     1.000E+00
1.20E-01     0.000E+00     1.000E+00
1.30E-01     0.000E+00     1.000E+00
1.40E-01     0.000E+00     1.000E+00
1.50E-01     0.000E+00     1.000E+00
1.60E-01     1.252E-89     1.000E+01
1.80E-01     1.963E-69     1.000E+01
2.00E-01     3.079E-49     1.000E+01
2.50E-01     2.294E-42     1.000E+01
3.00E-01     9.902E-38     1.000E+01
3.50E-01     1.107E-34     1.000E+01
4.00E-01     1.239E-31     1.000E+01
4.50E-01     1.387E-29     1.000E+01
5.00E-01     1.553E-27     1.000E+01
6.00E-01     1.880E-24     1.000E+01
7.00E-01     5.211E-22     1.000E+01
8.00E-01     5.167E-20     1.000E+01
9.00E-01     2.402E-18     1.000E+01
1.00E+00     6.250E-17     1.000E+01
1.25E+00     1.437E-14     1.000E+01
1.50E+00     3.304E-12     1.000E+01
1.75E+00     7.613E-11     1.000E+01
2.00E+00     1.755E-09     1.000E+01
2.50E+00     1.273E-07     1.000E+01
3.00E+00     3.091E-06     1.000E+01
3.50E+00     3.754E-05     1.000E+01
4.00E+00     2.825E-04     1.000E+01
5.00E+00     6.067E-03     1.000E+01
6.00E+00     5.526E-02     1.000E+01
7.00E+00     2.884E-01     1.000E+01
8.00E+00     1.028E+00     1.000E+01
9.00E+00     2.784E+00     1.000E+01
1.00E+01     6.145E+00     1.000E+01
