4        p cu60 zn61                       taly      5.29300E+00      
1.00E-03     0.000E+00     1.000E+00
2.00E-03     0.000E+00     1.000E+00
3.00E-03     0.000E+00     1.000E+00
4.00E-03     0.000E+00     1.000E+00
5.00E-03     0.000E+00     1.000E+00
6.00E-03     0.000E+00     1.000E+00
7.00E-03     0.000E+00     1.000E+00
8.00E-03     0.000E+00     1.000E+00
9.00E-03     0.000E+00     1.000E+00
1.00E-02     0.000E+00     1.000E+00
1.10E-02     5.290E-98     1.000E+01
1.20E-02     2.799E-96     1.000E+01
1.30E-02     1.481E-94     1.000E+01
1.40E-02     7.834E-93     1.000E+01
1.50E-02     4.144E-91     1.000E+01
1.60E-02     2.193E-89     1.000E+01
1.80E-02     6.137E-86     1.000E+01
2.00E-02     1.718E-82     1.000E+01
2.50E-02     7.118E-74     1.000E+01
3.00E-02     2.950E-65     1.000E+01
4.00E-02     5.067E-48     1.000E+01
5.00E-02     8.703E-31     1.000E+01
6.00E-02     7.992E-29     1.000E+01
7.00E-02     7.340E-27     1.000E+01
8.00E-02     6.740E-25     1.000E+01
9.00E-02     6.190E-23     1.000E+01
1.00E-01     5.684E-21     1.000E+01
1.10E-01     4.738E-20     1.000E+01
1.20E-01     3.949E-19     1.000E+01
1.30E-01     3.292E-18     1.000E+01
1.40E-01     2.744E-17     1.000E+01
1.50E-01     2.287E-16     1.000E+01
1.60E-01     8.712E-16     1.000E+01
1.80E-01     1.265E-14     1.000E+01
2.00E-01     1.835E-13     1.000E+01
2.50E-01     2.154E-11     1.000E+01
3.00E-01     8.078E-10     1.000E+01
3.50E-01     1.114E-08     1.000E+01
4.00E-01     1.536E-07     1.000E+01
4.50E-01     9.816E-07     1.000E+01
5.00E-01     6.273E-06     1.000E+01
6.00E-01     1.045E-04     1.000E+01
7.00E-01     9.671E-04     1.000E+01
8.00E-01     5.903E-03     1.000E+01
9.00E-01     2.641E-02     1.000E+01
1.00E+00     9.295E-02     1.000E+01
1.25E+00     7.113E-01     1.000E+01
1.50E+00     5.443E+00     1.000E+01
1.75E+00     1.598E+01     1.000E+01
2.00E+00     4.694E+01     1.000E+01
2.50E+00     1.689E+02     1.000E+01
3.00E+00     3.661E+02     1.000E+01
3.50E+00     5.633E+02     1.000E+01
4.00E+00     6.943E+02     1.000E+01
5.00E+00     7.704E+02     1.000E+01
6.00E+00     7.514E+02     1.000E+01
7.00E+00     7.228E+02     1.000E+01
8.00E+00     7.027E+02     1.000E+01
9.00E+00     6.925E+02     1.000E+01
1.00E+01     6.895E+02     1.000E+01
