5        n cu58  he4 co55                  taly      8.00800E+00      
1.00E-03     1.979E+06     1.000E+01
2.00E-03     1.988E+06     1.000E+01
3.00E-03     1.997E+06     1.000E+01
4.00E-03     2.006E+06     1.000E+01
5.00E-03     2.015E+06     1.000E+01
6.00E-03     2.000E+06     1.000E+01
7.00E-03     1.985E+06     1.000E+01
8.00E-03     1.969E+06     1.000E+01
9.00E-03     1.954E+06     1.000E+01
1.00E-02     1.939E+06     1.000E+01
1.10E-02     1.937E+06     1.000E+01
1.20E-02     1.935E+06     1.000E+01
1.30E-02     1.933E+06     1.000E+01
1.40E-02     1.931E+06     1.000E+01
1.50E-02     1.929E+06     1.000E+01
1.60E-02     1.927E+06     1.000E+01
1.80E-02     1.922E+06     1.000E+01
2.00E-02     1.918E+06     1.000E+01
2.50E-02     1.907E+06     1.000E+01
3.00E-02     1.897E+06     1.000E+01
4.00E-02     1.876E+06     1.000E+01
5.00E-02     1.855E+06     1.000E+01
6.00E-02     1.851E+06     1.000E+01
7.00E-02     1.846E+06     1.000E+01
8.00E-02     1.842E+06     1.000E+01
9.00E-02     1.838E+06     1.000E+01
1.00E-01     1.834E+06     1.000E+01
1.10E-01     1.834E+06     1.000E+01
1.20E-01     1.835E+06     1.000E+01
1.30E-01     1.835E+06     1.000E+01
1.40E-01     1.836E+06     1.000E+01
1.50E-01     1.836E+06     1.000E+01
1.60E-01     1.840E+06     1.000E+01
1.80E-01     1.847E+06     1.000E+01
2.00E-01     1.854E+06     1.000E+01
2.50E-01     1.881E+06     1.000E+01
3.00E-01     1.910E+06     1.000E+01
3.50E-01     1.942E+06     1.000E+01
4.00E-01     1.973E+06     1.000E+01
4.50E-01     2.007E+06     1.000E+01
5.00E-01     2.041E+06     1.000E+01
6.00E-01     2.117E+06     1.000E+01
7.00E-01     2.202E+06     1.000E+01
8.00E-01     2.299E+06     1.000E+01
9.00E-01     2.408E+06     1.000E+01
1.00E+00     2.531E+06     1.000E+01
1.25E+00     2.894E+06     1.000E+01
1.50E+00     3.310E+06     1.000E+01
1.75E+00     3.742E+06     1.000E+01
2.00E+00     4.230E+06     1.000E+01
2.50E+00     5.143E+06     1.000E+01
3.00E+00     5.997E+06     1.000E+01
3.50E+00     6.789E+06     1.000E+01
4.00E+00     7.528E+06     1.000E+01
5.00E+00     8.856E+06     1.000E+01
6.00E+00     9.783E+06     1.000E+01
7.00E+00     9.905E+06     1.000E+01
8.00E+00     9.118E+06     1.000E+01
9.00E+00     7.824E+06     1.000E+01
1.00E+01     6.491E+06     1.000E+01
