5        n cu54    p ni54                  taly      1.82640E+01      
1.00E-03     1.039E+07     1.000E+01
2.00E-03     1.043E+07     1.000E+01
3.00E-03     1.047E+07     1.000E+01
4.00E-03     1.051E+07     1.000E+01
5.00E-03     1.055E+07     1.000E+01
6.00E-03     1.046E+07     1.000E+01
7.00E-03     1.038E+07     1.000E+01
8.00E-03     1.029E+07     1.000E+01
9.00E-03     1.021E+07     1.000E+01
1.00E-02     1.012E+07     1.000E+01
1.10E-02     1.010E+07     1.000E+01
1.20E-02     1.009E+07     1.000E+01
1.30E-02     1.007E+07     1.000E+01
1.40E-02     1.005E+07     1.000E+01
1.50E-02     1.004E+07     1.000E+01
1.60E-02     1.002E+07     1.000E+01
1.80E-02     9.983E+06     1.000E+01
2.00E-02     9.949E+06     1.000E+01
2.50E-02     9.864E+06     1.000E+01
3.00E-02     9.779E+06     1.000E+01
4.00E-02     9.612E+06     1.000E+01
5.00E-02     9.448E+06     1.000E+01
6.00E-02     9.372E+06     1.000E+01
7.00E-02     9.296E+06     1.000E+01
8.00E-02     9.221E+06     1.000E+01
9.00E-02     9.146E+06     1.000E+01
1.00E-01     9.072E+06     1.000E+01
1.10E-01     9.021E+06     1.000E+01
1.20E-01     8.971E+06     1.000E+01
1.30E-01     8.921E+06     1.000E+01
1.40E-01     8.871E+06     1.000E+01
1.50E-01     8.821E+06     1.000E+01
1.60E-01     8.786E+06     1.000E+01
1.80E-01     8.717E+06     1.000E+01
2.00E-01     8.648E+06     1.000E+01
2.50E-01     8.517E+06     1.000E+01
3.00E-01     8.407E+06     1.000E+01
3.50E-01     8.310E+06     1.000E+01
4.00E-01     8.214E+06     1.000E+01
4.50E-01     8.127E+06     1.000E+01
5.00E-01     8.041E+06     1.000E+01
6.00E-01     7.880E+06     1.000E+01
7.00E-01     7.706E+06     1.000E+01
8.00E-01     7.478E+06     1.000E+01
9.00E-01     7.151E+06     1.000E+01
1.00E+00     6.699E+06     1.000E+01
1.25E+00     4.963E+06     1.000E+01
1.50E+00     3.676E+06     1.000E+01
1.75E+00     2.744E+06     1.000E+01
2.00E+00     2.048E+06     1.000E+01
2.50E+00     1.468E+06     1.000E+01
3.00E+00     1.232E+06     1.000E+01
3.50E+00     1.106E+06     1.000E+01
4.00E+00     1.019E+06     1.000E+01
5.00E+00     8.797E+05     1.000E+01
6.00E+00     7.560E+05     1.000E+01
7.00E+00     6.434E+05     1.000E+01
8.00E+00     5.427E+05     1.000E+01
9.00E+00     4.540E+05     1.000E+01
1.00E+01     3.765E+05     1.000E+01
