5        n cu60    p ni60                  taly      6.91000E+00      
1.00E-03     1.144E+09     1.000E+01
2.00E-03     1.147E+09     1.000E+01
3.00E-03     1.150E+09     1.000E+01
4.00E-03     1.153E+09     1.000E+01
5.00E-03     1.156E+09     1.000E+01
6.00E-03     1.146E+09     1.000E+01
7.00E-03     1.136E+09     1.000E+01
8.00E-03     1.126E+09     1.000E+01
9.00E-03     1.116E+09     1.000E+01
1.00E-02     1.107E+09     1.000E+01
1.10E-02     1.105E+09     1.000E+01
1.20E-02     1.102E+09     1.000E+01
1.30E-02     1.100E+09     1.000E+01
1.40E-02     1.098E+09     1.000E+01
1.50E-02     1.096E+09     1.000E+01
1.60E-02     1.094E+09     1.000E+01
1.80E-02     1.090E+09     1.000E+01
2.00E-02     1.086E+09     1.000E+01
2.50E-02     1.075E+09     1.000E+01
3.00E-02     1.065E+09     1.000E+01
4.00E-02     1.045E+09     1.000E+01
5.00E-02     1.025E+09     1.000E+01
6.00E-02     1.017E+09     1.000E+01
7.00E-02     1.008E+09     1.000E+01
8.00E-02     1.000E+09     1.000E+01
9.00E-02     9.918E+08     1.000E+01
1.00E-01     9.836E+08     1.000E+01
1.10E-01     9.784E+08     1.000E+01
1.20E-01     9.733E+08     1.000E+01
1.30E-01     9.682E+08     1.000E+01
1.40E-01     9.631E+08     1.000E+01
1.50E-01     9.580E+08     1.000E+01
1.60E-01     9.549E+08     1.000E+01
1.80E-01     9.485E+08     1.000E+01
2.00E-01     9.423E+08     1.000E+01
2.50E-01     9.316E+08     1.000E+01
3.00E-01     9.230E+08     1.000E+01
3.50E-01     9.156E+08     1.000E+01
4.00E-01     9.083E+08     1.000E+01
4.50E-01     9.023E+08     1.000E+01
5.00E-01     8.963E+08     1.000E+01
6.00E-01     8.870E+08     1.000E+01
7.00E-01     8.805E+08     1.000E+01
8.00E-01     8.761E+08     1.000E+01
9.00E-01     8.734E+08     1.000E+01
1.00E+00     8.719E+08     1.000E+01
1.25E+00     8.723E+08     1.000E+01
1.50E+00     8.727E+08     1.000E+01
1.75E+00     8.729E+08     1.000E+01
2.00E+00     8.730E+08     1.000E+01
2.50E+00     8.470E+08     1.000E+01
3.00E+00     7.633E+08     1.000E+01
3.50E+00     6.270E+08     1.000E+01
4.00E+00     4.829E+08     1.000E+01
5.00E+00     2.787E+08     1.000E+01
6.00E+00     1.773E+08     1.000E+01
7.00E+00     1.268E+08     1.000E+01
8.00E+00     9.928E+07     1.000E+01
9.00E+00     8.288E+07     1.000E+01
1.00E+01     7.205E+07     1.000E+01
