5        n cu55    p ni55                  taly      1.44820E+01      
1.00E-03     1.953E+08     1.000E+01
2.00E-03     1.961E+08     1.000E+01
3.00E-03     1.969E+08     1.000E+01
4.00E-03     1.976E+08     1.000E+01
5.00E-03     1.984E+08     1.000E+01
6.00E-03     1.968E+08     1.000E+01
7.00E-03     1.952E+08     1.000E+01
8.00E-03     1.936E+08     1.000E+01
9.00E-03     1.920E+08     1.000E+01
1.00E-02     1.904E+08     1.000E+01
1.10E-02     1.901E+08     1.000E+01
1.20E-02     1.898E+08     1.000E+01
1.30E-02     1.895E+08     1.000E+01
1.40E-02     1.891E+08     1.000E+01
1.50E-02     1.888E+08     1.000E+01
1.60E-02     1.885E+08     1.000E+01
1.80E-02     1.879E+08     1.000E+01
2.00E-02     1.873E+08     1.000E+01
2.50E-02     1.857E+08     1.000E+01
3.00E-02     1.841E+08     1.000E+01
4.00E-02     1.811E+08     1.000E+01
5.00E-02     1.781E+08     1.000E+01
6.00E-02     1.767E+08     1.000E+01
7.00E-02     1.753E+08     1.000E+01
8.00E-02     1.740E+08     1.000E+01
9.00E-02     1.726E+08     1.000E+01
1.00E-01     1.713E+08     1.000E+01
1.10E-01     1.703E+08     1.000E+01
1.20E-01     1.694E+08     1.000E+01
1.30E-01     1.685E+08     1.000E+01
1.40E-01     1.676E+08     1.000E+01
1.50E-01     1.667E+08     1.000E+01
1.60E-01     1.661E+08     1.000E+01
1.80E-01     1.649E+08     1.000E+01
2.00E-01     1.636E+08     1.000E+01
2.50E-01     1.614E+08     1.000E+01
3.00E-01     1.594E+08     1.000E+01
3.50E-01     1.577E+08     1.000E+01
4.00E-01     1.561E+08     1.000E+01
4.50E-01     1.546E+08     1.000E+01
5.00E-01     1.531E+08     1.000E+01
6.00E-01     1.502E+08     1.000E+01
7.00E-01     1.470E+08     1.000E+01
8.00E-01     1.423E+08     1.000E+01
9.00E-01     1.354E+08     1.000E+01
1.00E+00     1.257E+08     1.000E+01
1.25E+00     8.881E+07     1.000E+01
1.50E+00     6.276E+07     1.000E+01
1.75E+00     4.351E+07     1.000E+01
2.00E+00     3.016E+07     1.000E+01
2.50E+00     1.777E+07     1.000E+01
3.00E+00     1.220E+07     1.000E+01
3.50E+00     9.201E+06     1.000E+01
4.00E+00     7.362E+06     1.000E+01
5.00E+00     5.219E+06     1.000E+01
6.00E+00     3.988E+06     1.000E+01
7.00E+00     3.168E+06     1.000E+01
8.00E+00     2.568E+06     1.000E+01
9.00E+00     2.103E+06     1.000E+01
1.00E+01     1.724E+06     1.000E+01
