5        p  f18  he4  o15                  mc10      2.88215e+00      
1.00E-03     0.000E+00     1.000E+00
2.00E-03     0.000E+00     1.000E+00
3.00E-03     0.000E+00     1.000E+00
4.00E-03     0.000E+00     1.000E+00
5.00E-03     0.000E+00     1.000E+00
6.00E-03     0.000E+00     1.000E+00
7.00E-03     0.000E+00     1.000E+00
8.00E-03     0.000E+00     1.000E+00
9.00E-03     0.000E+00     1.000E+00
1.00E-02     2.775E-22     4.797E+00
1.10E-02     6.792E-21     4.928E+00
1.20E-02     1.278E-19     4.693E+00
1.30E-02     1.587E-18     4.088E+00
1.40E-02     1.466E-17     3.518E+00
1.50E-02     9.419E-17     3.117E+00
1.60E-02     4.986E-16     2.654E+00
1.80E-02     7.801E-15     2.240E+00
2.00E-02     7.720E-14     2.175E+00
2.50E-02     5.729E-12     2.765E+00
3.00E-02     9.812E-11     3.456E+00
4.00E-02     3.190E-09     3.717E+00
5.00E-02     3.541E-08     3.330E+00
6.00E-02     2.507E-07     2.729E+00
7.00E-02     1.514E-06     2.303E+00
8.00E-02     6.940E-06     2.102E+00
9.00E-02     2.633E-05     1.990E+00
1.00E-01     8.261E-05     1.972E+00
1.10E-01     2.420E-04     1.970E+00
1.20E-01     5.921E-04     1.974E+00
1.30E-01     1.226E-03     1.970E+00
1.40E-01     3.213E-03     1.962E+00
1.50E-01     6.144E-03     1.944E+00
1.60E-01     1.095E-02     1.927E+00
1.80E-01     3.972E-02     1.834E+00
2.00E-01     1.173E-01     1.715E+00
2.50E-01     1.210E+00     1.449E+00
3.00E-01     8.280E+00     1.329E+00
3.50E-01     3.759E+01     1.277E+00
4.00E-01     1.346E+02     1.227E+00
4.50E-01     3.840E+02     1.191E+00
5.00E-01     8.405E+02     1.191E+00
6.00E-01     2.868E+03     1.191E+00
7.00E-01     7.276E+03     1.191E+00
8.00E-01     1.524E+04     1.191E+00
9.00E-01     2.795E+04     1.191E+00
1.00E+00     4.661E+04     1.191E+00
1.25E+00     1.272E+05     1.191E+00
1.50E+00     2.637E+05     1.191E+00
1.75E+00     4.726E+05     1.191E+00
2.00E+00     7.615E+05     1.191E+00
2.50E+00     1.591E+06     1.191E+00
3.00E+00     2.712E+06     1.191E+00
3.50E+00     4.001E+06     1.191E+00
4.00E+00     5.328E+06     1.191E+00
5.00E+00     7.767E+06     1.191E+00
6.00E+00     9.729E+06     1.191E+00
7.00E+00     1.118E+07     1.191E+00
8.00E+00     1.218E+07     1.191E+00
9.00E+00     1.275E+07     1.191E+00
1.00E+01     1.335E+07     1.191E+00
