5        p  f19  he4  o16                  nacr      8.11367e+00      
1.00E-03     0.000E+00     1.000E+00
2.00E-03     0.000E+00     1.000E+00
3.00E-03     0.000E+00     1.000E+00
4.00E-03     0.000E+00     1.000E+00
5.00E-03     0.000E+00     1.000E+00
6.00E-03     0.000E+00     1.000E+00
7.00E-03     0.000E+00     1.000E+00
8.00E-03     0.000E+00     1.000E+00
9.00E-03     9.723E-26     1.409E+00
1.00E-02     1.697E-24     1.379E+00
1.10E-02     2.163E-23     1.378E+00
1.20E-02     2.096E-22     1.379E+00
1.30E-02     1.597E-21     1.377E+00
1.40E-02     9.946E-21     1.378E+00
1.50E-02     5.248E-20     1.378E+00
1.60E-02     2.400E-19     1.379E+00
1.80E-02     3.531E-18     1.379E+00
2.00E-02     3.580E-17     1.377E+00
2.50E-02     3.687E-15     1.381E+00
3.00E-02     1.260E-13     1.381E+00
4.00E-02     2.156E-11     1.382E+00
5.00E-02     8.286E-10     1.388E+00
6.00E-02     1.333E-08     1.387E+00
7.00E-02     1.229E-07     1.392E+00
8.00E-02     7.692E-07     1.391E+00
9.00E-02     3.747E-06     1.388E+00
1.00E-01     1.576E-05     1.370E+00
1.10E-01     6.133E-05     1.342E+00
1.20E-01     2.249E-04     1.307E+00
1.30E-01     7.603E-04     1.276E+00
1.40E-01     2.371E-03     1.248E+00
1.50E-01     6.786E-03     1.223E+00
1.60E-01     1.806E-02     1.196E+00
1.80E-01     1.067E-01     1.153E+00
2.00E-01     5.090E-01     1.114E+00
2.50E-01     1.094E+01     1.066E+00
3.00E-01     9.461E+01     1.052E+00
3.50E-01     4.426E+02     1.048E+00
4.00E-01     1.394E+03     1.047E+00
4.50E-01     3.341E+03     1.046E+00
5.00E-01     6.663E+03     1.044E+00
6.00E-01     1.854E+04     1.048E+00
7.00E-01     3.869E+04     1.049E+00
8.00E-01     6.839E+04     1.053E+00
9.00E-01     1.091E+05     1.057E+00
1.00E+00     1.635E+05     1.061E+00
1.25E+00     3.697E+05     1.069E+00
1.50E+00     7.259E+05     1.074E+00
1.75E+00     1.255E+06     1.078E+00
2.00E+00     2.020E+06     1.078E+00
2.50E+00     4.354E+06     1.087E+00
3.00E+00     8.022E+06     1.094E+00
3.50E+00     1.318E+07     1.098E+00
4.00E+00     1.978E+07     1.102E+00
5.00E+00     3.639E+07     1.110E+00
6.00E+00     5.528E+07     1.114E+00
7.00E+00     7.437E+07     1.116E+00
8.00E+00     9.214E+07     1.118E+00
9.00E+00     1.075E+08     1.120E+00
1.00E+01     1.202E+08     1.122E+00
