5        n  f17  he4  n14                  taly      4.73500E+00      
1.00E-03     2.233E+08     1.000E+01
2.00E-03     2.239E+08     1.000E+01
3.00E-03     2.246E+08     1.000E+01
4.00E-03     2.252E+08     1.000E+01
5.00E-03     2.259E+08     1.000E+01
6.00E-03     2.240E+08     1.000E+01
7.00E-03     2.220E+08     1.000E+01
8.00E-03     2.202E+08     1.000E+01
9.00E-03     2.183E+08     1.000E+01
1.00E-02     2.164E+08     1.000E+01
1.10E-02     2.161E+08     1.000E+01
1.20E-02     2.157E+08     1.000E+01
1.30E-02     2.154E+08     1.000E+01
1.40E-02     2.150E+08     1.000E+01
1.50E-02     2.147E+08     1.000E+01
1.60E-02     2.143E+08     1.000E+01
1.80E-02     2.136E+08     1.000E+01
2.00E-02     2.129E+08     1.000E+01
2.50E-02     2.112E+08     1.000E+01
3.00E-02     2.095E+08     1.000E+01
4.00E-02     2.061E+08     1.000E+01
5.00E-02     2.028E+08     1.000E+01
6.00E-02     2.016E+08     1.000E+01
7.00E-02     2.004E+08     1.000E+01
8.00E-02     1.993E+08     1.000E+01
9.00E-02     1.981E+08     1.000E+01
1.00E-01     1.970E+08     1.000E+01
1.10E-01     1.965E+08     1.000E+01
1.20E-01     1.959E+08     1.000E+01
1.30E-01     1.953E+08     1.000E+01
1.40E-01     1.948E+08     1.000E+01
1.50E-01     1.942E+08     1.000E+01
1.60E-01     1.940E+08     1.000E+01
1.80E-01     1.936E+08     1.000E+01
2.00E-01     1.932E+08     1.000E+01
2.50E-01     1.932E+08     1.000E+01
3.00E-01     1.934E+08     1.000E+01
3.50E-01     1.939E+08     1.000E+01
4.00E-01     1.943E+08     1.000E+01
4.50E-01     1.948E+08     1.000E+01
5.00E-01     1.954E+08     1.000E+01
6.00E-01     1.966E+08     1.000E+01
7.00E-01     1.982E+08     1.000E+01
8.00E-01     1.999E+08     1.000E+01
9.00E-01     2.019E+08     1.000E+01
1.00E+00     2.040E+08     1.000E+01
1.25E+00     2.098E+08     1.000E+01
1.50E+00     2.157E+08     1.000E+01
1.75E+00     2.218E+08     1.000E+01
2.00E+00     2.280E+08     1.000E+01
2.50E+00     2.397E+08     1.000E+01
3.00E+00     2.506E+08     1.000E+01
3.50E+00     2.607E+08     1.000E+01
4.00E+00     2.701E+08     1.000E+01
5.00E+00     2.874E+08     1.000E+01
6.00E+00     3.031E+08     1.000E+01
7.00E+00     3.179E+08     1.000E+01
8.00E+00     3.316E+08     1.000E+01
9.00E+00     3.442E+08     1.000E+01
1.00E+01     3.551E+08     1.000E+01
