5      he4  f18    p ne21                  taly      1.74100E+00      
1.00E-03     0.000E+00     1.000E+00
2.00E-03     0.000E+00     1.000E+00
3.00E-03     0.000E+00     1.000E+00
4.00E-03     0.000E+00     1.000E+00
5.00E-03     0.000E+00     1.000E+00
6.00E-03     0.000E+00     1.000E+00
7.00E-03     0.000E+00     1.000E+00
8.00E-03     0.000E+00     1.000E+00
9.00E-03     0.000E+00     1.000E+00
1.00E-02     0.000E+00     1.000E+00
1.10E-02     4.528E-98     1.000E+01
1.20E-02     2.050E-96     1.000E+01
1.30E-02     9.284E-95     1.000E+01
1.40E-02     4.204E-93     1.000E+01
1.50E-02     1.903E-91     1.000E+01
1.60E-02     8.618E-90     1.000E+01
1.80E-02     1.767E-86     1.000E+01
2.00E-02     3.623E-83     1.000E+01
2.50E-02     6.895E-75     1.000E+01
3.00E-02     1.312E-66     1.000E+01
4.00E-02     4.755E-50     1.000E+01
5.00E-02     1.723E-33     1.000E+01
6.00E-02     2.653E-31     1.000E+01
7.00E-02     4.087E-29     1.000E+01
8.00E-02     6.296E-27     1.000E+01
9.00E-02     9.699E-25     1.000E+01
1.00E-01     1.494E-22     1.000E+01
1.10E-01     1.499E-21     1.000E+01
1.20E-01     1.505E-20     1.000E+01
1.30E-01     1.510E-19     1.000E+01
1.40E-01     1.516E-18     1.000E+01
1.50E-01     1.521E-17     1.000E+01
1.60E-01     6.497E-17     1.000E+01
1.80E-01     1.185E-15     1.000E+01
2.00E-01     2.160E-14     1.000E+01
2.50E-01     3.742E-12     1.000E+01
3.00E-01     1.898E-10     1.000E+01
3.50E-01     3.297E-09     1.000E+01
4.00E-01     5.729E-08     1.000E+01
4.50E-01     4.339E-07     1.000E+01
5.00E-01     3.286E-06     1.000E+01
6.00E-01     7.139E-05     1.000E+01
7.00E-01     8.282E-04     1.000E+01
8.00E-01     6.230E-03     1.000E+01
9.00E-01     3.420E-02     1.000E+01
1.00E+00     1.478E-01     1.000E+01
1.25E+00     1.916E+00     1.000E+01
1.50E+00     2.484E+01     1.000E+01
1.75E+00     1.199E+02     1.000E+01
2.00E+00     5.786E+02     1.000E+01
2.50E+00     4.965E+03     1.000E+01
3.00E+00     2.363E+04     1.000E+01
3.50E+00     7.708E+04     1.000E+01
4.00E+00     1.947E+05     1.000E+01
5.00E+00     7.588E+05     1.000E+01
6.00E+00     1.964E+06     1.000E+01
7.00E+00     3.964E+06     1.000E+01
8.00E+00     6.785E+06     1.000E+01
9.00E+00     1.035E+07     1.000E+01
1.00E+01     1.448E+07     1.000E+01
