5      he4  f17    p ne20                  taly      4.13000E+00      
1.00E-03     0.000E+00     1.000E+00
2.00E-03     0.000E+00     1.000E+00
3.00E-03     0.000E+00     1.000E+00
4.00E-03     0.000E+00     1.000E+00
5.00E-03     0.000E+00     1.000E+00
6.00E-03     0.000E+00     1.000E+00
7.00E-03     0.000E+00     1.000E+00
8.00E-03     0.000E+00     1.000E+00
9.00E-03     0.000E+00     1.000E+00
1.00E-02     0.000E+00     1.000E+00
1.10E-02     4.604E-98     1.000E+01
1.20E-02     2.119E-96     1.000E+01
1.30E-02     9.756E-95     1.000E+01
1.40E-02     4.491E-93     1.000E+01
1.50E-02     2.068E-91     1.000E+01
1.60E-02     9.519E-90     1.000E+01
1.80E-02     2.017E-86     1.000E+01
2.00E-02     4.275E-83     1.000E+01
2.50E-02     8.840E-75     1.000E+01
3.00E-02     1.828E-66     1.000E+01
4.00E-02     7.814E-50     1.000E+01
5.00E-02     3.341E-33     1.000E+01
6.00E-02     5.031E-31     1.000E+01
7.00E-02     7.577E-29     1.000E+01
8.00E-02     1.141E-26     1.000E+01
9.00E-02     1.718E-24     1.000E+01
1.00E-01     2.588E-22     1.000E+01
1.10E-01     2.559E-21     1.000E+01
1.20E-01     2.531E-20     1.000E+01
1.30E-01     2.503E-19     1.000E+01
1.40E-01     2.475E-18     1.000E+01
1.50E-01     2.448E-17     1.000E+01
1.60E-01     1.034E-16     1.000E+01
1.80E-01     1.845E-15     1.000E+01
2.00E-01     3.291E-14     1.000E+01
2.50E-01     5.457E-12     1.000E+01
3.00E-01     2.665E-10     1.000E+01
3.50E-01     4.490E-09     1.000E+01
4.00E-01     7.563E-08     1.000E+01
4.50E-01     5.583E-07     1.000E+01
5.00E-01     4.122E-06     1.000E+01
6.00E-01     8.571E-05     1.000E+01
7.00E-01     9.567E-04     1.000E+01
8.00E-01     6.952E-03     1.000E+01
9.00E-01     3.699E-02     1.000E+01
1.00E+00     1.554E-01     1.000E+01
1.25E+00     1.909E+00     1.000E+01
1.50E+00     2.345E+01     1.000E+01
1.75E+00     1.098E+02     1.000E+01
2.00E+00     5.144E+02     1.000E+01
2.50E+00     4.319E+03     1.000E+01
3.00E+00     2.063E+04     1.000E+01
3.50E+00     6.859E+04     1.000E+01
4.00E+00     1.780E+05     1.000E+01
5.00E+00     7.372E+05     1.000E+01
6.00E+00     2.026E+06     1.000E+01
7.00E+00     4.320E+06     1.000E+01
8.00E+00     7.775E+06     1.000E+01
9.00E+00     1.242E+07     1.000E+01
1.00E+01     1.817E+07     1.000E+01
