4        n  f18  f19                       taly      1.04310E+01      
1.00E-03     9.058E+04     1.000E+01
2.00E-03     8.875E+04     1.000E+01
3.00E-03     8.692E+04     1.000E+01
4.00E-03     8.508E+04     1.000E+01
5.00E-03     8.325E+04     1.000E+01
6.00E-03     8.183E+04     1.000E+01
7.00E-03     8.041E+04     1.000E+01
8.00E-03     7.898E+04     1.000E+01
9.00E-03     7.756E+04     1.000E+01
1.00E-02     7.614E+04     1.000E+01
1.10E-02     7.579E+04     1.000E+01
1.20E-02     7.545E+04     1.000E+01
1.30E-02     7.511E+04     1.000E+01
1.40E-02     7.476E+04     1.000E+01
1.50E-02     7.442E+04     1.000E+01
1.60E-02     7.407E+04     1.000E+01
1.80E-02     7.339E+04     1.000E+01
2.00E-02     7.270E+04     1.000E+01
2.50E-02     7.098E+04     1.000E+01
3.00E-02     6.926E+04     1.000E+01
4.00E-02     6.582E+04     1.000E+01
5.00E-02     6.238E+04     1.000E+01
6.00E-02     6.136E+04     1.000E+01
7.00E-02     6.034E+04     1.000E+01
8.00E-02     5.932E+04     1.000E+01
9.00E-02     5.830E+04     1.000E+01
1.00E-01     5.728E+04     1.000E+01
1.10E-01     5.678E+04     1.000E+01
1.20E-01     5.628E+04     1.000E+01
1.30E-01     5.577E+04     1.000E+01
1.40E-01     5.527E+04     1.000E+01
1.50E-01     5.477E+04     1.000E+01
1.60E-01     5.449E+04     1.000E+01
1.80E-01     5.395E+04     1.000E+01
2.00E-01     5.340E+04     1.000E+01
2.50E-01     5.261E+04     1.000E+01
3.00E-01     5.211E+04     1.000E+01
3.50E-01     5.182E+04     1.000E+01
4.00E-01     5.154E+04     1.000E+01
4.50E-01     5.139E+04     1.000E+01
5.00E-01     5.125E+04     1.000E+01
6.00E-01     5.116E+04     1.000E+01
7.00E-01     5.121E+04     1.000E+01
8.00E-01     5.138E+04     1.000E+01
9.00E-01     5.163E+04     1.000E+01
1.00E+00     5.194E+04     1.000E+01
1.25E+00     5.301E+04     1.000E+01
1.50E+00     5.407E+04     1.000E+01
1.75E+00     5.521E+04     1.000E+01
2.00E+00     5.634E+04     1.000E+01
2.50E+00     5.803E+04     1.000E+01
3.00E+00     5.884E+04     1.000E+01
3.50E+00     5.888E+04     1.000E+01
4.00E+00     5.841E+04     1.000E+01
5.00E+00     5.695E+04     1.000E+01
6.00E+00     5.568E+04     1.000E+01
7.00E+00     5.481E+04     1.000E+01
8.00E+00     5.420E+04     1.000E+01
9.00E+00     5.359E+04     1.000E+01
1.00E+01     5.278E+04     1.000E+01
