4      he4  f19 na23                       taly      1.04680E+01      
1.00E-03     0.000E+00     1.000E+00
2.00E-03     0.000E+00     1.000E+00
3.00E-03     0.000E+00     1.000E+00
4.00E-03     0.000E+00     1.000E+00
5.00E-03     0.000E+00     1.000E+00
6.00E-03     0.000E+00     1.000E+00
7.00E-03     0.000E+00     1.000E+00
8.00E-03     0.000E+00     1.000E+00
9.00E-03     0.000E+00     1.000E+00
1.00E-02     0.000E+00     1.000E+00
1.10E-02     4.125E-98     1.000E+01
1.20E-02     1.702E-96     1.000E+01
1.30E-02     7.019E-95     1.000E+01
1.40E-02     2.896E-93     1.000E+01
1.50E-02     1.194E-91     1.000E+01
1.60E-02     4.927E-90     1.000E+01
1.80E-02     8.384E-87     1.000E+01
2.00E-02     1.427E-83     1.000E+01
2.50E-02     1.704E-75     1.000E+01
3.00E-02     2.035E-67     1.000E+01
4.00E-02     2.904E-51     1.000E+01
5.00E-02     4.143E-35     1.000E+01
6.00E-02     5.867E-33     1.000E+01
7.00E-02     8.308E-31     1.000E+01
8.00E-02     1.177E-28     1.000E+01
9.00E-02     1.666E-26     1.000E+01
1.00E-01     2.359E-24     1.000E+01
1.10E-01     2.272E-23     1.000E+01
1.20E-01     2.188E-22     1.000E+01
1.30E-01     2.106E-21     1.000E+01
1.40E-01     2.028E-20     1.000E+01
1.50E-01     1.953E-19     1.000E+01
1.60E-01     8.071E-19     1.000E+01
1.80E-01     1.378E-17     1.000E+01
2.00E-01     2.354E-16     1.000E+01
2.50E-01     3.560E-14     1.000E+01
3.00E-01     1.603E-12     1.000E+01
3.50E-01     2.520E-11     1.000E+01
4.00E-01     3.961E-10     1.000E+01
4.50E-01     2.759E-09     1.000E+01
5.00E-01     1.922E-08     1.000E+01
6.00E-01     3.603E-07     1.000E+01
7.00E-01     3.627E-06     1.000E+01
8.00E-01     2.357E-05     1.000E+01
9.00E-01     1.111E-04     1.000E+01
1.00E+00     4.118E-04     1.000E+01
1.25E+00     3.868E-03     1.000E+01
1.50E+00     3.634E-02     1.000E+01
1.75E+00     1.428E-01     1.000E+01
2.00E+00     5.611E-01     1.000E+01
2.50E+00     3.664E+00     1.000E+01
3.00E+00     1.446E+01     1.000E+01
3.50E+00     4.135E+01     1.000E+01
4.00E+00     9.501E+01     1.000E+01
5.00E+00     3.267E+02     1.000E+01
6.00E+00     7.813E+02     1.000E+01
7.00E+00     1.492E+03     1.000E+01
8.00E+00     2.449E+03     1.000E+01
9.00E+00     3.609E+03     1.000E+01
1.00E+01     4.895E+03     1.000E+01
