4        p  f18 ne19                       mc10      6.41120e+00      
1.00E-03     0.000E+00     1.000E+00
2.00E-03     0.000E+00     1.000E+00
3.00E-03     0.000E+00     1.000E+00
4.00E-03     0.000E+00     1.000E+00
5.00E-03     0.000E+00     1.000E+00
6.00E-03     0.000E+00     1.000E+00
7.00E-03     0.000E+00     1.000E+00
8.00E-03     0.000E+00     1.000E+00
9.00E-03     0.000E+00     1.000E+00
1.00E-02     2.179E-25     5.635E+00
1.10E-02     5.247E-24     5.629E+00
1.20E-02     9.694E-23     5.430E+00
1.30E-02     1.206E-21     4.764E+00
1.40E-02     1.014E-20     4.154E+00
1.50E-02     6.521E-20     3.770E+00
1.60E-02     3.421E-19     3.149E+00
1.80E-02     5.589E-18     2.746E+00
2.00E-02     5.466E-17     2.701E+00
2.50E-02     3.918E-15     3.350E+00
3.00E-02     6.838E-14     3.955E+00
4.00E-02     2.373E-12     4.375E+00
5.00E-02     2.572E-11     3.785E+00
6.00E-02     1.803E-10     3.245E+00
7.00E-02     8.921E-10     2.773E+00
8.00E-02     3.881E-09     2.546E+00
9.00E-02     1.328E-08     2.414E+00
1.00E-01     3.927E-08     2.358E+00
1.10E-01     1.077E-07     2.451E+00
1.20E-01     2.504E-07     2.480E+00
1.30E-01     5.634E-07     2.520E+00
1.40E-01     1.145E-06     2.552E+00
1.50E-01     2.210E-06     2.521E+00
1.60E-01     4.150E-06     2.534E+00
1.80E-01     1.343E-05     2.466E+00
2.00E-01     4.354E-05     2.325E+00
2.50E-01     5.939E-04     2.060E+00
3.00E-01     4.520E-03     1.931E+00
3.50E-01     2.002E-02     1.892E+00
4.00E-01     6.465E-02     1.903E+00
4.50E-01     1.589E-01     1.811E+00
5.00E-01     3.370E-01     1.861E+00
6.00E-01     1.139E+00     1.849E+00
7.00E-01     2.767E+00     1.890E+00
8.00E-01     5.387E+00     1.890E+00
9.00E-01     9.217E+00     1.890E+00
1.00E+00     1.438E+01     1.890E+00
1.25E+00     3.370E+01     1.890E+00
1.50E+00     6.120E+01     1.890E+00
1.75E+00     9.535E+01     1.890E+00
2.00E+00     1.346E+02     1.890E+00
2.50E+00     2.154E+02     1.890E+00
3.00E+00     2.895E+02     1.890E+00
3.50E+00     3.534E+02     1.890E+00
4.00E+00     4.099E+02     1.890E+00
5.00E+00     5.167E+02     1.890E+00
6.00E+00     6.294E+02     1.890E+00
7.00E+00     7.491E+02     1.890E+00
8.00E+00     8.672E+02     1.890E+00
9.00E+00     9.726E+02     1.890E+00
1.00E+01     1.081E+03     1.890E+00
