4        n fe55 fe56                       taly      1.11960E+01      
1.00E-03     6.637E+07     1.000E+01
2.00E-03     5.820E+07     1.000E+01
3.00E-03     5.003E+07     1.000E+01
4.00E-03     4.186E+07     1.000E+01
5.00E-03     3.370E+07     1.000E+01
6.00E-03     3.194E+07     1.000E+01
7.00E-03     3.018E+07     1.000E+01
8.00E-03     2.842E+07     1.000E+01
9.00E-03     2.667E+07     1.000E+01
1.00E-02     2.491E+07     1.000E+01
1.10E-02     2.463E+07     1.000E+01
1.20E-02     2.434E+07     1.000E+01
1.30E-02     2.406E+07     1.000E+01
1.40E-02     2.378E+07     1.000E+01
1.50E-02     2.350E+07     1.000E+01
1.60E-02     2.321E+07     1.000E+01
1.80E-02     2.265E+07     1.000E+01
2.00E-02     2.208E+07     1.000E+01
2.50E-02     2.067E+07     1.000E+01
3.00E-02     1.925E+07     1.000E+01
4.00E-02     1.642E+07     1.000E+01
5.00E-02     1.360E+07     1.000E+01
6.00E-02     1.310E+07     1.000E+01
7.00E-02     1.260E+07     1.000E+01
8.00E-02     1.211E+07     1.000E+01
9.00E-02     1.161E+07     1.000E+01
1.00E-01     1.112E+07     1.000E+01
1.10E-01     1.091E+07     1.000E+01
1.20E-01     1.069E+07     1.000E+01
1.30E-01     1.048E+07     1.000E+01
1.40E-01     1.027E+07     1.000E+01
1.50E-01     1.006E+07     1.000E+01
1.60E-01     9.940E+06     1.000E+01
1.80E-01     9.704E+06     1.000E+01
2.00E-01     9.467E+06     1.000E+01
2.50E-01     9.089E+06     1.000E+01
3.00E-01     8.820E+06     1.000E+01
3.50E-01     8.631E+06     1.000E+01
4.00E-01     8.441E+06     1.000E+01
4.50E-01     8.304E+06     1.000E+01
5.00E-01     8.167E+06     1.000E+01
6.00E-01     7.951E+06     1.000E+01
7.00E-01     7.775E+06     1.000E+01
8.00E-01     7.625E+06     1.000E+01
9.00E-01     7.496E+06     1.000E+01
1.00E+00     7.382E+06     1.000E+01
1.25E+00     7.164E+06     1.000E+01
1.50E+00     6.947E+06     1.000E+01
1.75E+00     6.790E+06     1.000E+01
2.00E+00     6.634E+06     1.000E+01
2.50E+00     6.378E+06     1.000E+01
3.00E+00     6.147E+06     1.000E+01
3.50E+00     5.916E+06     1.000E+01
4.00E+00     5.654E+06     1.000E+01
5.00E+00     4.880E+06     1.000E+01
6.00E+00     3.702E+06     1.000E+01
7.00E+00     2.499E+06     1.000E+01
8.00E+00     1.622E+06     1.000E+01
9.00E+00     1.077E+06     1.000E+01
1.00E+01     7.488E+05     1.000E+01
