4      he4 fe48 ni52                       taly      7.48300E+00      
1.00E-03     0.000E+00     1.000E+00
2.00E-03     0.000E+00     1.000E+00
3.00E-03     0.000E+00     1.000E+00
4.00E-03     0.000E+00     1.000E+00
5.00E-03     0.000E+00     1.000E+00
6.00E-03     0.000E+00     1.000E+00
7.00E-03     0.000E+00     1.000E+00
8.00E-03     0.000E+00     1.000E+00
9.00E-03     0.000E+00     1.000E+00
1.00E-02     0.000E+00     1.000E+00
1.10E-02     0.000E+00     1.000E+00
1.20E-02     0.000E+00     1.000E+00
1.30E-02     0.000E+00     1.000E+00
1.40E-02     0.000E+00     1.000E+00
1.50E-02     0.000E+00     1.000E+00
1.60E-02     0.000E+00     1.000E+00
1.80E-02     0.000E+00     1.000E+00
2.00E-02     0.000E+00     1.000E+00
2.50E-02     0.000E+00     1.000E+00
3.00E-02     0.000E+00     1.000E+00
4.00E-02     0.000E+00     1.000E+00
5.00E-02     0.000E+00     1.000E+00
6.00E-02     0.000E+00     1.000E+00
7.00E-02     0.000E+00     1.000E+00
8.00E-02     0.000E+00     1.000E+00
9.00E-02     0.000E+00     1.000E+00
1.00E-01     0.000E+00     1.000E+00
1.10E-01     0.000E+00     1.000E+00
1.20E-01     0.000E+00     1.000E+00
1.30E-01     0.000E+00     1.000E+00
1.40E-01     0.000E+00     1.000E+00
1.50E-01     0.000E+00     1.000E+00
1.60E-01     3.382E-89     1.000E+01
1.80E-01     3.868E-68     1.000E+01
2.00E-01     4.424E-47     1.000E+01
2.50E-01     3.128E-41     1.000E+01
3.00E-01     3.021E-37     1.000E+01
3.50E-01     1.419E-34     1.000E+01
4.00E-01     6.662E-32     1.000E+01
4.50E-01     4.561E-30     1.000E+01
5.00E-01     3.122E-28     1.000E+01
6.00E-01     1.876E-25     1.000E+01
7.00E-01     3.022E-23     1.000E+01
8.00E-01     1.954E-21     1.000E+01
9.00E-01     6.501E-20     1.000E+01
1.00E+00     1.311E-18     1.000E+01
1.25E+00     2.367E-16     1.000E+01
1.50E+00     4.276E-14     1.000E+01
1.75E+00     9.716E-13     1.000E+01
2.00E+00     2.207E-11     1.000E+01
2.50E+00     1.599E-09     1.000E+01
3.00E+00     3.794E-08     1.000E+01
3.50E+00     4.393E-07     1.000E+01
4.00E+00     3.106E-06     1.000E+01
5.00E+00     5.846E-05     1.000E+01
6.00E+00     4.780E-04     1.000E+01
7.00E+00     2.312E-03     1.000E+01
8.00E+00     7.841E-03     1.000E+01
9.00E+00     2.063E-02     1.000E+01
1.00E+01     4.490E-02     1.000E+01
