4      he4 fe53 ni57                       taly      7.56100E+00      
1.00E-03     0.000E+00     1.000E+00
2.00E-03     0.000E+00     1.000E+00
3.00E-03     0.000E+00     1.000E+00
4.00E-03     0.000E+00     1.000E+00
5.00E-03     0.000E+00     1.000E+00
6.00E-03     0.000E+00     1.000E+00
7.00E-03     0.000E+00     1.000E+00
8.00E-03     0.000E+00     1.000E+00
9.00E-03     0.000E+00     1.000E+00
1.00E-02     0.000E+00     1.000E+00
1.10E-02     0.000E+00     1.000E+00
1.20E-02     0.000E+00     1.000E+00
1.30E-02     0.000E+00     1.000E+00
1.40E-02     0.000E+00     1.000E+00
1.50E-02     0.000E+00     1.000E+00
1.60E-02     0.000E+00     1.000E+00
1.80E-02     0.000E+00     1.000E+00
2.00E-02     0.000E+00     1.000E+00
2.50E-02     0.000E+00     1.000E+00
3.00E-02     0.000E+00     1.000E+00
4.00E-02     0.000E+00     1.000E+00
5.00E-02     0.000E+00     1.000E+00
6.00E-02     0.000E+00     1.000E+00
7.00E-02     0.000E+00     1.000E+00
8.00E-02     0.000E+00     1.000E+00
9.00E-02     0.000E+00     1.000E+00
1.00E-01     0.000E+00     1.000E+00
1.10E-01     0.000E+00     1.000E+00
1.20E-01     0.000E+00     1.000E+00
1.30E-01     0.000E+00     1.000E+00
1.40E-01     0.000E+00     1.000E+00
1.50E-01     0.000E+00     1.000E+00
1.60E-01     2.062E-88     1.000E+01
1.80E-01     8.771E-66     1.000E+01
2.00E-01     3.730E-43     1.000E+01
2.50E-01     1.307E-37     1.000E+01
3.00E-01     8.792E-34     1.000E+01
3.50E-01     3.335E-31     1.000E+01
4.00E-01     1.265E-28     1.000E+01
4.50E-01     6.799E-27     1.000E+01
5.00E-01     3.654E-25     1.000E+01
6.00E-01     1.388E-22     1.000E+01
7.00E-01     1.545E-20     1.000E+01
8.00E-01     7.425E-19     1.000E+01
9.00E-01     1.931E-17     1.000E+01
1.00E+00     3.146E-16     1.000E+01
1.25E+00     4.091E-14     1.000E+01
1.50E+00     5.321E-12     1.000E+01
1.75E+00     1.166E-10     1.000E+01
2.00E+00     2.554E-09     1.000E+01
2.50E+00     2.207E-07     1.000E+01
3.00E+00     6.853E-06     1.000E+01
3.50E+00     1.074E-04     1.000E+01
4.00E+00     1.022E-03     1.000E+01
5.00E+00     3.102E-02     1.000E+01
6.00E+00     3.218E-01     1.000E+01
7.00E+00     1.525E+00     1.000E+01
8.00E+00     4.215E+00     1.000E+01
9.00E+00     8.365E+00     1.000E+01
1.00E+01     1.364E+01     1.000E+01
