4        p fe53 co54                       taly      4.35100E+00      
1.00E-03     0.000E+00     1.000E+00
2.00E-03     0.000E+00     1.000E+00
3.00E-03     0.000E+00     1.000E+00
4.00E-03     0.000E+00     1.000E+00
5.00E-03     0.000E+00     1.000E+00
6.00E-03     0.000E+00     1.000E+00
7.00E-03     0.000E+00     1.000E+00
8.00E-03     0.000E+00     1.000E+00
9.00E-03     0.000E+00     1.000E+00
1.00E-02     0.000E+00     1.000E+00
1.10E-02     6.369E-98     1.000E+01
1.20E-02     4.057E-96     1.000E+01
1.30E-02     2.584E-94     1.000E+01
1.40E-02     1.646E-92     1.000E+01
1.50E-02     1.048E-90     1.000E+01
1.60E-02     6.675E-89     1.000E+01
1.80E-02     2.708E-85     1.000E+01
2.00E-02     1.098E-81     1.000E+01
2.50E-02     1.151E-72     1.000E+01
3.00E-02     1.207E-63     1.000E+01
4.00E-02     1.325E-45     1.000E+01
5.00E-02     1.456E-27     1.000E+01
6.00E-02     8.980E-26     1.000E+01
7.00E-02     5.539E-24     1.000E+01
8.00E-02     3.416E-22     1.000E+01
9.00E-02     2.107E-20     1.000E+01
1.00E-01     1.300E-18     1.000E+01
1.10E-01     9.255E-18     1.000E+01
1.20E-01     6.590E-17     1.000E+01
1.30E-01     4.693E-16     1.000E+01
1.40E-01     3.342E-15     1.000E+01
1.50E-01     2.379E-14     1.000E+01
1.60E-01     8.177E-14     1.000E+01
1.80E-01     9.658E-13     1.000E+01
2.00E-01     1.141E-11     1.000E+01
2.50E-01     9.084E-10     1.000E+01
3.00E-01     2.528E-08     1.000E+01
3.50E-01     2.777E-07     1.000E+01
4.00E-01     3.051E-06     1.000E+01
4.50E-01     1.599E-05     1.000E+01
5.00E-01     8.383E-05     1.000E+01
6.00E-01     9.506E-04     1.000E+01
7.00E-01     6.076E-03     1.000E+01
8.00E-01     2.628E-02     1.000E+01
9.00E-01     8.620E-02     1.000E+01
1.00E+00     2.309E-01     1.000E+01
1.25E+00     1.142E+00     1.000E+01
1.50E+00     5.649E+00     1.000E+01
1.75E+00     1.384E+01     1.000E+01
2.00E+00     3.392E+01     1.000E+01
2.50E+00     1.089E+02     1.000E+01
3.00E+00     2.490E+02     1.000E+01
3.50E+00     4.628E+02     1.000E+01
4.00E+00     7.490E+02     1.000E+01
5.00E+00     1.478E+03     1.000E+01
6.00E+00     2.157E+03     1.000E+01
7.00E+00     2.408E+03     1.000E+01
8.00E+00     2.233E+03     1.000E+01
9.00E+00     1.910E+03     1.000E+01
1.00E+01     1.612E+03     1.000E+01
