5      he4 fe52    p co55                  taly      8.33000E-01      
1.00E-03     0.000E+00     1.000E+00
2.00E-03     0.000E+00     1.000E+00
3.00E-03     0.000E+00     1.000E+00
4.00E-03     0.000E+00     1.000E+00
5.00E-03     0.000E+00     1.000E+00
6.00E-03     0.000E+00     1.000E+00
7.00E-03     0.000E+00     1.000E+00
8.00E-03     0.000E+00     1.000E+00
9.00E-03     0.000E+00     1.000E+00
1.00E-02     0.000E+00     1.000E+00
1.10E-02     0.000E+00     1.000E+00
1.20E-02     0.000E+00     1.000E+00
1.30E-02     0.000E+00     1.000E+00
1.40E-02     0.000E+00     1.000E+00
1.50E-02     0.000E+00     1.000E+00
1.60E-02     0.000E+00     1.000E+00
1.80E-02     0.000E+00     1.000E+00
2.00E-02     0.000E+00     1.000E+00
2.50E-02     0.000E+00     1.000E+00
3.00E-02     0.000E+00     1.000E+00
4.00E-02     0.000E+00     1.000E+00
5.00E-02     0.000E+00     1.000E+00
6.00E-02     0.000E+00     1.000E+00
7.00E-02     0.000E+00     1.000E+00
8.00E-02     0.000E+00     1.000E+00
9.00E-02     0.000E+00     1.000E+00
1.00E-01     0.000E+00     1.000E+00
1.10E-01     0.000E+00     1.000E+00
1.20E-01     0.000E+00     1.000E+00
1.30E-01     0.000E+00     1.000E+00
1.40E-01     0.000E+00     1.000E+00
1.50E-01     0.000E+00     1.000E+00
1.60E-01     1.447E-88     1.000E+01
1.80E-01     3.029E-66     1.000E+01
2.00E-01     6.341E-44     1.000E+01
2.50E-01     5.046E-38     1.000E+01
3.00E-01     5.760E-34     1.000E+01
3.50E-01     3.315E-31     1.000E+01
4.00E-01     1.908E-28     1.000E+01
4.50E-01     1.570E-26     1.000E+01
5.00E-01     1.292E-24     1.000E+01
6.00E-01     1.055E-21     1.000E+01
7.00E-01     2.215E-19     1.000E+01
8.00E-01     1.814E-17     1.000E+01
9.00E-01     7.497E-16     1.000E+01
1.00E+00     1.847E-14     1.000E+01
1.25E+00     5.051E-12     1.000E+01
1.50E+00     1.382E-09     1.000E+01
1.75E+00     4.432E-08     1.000E+01
2.00E+00     1.422E-06     1.000E+01
2.50E+00     1.805E-04     1.000E+01
3.00E+00     6.816E-03     1.000E+01
3.50E+00     1.177E-01     1.000E+01
4.00E+00     1.177E+00     1.000E+01
5.00E+00     3.868E+01     1.000E+01
6.00E+00     4.740E+02     1.000E+01
7.00E+00     3.034E+03     1.000E+01
8.00E+00     1.205E+04     1.000E+01
9.00E+00     3.230E+04     1.000E+01
1.00E+01     6.177E+04     1.000E+01
