4        p fe54 co55                       taly      5.06400E+00      
1.00E-03     0.000E+00     1.000E+00
2.00E-03     0.000E+00     1.000E+00
3.00E-03     0.000E+00     1.000E+00
4.00E-03     0.000E+00     1.000E+00
5.00E-03     0.000E+00     1.000E+00
6.00E-03     0.000E+00     1.000E+00
7.00E-03     0.000E+00     1.000E+00
8.00E-03     0.000E+00     1.000E+00
9.00E-03     0.000E+00     1.000E+00
1.00E-02     0.000E+00     1.000E+00
1.10E-02     6.344E-98     1.000E+01
1.20E-02     4.024E-96     1.000E+01
1.30E-02     2.553E-94     1.000E+01
1.40E-02     1.619E-92     1.000E+01
1.50E-02     1.027E-90     1.000E+01
1.60E-02     6.517E-89     1.000E+01
1.80E-02     2.623E-85     1.000E+01
2.00E-02     1.055E-81     1.000E+01
2.50E-02     1.084E-72     1.000E+01
3.00E-02     1.114E-63     1.000E+01
4.00E-02     1.176E-45     1.000E+01
5.00E-02     1.241E-27     1.000E+01
6.00E-02     7.661E-26     1.000E+01
7.00E-02     4.729E-24     1.000E+01
8.00E-02     2.919E-22     1.000E+01
9.00E-02     1.802E-20     1.000E+01
1.00E-01     1.112E-18     1.000E+01
1.10E-01     7.923E-18     1.000E+01
1.20E-01     5.644E-17     1.000E+01
1.30E-01     4.021E-16     1.000E+01
1.40E-01     2.864E-15     1.000E+01
1.50E-01     2.040E-14     1.000E+01
1.60E-01     7.015E-14     1.000E+01
1.80E-01     8.291E-13     1.000E+01
2.00E-01     9.800E-12     1.000E+01
2.50E-01     7.823E-10     1.000E+01
3.00E-01     2.186E-08     1.000E+01
3.50E-01     2.426E-07     1.000E+01
4.00E-01     2.692E-06     1.000E+01
4.50E-01     1.437E-05     1.000E+01
5.00E-01     7.672E-05     1.000E+01
6.00E-01     9.092E-04     1.000E+01
7.00E-01     6.084E-03     1.000E+01
8.00E-01     2.753E-02     1.000E+01
9.00E-01     9.431E-02     1.000E+01
1.00E+00     2.633E-01     1.000E+01
1.25E+00     1.427E+00     1.000E+01
1.50E+00     7.734E+00     1.000E+01
1.75E+00     2.045E+01     1.000E+01
2.00E+00     5.405E+01     1.000E+01
2.50E+00     1.990E+02     1.000E+01
3.00E+00     5.178E+02     1.000E+01
3.50E+00     1.089E+03     1.000E+01
4.00E+00     1.983E+03     1.000E+01
5.00E+00     4.857E+03     1.000E+01
6.00E+00     8.521E+03     1.000E+01
7.00E+00     1.062E+04     1.000E+01
8.00E+00     9.859E+03     1.000E+01
9.00E+00     7.841E+03     1.000E+01
1.00E+01     5.997E+03     1.000E+01
