5      he4 fe53    p co56                  taly      2.29000E-01      
1.00E-03     0.000E+00     1.000E+00
2.00E-03     0.000E+00     1.000E+00
3.00E-03     0.000E+00     1.000E+00
4.00E-03     0.000E+00     1.000E+00
5.00E-03     0.000E+00     1.000E+00
6.00E-03     0.000E+00     1.000E+00
7.00E-03     0.000E+00     1.000E+00
8.00E-03     0.000E+00     1.000E+00
9.00E-03     0.000E+00     1.000E+00
1.00E-02     0.000E+00     1.000E+00
1.10E-02     0.000E+00     1.000E+00
1.20E-02     0.000E+00     1.000E+00
1.30E-02     0.000E+00     1.000E+00
1.40E-02     0.000E+00     1.000E+00
1.50E-02     0.000E+00     1.000E+00
1.60E-02     0.000E+00     1.000E+00
1.80E-02     0.000E+00     1.000E+00
2.00E-02     0.000E+00     1.000E+00
2.50E-02     0.000E+00     1.000E+00
3.00E-02     0.000E+00     1.000E+00
4.00E-02     0.000E+00     1.000E+00
5.00E-02     0.000E+00     1.000E+00
6.00E-02     0.000E+00     1.000E+00
7.00E-02     0.000E+00     1.000E+00
8.00E-02     0.000E+00     1.000E+00
9.00E-02     0.000E+00     1.000E+00
1.00E-01     0.000E+00     1.000E+00
1.10E-01     0.000E+00     1.000E+00
1.20E-01     0.000E+00     1.000E+00
1.30E-01     0.000E+00     1.000E+00
1.40E-01     0.000E+00     1.000E+00
1.50E-01     0.000E+00     1.000E+00
1.60E-01     1.906E-88     1.000E+01
1.80E-01     6.926E-66     1.000E+01
2.00E-01     2.517E-43     1.000E+01
2.50E-01     1.035E-37     1.000E+01
3.00E-01     9.434E-34     1.000E+01
3.50E-01     5.645E-31     1.000E+01
4.00E-01     3.378E-28     1.000E+01
4.50E-01     2.905E-26     1.000E+01
5.00E-01     2.498E-24     1.000E+01
6.00E-01     2.018E-21     1.000E+01
7.00E-01     4.028E-19     1.000E+01
8.00E-01     3.110E-17     1.000E+01
9.00E-01     1.204E-15     1.000E+01
1.00E+00     2.754E-14     1.000E+01
1.25E+00     6.421E-12     1.000E+01
1.50E+00     1.497E-09     1.000E+01
1.75E+00     4.434E-08     1.000E+01
2.00E+00     1.313E-06     1.000E+01
2.50E+00     1.555E-04     1.000E+01
3.00E+00     5.755E-03     1.000E+01
3.50E+00     9.971E-02     1.000E+01
4.00E+00     1.007E+00     1.000E+01
5.00E+00     3.300E+01     1.000E+01
6.00E+00     3.682E+02     1.000E+01
7.00E+00     1.898E+03     1.000E+01
8.00E+00     5.747E+03     1.000E+01
9.00E+00     1.249E+04     1.000E+01
1.00E+01     2.218E+04     1.000E+01
