4      he4 fe56 ni60                       taly      6.29200E+00      
1.00E-03     0.000E+00     1.000E+00
2.00E-03     0.000E+00     1.000E+00
3.00E-03     0.000E+00     1.000E+00
4.00E-03     0.000E+00     1.000E+00
5.00E-03     0.000E+00     1.000E+00
6.00E-03     0.000E+00     1.000E+00
7.00E-03     0.000E+00     1.000E+00
8.00E-03     0.000E+00     1.000E+00
9.00E-03     0.000E+00     1.000E+00
1.00E-02     0.000E+00     1.000E+00
1.10E-02     0.000E+00     1.000E+00
1.20E-02     0.000E+00     1.000E+00
1.30E-02     0.000E+00     1.000E+00
1.40E-02     0.000E+00     1.000E+00
1.50E-02     0.000E+00     1.000E+00
1.60E-02     0.000E+00     1.000E+00
1.80E-02     0.000E+00     1.000E+00
2.00E-02     0.000E+00     1.000E+00
2.50E-02     0.000E+00     1.000E+00
3.00E-02     0.000E+00     1.000E+00
4.00E-02     0.000E+00     1.000E+00
5.00E-02     0.000E+00     1.000E+00
6.00E-02     0.000E+00     1.000E+00
7.00E-02     0.000E+00     1.000E+00
8.00E-02     0.000E+00     1.000E+00
9.00E-02     0.000E+00     1.000E+00
1.00E-01     0.000E+00     1.000E+00
1.10E-01     0.000E+00     1.000E+00
1.20E-01     0.000E+00     1.000E+00
1.30E-01     0.000E+00     1.000E+00
1.40E-01     0.000E+00     1.000E+00
1.50E-01     0.000E+00     1.000E+00
1.60E-01     1.456E-88     1.000E+01
1.80E-01     3.086E-66     1.000E+01
2.00E-01     6.542E-44     1.000E+01
2.50E-01     5.250E-38     1.000E+01
3.00E-01     5.941E-34     1.000E+01
3.50E-01     3.342E-31     1.000E+01
4.00E-01     1.880E-28     1.000E+01
4.50E-01     1.510E-26     1.000E+01
5.00E-01     1.213E-24     1.000E+01
6.00E-01     9.558E-22     1.000E+01
7.00E-01     1.949E-19     1.000E+01
8.00E-01     1.557E-17     1.000E+01
9.00E-01     6.307E-16     1.000E+01
1.00E+00     1.532E-14     1.000E+01
1.25E+00     4.207E-12     1.000E+01
1.50E+00     1.156E-09     1.000E+01
1.75E+00     3.631E-08     1.000E+01
2.00E+00     1.141E-06     1.000E+01
2.50E+00     1.078E-04     1.000E+01
3.00E+00     2.449E-03     1.000E+01
3.50E+00     2.289E-02     1.000E+01
4.00E+00     1.203E-01     1.000E+01
5.00E+00     1.164E+00     1.000E+01
6.00E+00     4.848E+00     1.000E+01
7.00E+00     1.195E+01     1.000E+01
8.00E+00     2.113E+01     1.000E+01
9.00E+00     3.138E+01     1.000E+01
1.00E+01     4.282E+01     1.000E+01
