4        p fe56 co57                       taly      6.02800E+00      
1.00E-03     0.000E+00     1.000E+00
2.00E-03     0.000E+00     1.000E+00
3.00E-03     0.000E+00     1.000E+00
4.00E-03     0.000E+00     1.000E+00
5.00E-03     0.000E+00     1.000E+00
6.00E-03     0.000E+00     1.000E+00
7.00E-03     0.000E+00     1.000E+00
8.00E-03     0.000E+00     1.000E+00
9.00E-03     0.000E+00     1.000E+00
1.00E-02     0.000E+00     1.000E+00
1.10E-02     6.372E-98     1.000E+01
1.20E-02     4.060E-96     1.000E+01
1.30E-02     2.587E-94     1.000E+01
1.40E-02     1.648E-92     1.000E+01
1.50E-02     1.050E-90     1.000E+01
1.60E-02     6.693E-89     1.000E+01
1.80E-02     2.717E-85     1.000E+01
2.00E-02     1.103E-81     1.000E+01
2.50E-02     1.159E-72     1.000E+01
3.00E-02     1.217E-63     1.000E+01
4.00E-02     1.343E-45     1.000E+01
5.00E-02     1.482E-27     1.000E+01
6.00E-02     8.974E-26     1.000E+01
7.00E-02     5.435E-24     1.000E+01
8.00E-02     3.291E-22     1.000E+01
9.00E-02     1.993E-20     1.000E+01
1.00E-01     1.207E-18     1.000E+01
1.10E-01     8.619E-18     1.000E+01
1.20E-01     6.154E-17     1.000E+01
1.30E-01     4.395E-16     1.000E+01
1.40E-01     3.138E-15     1.000E+01
1.50E-01     2.241E-14     1.000E+01
1.60E-01     7.720E-14     1.000E+01
1.80E-01     9.161E-13     1.000E+01
2.00E-01     1.087E-11     1.000E+01
2.50E-01     8.757E-10     1.000E+01
3.00E-01     2.472E-08     1.000E+01
3.50E-01     2.796E-07     1.000E+01
4.00E-01     3.162E-06     1.000E+01
4.50E-01     1.752E-05     1.000E+01
5.00E-01     9.708E-05     1.000E+01
6.00E-01     1.285E-03     1.000E+01
7.00E-01     9.776E-03     1.000E+01
8.00E-01     5.038E-02     1.000E+01
9.00E-01     1.950E-01     1.000E+01
1.00E+00     6.076E-01     1.000E+01
1.25E+00     3.981E+00     1.000E+01
1.50E+00     2.608E+01     1.000E+01
1.75E+00     7.637E+01     1.000E+01
2.00E+00     2.236E+02     1.000E+01
2.50E+00     9.305E+02     1.000E+01
3.00E+00     2.617E+03     1.000E+01
3.50E+00     5.790E+03     1.000E+01
4.00E+00     1.090E+04     1.000E+01
5.00E+00     2.760E+04     1.000E+01
6.00E+00     4.886E+04     1.000E+01
7.00E+00     6.177E+04     1.000E+01
8.00E+00     5.964E+04     1.000E+01
9.00E+00     4.988E+04     1.000E+01
1.00E+01     3.990E+04     1.000E+01
