5      he4 fe49    p co52                  taly      4.37500E+00      
1.00E-03     0.000E+00     1.000E+00
2.00E-03     0.000E+00     1.000E+00
3.00E-03     0.000E+00     1.000E+00
4.00E-03     0.000E+00     1.000E+00
5.00E-03     0.000E+00     1.000E+00
6.00E-03     0.000E+00     1.000E+00
7.00E-03     0.000E+00     1.000E+00
8.00E-03     0.000E+00     1.000E+00
9.00E-03     0.000E+00     1.000E+00
1.00E-02     0.000E+00     1.000E+00
1.10E-02     0.000E+00     1.000E+00
1.20E-02     0.000E+00     1.000E+00
1.30E-02     0.000E+00     1.000E+00
1.40E-02     0.000E+00     1.000E+00
1.50E-02     0.000E+00     1.000E+00
1.60E-02     0.000E+00     1.000E+00
1.80E-02     0.000E+00     1.000E+00
2.00E-02     0.000E+00     1.000E+00
2.50E-02     0.000E+00     1.000E+00
3.00E-02     0.000E+00     1.000E+00
4.00E-02     0.000E+00     1.000E+00
5.00E-02     0.000E+00     1.000E+00
6.00E-02     0.000E+00     1.000E+00
7.00E-02     0.000E+00     1.000E+00
8.00E-02     0.000E+00     1.000E+00
9.00E-02     0.000E+00     1.000E+00
1.00E-01     0.000E+00     1.000E+00
1.10E-01     0.000E+00     1.000E+00
1.20E-01     0.000E+00     1.000E+00
1.30E-01     0.000E+00     1.000E+00
1.40E-01     0.000E+00     1.000E+00
1.50E-01     0.000E+00     1.000E+00
1.60E-01     1.292E-88     1.000E+01
1.80E-01     2.156E-66     1.000E+01
2.00E-01     3.599E-44     1.000E+01
2.50E-01     3.479E-38     1.000E+01
3.00E-01     4.256E-34     1.000E+01
3.50E-01     2.343E-31     1.000E+01
4.00E-01     1.290E-28     1.000E+01
4.50E-01     9.611E-27     1.000E+01
5.00E-01     7.159E-25     1.000E+01
6.00E-01     4.813E-22     1.000E+01
7.00E-01     8.488E-20     1.000E+01
8.00E-01     5.901E-18     1.000E+01
9.00E-01     2.079E-16     1.000E+01
1.00E+00     4.397E-15     1.000E+01
1.25E+00     8.995E-13     1.000E+01
1.50E+00     1.840E-10     1.000E+01
1.75E+00     4.909E-09     1.000E+01
2.00E+00     1.310E-07     1.000E+01
2.50E+00     1.256E-05     1.000E+01
3.00E+00     3.696E-04     1.000E+01
3.50E+00     5.057E-03     1.000E+01
4.00E+00     4.071E-02     1.000E+01
5.00E+00     8.946E-01     1.000E+01
6.00E+00     7.175E+00     1.000E+01
7.00E+00     2.781E+01     1.000E+01
8.00E+00     6.511E+01     1.000E+01
9.00E+00     1.117E+02     1.000E+01
1.00E+01     1.595E+02     1.000E+01
