5      he4 fe48    p co51                  taly      4.06200E+00      
1.00E-03     0.000E+00     1.000E+00
2.00E-03     0.000E+00     1.000E+00
3.00E-03     0.000E+00     1.000E+00
4.00E-03     0.000E+00     1.000E+00
5.00E-03     0.000E+00     1.000E+00
6.00E-03     0.000E+00     1.000E+00
7.00E-03     0.000E+00     1.000E+00
8.00E-03     0.000E+00     1.000E+00
9.00E-03     0.000E+00     1.000E+00
1.00E-02     0.000E+00     1.000E+00
1.10E-02     0.000E+00     1.000E+00
1.20E-02     0.000E+00     1.000E+00
1.30E-02     0.000E+00     1.000E+00
1.40E-02     0.000E+00     1.000E+00
1.50E-02     0.000E+00     1.000E+00
1.60E-02     0.000E+00     1.000E+00
1.80E-02     0.000E+00     1.000E+00
2.00E-02     0.000E+00     1.000E+00
2.50E-02     0.000E+00     1.000E+00
3.00E-02     0.000E+00     1.000E+00
4.00E-02     0.000E+00     1.000E+00
5.00E-02     0.000E+00     1.000E+00
6.00E-02     0.000E+00     1.000E+00
7.00E-02     0.000E+00     1.000E+00
8.00E-02     0.000E+00     1.000E+00
9.00E-02     0.000E+00     1.000E+00
1.00E-01     0.000E+00     1.000E+00
1.10E-01     0.000E+00     1.000E+00
1.20E-01     0.000E+00     1.000E+00
1.30E-01     0.000E+00     1.000E+00
1.40E-01     0.000E+00     1.000E+00
1.50E-01     0.000E+00     1.000E+00
1.60E-01     1.393E-88     1.000E+01
1.80E-01     2.706E-66     1.000E+01
2.00E-01     5.253E-44     1.000E+01
2.50E-01     4.013E-38     1.000E+01
3.00E-01     4.318E-34     1.000E+01
3.50E-01     2.229E-31     1.000E+01
4.00E-01     1.151E-28     1.000E+01
4.50E-01     8.255E-27     1.000E+01
5.00E-01     5.921E-25     1.000E+01
6.00E-01     3.732E-22     1.000E+01
7.00E-01     6.179E-20     1.000E+01
8.00E-01     4.052E-18     1.000E+01
9.00E-01     1.355E-16     1.000E+01
1.00E+00     2.727E-15     1.000E+01
1.25E+00     4.755E-13     1.000E+01
1.50E+00     8.290E-11     1.000E+01
1.75E+00     1.773E-09     1.000E+01
2.00E+00     3.794E-08     1.000E+01
2.50E+00     2.395E-06     1.000E+01
3.00E+00     4.971E-05     1.000E+01
3.50E+00     5.114E-04     1.000E+01
4.00E+00     3.271E-03     1.000E+01
5.00E+00     5.258E-02     1.000E+01
6.00E+00     3.804E-01     1.000E+01
7.00E+00     1.661E+00     1.000E+01
8.00E+00     5.143E+00     1.000E+01
9.00E+00     1.246E+01     1.000E+01
1.00E+01     2.511E+01     1.000E+01
