5        n fe50    p mn50                  taly      8.92000E+00      
1.00E-03     2.191E+09     1.000E+01
2.00E-03     2.193E+09     1.000E+01
3.00E-03     2.195E+09     1.000E+01
4.00E-03     2.197E+09     1.000E+01
5.00E-03     2.200E+09     1.000E+01
6.00E-03     2.178E+09     1.000E+01
7.00E-03     2.157E+09     1.000E+01
8.00E-03     2.136E+09     1.000E+01
9.00E-03     2.115E+09     1.000E+01
1.00E-02     2.095E+09     1.000E+01
1.10E-02     2.089E+09     1.000E+01
1.20E-02     2.084E+09     1.000E+01
1.30E-02     2.079E+09     1.000E+01
1.40E-02     2.074E+09     1.000E+01
1.50E-02     2.069E+09     1.000E+01
1.60E-02     2.063E+09     1.000E+01
1.80E-02     2.053E+09     1.000E+01
2.00E-02     2.043E+09     1.000E+01
2.50E-02     2.018E+09     1.000E+01
3.00E-02     1.993E+09     1.000E+01
4.00E-02     1.943E+09     1.000E+01
5.00E-02     1.896E+09     1.000E+01
6.00E-02     1.873E+09     1.000E+01
7.00E-02     1.850E+09     1.000E+01
8.00E-02     1.828E+09     1.000E+01
9.00E-02     1.806E+09     1.000E+01
1.00E-01     1.784E+09     1.000E+01
1.10E-01     1.769E+09     1.000E+01
1.20E-01     1.754E+09     1.000E+01
1.30E-01     1.739E+09     1.000E+01
1.40E-01     1.725E+09     1.000E+01
1.50E-01     1.710E+09     1.000E+01
1.60E-01     1.699E+09     1.000E+01
1.80E-01     1.678E+09     1.000E+01
2.00E-01     1.657E+09     1.000E+01
2.50E-01     1.617E+09     1.000E+01
3.00E-01     1.583E+09     1.000E+01
3.50E-01     1.554E+09     1.000E+01
4.00E-01     1.526E+09     1.000E+01
4.50E-01     1.502E+09     1.000E+01
5.00E-01     1.478E+09     1.000E+01
6.00E-01     1.437E+09     1.000E+01
7.00E-01     1.403E+09     1.000E+01
8.00E-01     1.374E+09     1.000E+01
9.00E-01     1.349E+09     1.000E+01
1.00E+00     1.327E+09     1.000E+01
1.25E+00     1.291E+09     1.000E+01
1.50E+00     1.257E+09     1.000E+01
1.75E+00     1.237E+09     1.000E+01
2.00E+00     1.218E+09     1.000E+01
2.50E+00     1.190E+09     1.000E+01
3.00E+00     1.165E+09     1.000E+01
3.50E+00     1.141E+09     1.000E+01
4.00E+00     1.117E+09     1.000E+01
5.00E+00     1.069E+09     1.000E+01
6.00E+00     1.018E+09     1.000E+01
7.00E+00     9.585E+08     1.000E+01
8.00E+00     8.675E+08     1.000E+01
9.00E+00     6.999E+08     1.000E+01
1.00E+01     4.610E+08     1.000E+01
