4        n fe52 fe53                       taly      1.06860E+01      
1.00E-03     1.346E+07     1.000E+01
2.00E-03     1.219E+07     1.000E+01
3.00E-03     1.093E+07     1.000E+01
4.00E-03     9.671E+06     1.000E+01
5.00E-03     8.410E+06     1.000E+01
6.00E-03     8.044E+06     1.000E+01
7.00E-03     7.678E+06     1.000E+01
8.00E-03     7.313E+06     1.000E+01
9.00E-03     6.947E+06     1.000E+01
1.00E-02     6.581E+06     1.000E+01
1.10E-02     6.508E+06     1.000E+01
1.20E-02     6.434E+06     1.000E+01
1.30E-02     6.361E+06     1.000E+01
1.40E-02     6.288E+06     1.000E+01
1.50E-02     6.215E+06     1.000E+01
1.60E-02     6.141E+06     1.000E+01
1.80E-02     5.995E+06     1.000E+01
2.00E-02     5.848E+06     1.000E+01
2.50E-02     5.482E+06     1.000E+01
3.00E-02     5.115E+06     1.000E+01
4.00E-02     4.382E+06     1.000E+01
5.00E-02     3.649E+06     1.000E+01
6.00E-02     3.491E+06     1.000E+01
7.00E-02     3.332E+06     1.000E+01
8.00E-02     3.174E+06     1.000E+01
9.00E-02     3.016E+06     1.000E+01
1.00E-01     2.857E+06     1.000E+01
1.10E-01     2.785E+06     1.000E+01
1.20E-01     2.714E+06     1.000E+01
1.30E-01     2.642E+06     1.000E+01
1.40E-01     2.570E+06     1.000E+01
1.50E-01     2.498E+06     1.000E+01
1.60E-01     2.457E+06     1.000E+01
1.80E-01     2.374E+06     1.000E+01
2.00E-01     2.291E+06     1.000E+01
2.50E-01     2.157E+06     1.000E+01
3.00E-01     2.064E+06     1.000E+01
3.50E-01     2.002E+06     1.000E+01
4.00E-01     1.941E+06     1.000E+01
4.50E-01     1.904E+06     1.000E+01
5.00E-01     1.866E+06     1.000E+01
6.00E-01     1.819E+06     1.000E+01
7.00E-01     1.789E+06     1.000E+01
8.00E-01     1.771E+06     1.000E+01
9.00E-01     1.762E+06     1.000E+01
1.00E+00     1.758E+06     1.000E+01
1.25E+00     1.773E+06     1.000E+01
1.50E+00     1.788E+06     1.000E+01
1.75E+00     1.813E+06     1.000E+01
2.00E+00     1.838E+06     1.000E+01
2.50E+00     1.874E+06     1.000E+01
3.00E+00     1.888E+06     1.000E+01
3.50E+00     1.886E+06     1.000E+01
4.00E+00     1.874E+06     1.000E+01
5.00E+00     1.835E+06     1.000E+01
6.00E+00     1.783E+06     1.000E+01
7.00E+00     1.703E+06     1.000E+01
8.00E+00     1.553E+06     1.000E+01
9.00E+00     1.300E+06     1.000E+01
1.00E+01     9.752E+05     1.000E+01
