4        n fe49 fe50                       taly      1.78090E+01      
1.00E-03     8.675E+03     1.000E+01
2.00E-03     8.686E+03     1.000E+01
3.00E-03     8.696E+03     1.000E+01
4.00E-03     8.707E+03     1.000E+01
5.00E-03     8.718E+03     1.000E+01
6.00E-03     8.635E+03     1.000E+01
7.00E-03     8.553E+03     1.000E+01
8.00E-03     8.470E+03     1.000E+01
9.00E-03     8.388E+03     1.000E+01
1.00E-02     8.306E+03     1.000E+01
1.10E-02     8.286E+03     1.000E+01
1.20E-02     8.266E+03     1.000E+01
1.30E-02     8.247E+03     1.000E+01
1.40E-02     8.227E+03     1.000E+01
1.50E-02     8.207E+03     1.000E+01
1.60E-02     8.187E+03     1.000E+01
1.80E-02     8.148E+03     1.000E+01
2.00E-02     8.108E+03     1.000E+01
2.50E-02     8.010E+03     1.000E+01
3.00E-02     7.911E+03     1.000E+01
4.00E-02     7.714E+03     1.000E+01
5.00E-02     7.517E+03     1.000E+01
6.00E-02     7.425E+03     1.000E+01
7.00E-02     7.333E+03     1.000E+01
8.00E-02     7.241E+03     1.000E+01
9.00E-02     7.149E+03     1.000E+01
1.00E-01     7.057E+03     1.000E+01
1.10E-01     6.995E+03     1.000E+01
1.20E-01     6.932E+03     1.000E+01
1.30E-01     6.870E+03     1.000E+01
1.40E-01     6.807E+03     1.000E+01
1.50E-01     6.745E+03     1.000E+01
1.60E-01     6.700E+03     1.000E+01
1.80E-01     6.611E+03     1.000E+01
2.00E-01     6.522E+03     1.000E+01
2.50E-01     6.352E+03     1.000E+01
3.00E-01     6.215E+03     1.000E+01
3.50E-01     6.104E+03     1.000E+01
4.00E-01     5.994E+03     1.000E+01
4.50E-01     5.906E+03     1.000E+01
5.00E-01     5.818E+03     1.000E+01
6.00E-01     5.674E+03     1.000E+01
7.00E-01     5.553E+03     1.000E+01
8.00E-01     5.449E+03     1.000E+01
9.00E-01     5.359E+03     1.000E+01
1.00E+00     5.278E+03     1.000E+01
1.25E+00     5.125E+03     1.000E+01
1.50E+00     4.971E+03     1.000E+01
1.75E+00     4.868E+03     1.000E+01
2.00E+00     4.764E+03     1.000E+01
2.50E+00     4.618E+03     1.000E+01
3.00E+00     4.519E+03     1.000E+01
3.50E+00     4.498E+03     1.000E+01
4.00E+00     4.646E+03     1.000E+01
5.00E+00     6.011E+03     1.000E+01
6.00E+00     9.074E+03     1.000E+01
7.00E+00     1.203E+04     1.000E+01
8.00E+00     1.290E+04     1.000E+01
9.00E+00     1.195E+04     1.000E+01
1.00E+01     1.024E+04     1.000E+01
