4        n fe48 fe49                       taly      1.44060E+01      
1.00E-03     4.867E+04     1.000E+01
2.00E-03     4.873E+04     1.000E+01
3.00E-03     4.879E+04     1.000E+01
4.00E-03     4.885E+04     1.000E+01
5.00E-03     4.891E+04     1.000E+01
6.00E-03     4.845E+04     1.000E+01
7.00E-03     4.799E+04     1.000E+01
8.00E-03     4.753E+04     1.000E+01
9.00E-03     4.707E+04     1.000E+01
1.00E-02     4.661E+04     1.000E+01
1.10E-02     4.650E+04     1.000E+01
1.20E-02     4.639E+04     1.000E+01
1.30E-02     4.628E+04     1.000E+01
1.40E-02     4.618E+04     1.000E+01
1.50E-02     4.607E+04     1.000E+01
1.60E-02     4.596E+04     1.000E+01
1.80E-02     4.574E+04     1.000E+01
2.00E-02     4.552E+04     1.000E+01
2.50E-02     4.498E+04     1.000E+01
3.00E-02     4.443E+04     1.000E+01
4.00E-02     4.335E+04     1.000E+01
5.00E-02     4.226E+04     1.000E+01
6.00E-02     4.176E+04     1.000E+01
7.00E-02     4.126E+04     1.000E+01
8.00E-02     4.076E+04     1.000E+01
9.00E-02     4.026E+04     1.000E+01
1.00E-01     3.976E+04     1.000E+01
1.10E-01     3.942E+04     1.000E+01
1.20E-01     3.908E+04     1.000E+01
1.30E-01     3.874E+04     1.000E+01
1.40E-01     3.840E+04     1.000E+01
1.50E-01     3.807E+04     1.000E+01
1.60E-01     3.782E+04     1.000E+01
1.80E-01     3.733E+04     1.000E+01
2.00E-01     3.683E+04     1.000E+01
2.50E-01     3.586E+04     1.000E+01
3.00E-01     3.503E+04     1.000E+01
3.50E-01     3.432E+04     1.000E+01
4.00E-01     3.361E+04     1.000E+01
4.50E-01     3.300E+04     1.000E+01
5.00E-01     3.238E+04     1.000E+01
6.00E-01     3.131E+04     1.000E+01
7.00E-01     3.035E+04     1.000E+01
8.00E-01     2.945E+04     1.000E+01
9.00E-01     2.855E+04     1.000E+01
1.00E+00     2.758E+04     1.000E+01
1.25E+00     2.440E+04     1.000E+01
1.50E+00     2.121E+04     1.000E+01
1.75E+00     1.804E+04     1.000E+01
2.00E+00     1.486E+04     1.000E+01
2.50E+00     1.088E+04     1.000E+01
3.00E+00     8.511E+03     1.000E+01
3.50E+00     6.953E+03     1.000E+01
4.00E+00     5.827E+03     1.000E+01
5.00E+00     4.299E+03     1.000E+01
6.00E+00     3.319E+03     1.000E+01
7.00E+00     2.646E+03     1.000E+01
8.00E+00     2.154E+03     1.000E+01
9.00E+00     1.777E+03     1.000E+01
1.00E+01     1.474E+03     1.000E+01
