4      he4 fe52 ni56                       taly      8.00000E+00      
1.00E-03     0.000E+00     1.000E+00
2.00E-03     0.000E+00     1.000E+00
3.00E-03     0.000E+00     1.000E+00
4.00E-03     0.000E+00     1.000E+00
5.00E-03     0.000E+00     1.000E+00
6.00E-03     0.000E+00     1.000E+00
7.00E-03     0.000E+00     1.000E+00
8.00E-03     0.000E+00     1.000E+00
9.00E-03     0.000E+00     1.000E+00
1.00E-02     0.000E+00     1.000E+00
1.10E-02     0.000E+00     1.000E+00
1.20E-02     0.000E+00     1.000E+00
1.30E-02     0.000E+00     1.000E+00
1.40E-02     0.000E+00     1.000E+00
1.50E-02     0.000E+00     1.000E+00
1.60E-02     0.000E+00     1.000E+00
1.80E-02     0.000E+00     1.000E+00
2.00E-02     0.000E+00     1.000E+00
2.50E-02     0.000E+00     1.000E+00
3.00E-02     0.000E+00     1.000E+00
4.00E-02     0.000E+00     1.000E+00
5.00E-02     0.000E+00     1.000E+00
6.00E-02     0.000E+00     1.000E+00
7.00E-02     0.000E+00     1.000E+00
8.00E-02     0.000E+00     1.000E+00
9.00E-02     0.000E+00     1.000E+00
1.00E-01     0.000E+00     1.000E+00
1.10E-01     0.000E+00     1.000E+00
1.20E-01     0.000E+00     1.000E+00
1.30E-01     0.000E+00     1.000E+00
1.40E-01     0.000E+00     1.000E+00
1.50E-01     0.000E+00     1.000E+00
1.60E-01     9.309E-89     1.000E+01
1.80E-01     8.068E-67     1.000E+01
2.00E-01     6.992E-45     1.000E+01
2.50E-01     5.129E-39     1.000E+01
3.00E-01     5.081E-35     1.000E+01
3.50E-01     2.368E-32     1.000E+01
4.00E-01     1.104E-29     1.000E+01
4.50E-01     7.244E-28     1.000E+01
5.00E-01     4.755E-26     1.000E+01
6.00E-01     2.589E-23     1.000E+01
7.00E-01     3.775E-21     1.000E+01
8.00E-01     2.187E-19     1.000E+01
9.00E-01     6.348E-18     1.000E+01
1.00E+00     1.076E-16     1.000E+01
1.25E+00     1.119E-14     1.000E+01
1.50E+00     1.165E-12     1.000E+01
1.75E+00     1.988E-11     1.000E+01
2.00E+00     3.393E-10     1.000E+01
2.50E+00     2.323E-08     1.000E+01
3.00E+00     5.851E-07     1.000E+01
3.50E+00     7.308E-06     1.000E+01
4.00E+00     5.576E-05     1.000E+01
5.00E+00     1.203E-03     1.000E+01
6.00E+00     1.088E-02     1.000E+01
7.00E+00     5.563E-02     1.000E+01
8.00E+00     1.866E-01     1.000E+01
9.00E+00     4.390E-01     1.000E+01
1.00E+01     7.587E-01     1.000E+01
