4      he4 fe51 ni55                       taly      7.55800E+00      
1.00E-03     0.000E+00     1.000E+00
2.00E-03     0.000E+00     1.000E+00
3.00E-03     0.000E+00     1.000E+00
4.00E-03     0.000E+00     1.000E+00
5.00E-03     0.000E+00     1.000E+00
6.00E-03     0.000E+00     1.000E+00
7.00E-03     0.000E+00     1.000E+00
8.00E-03     0.000E+00     1.000E+00
9.00E-03     0.000E+00     1.000E+00
1.00E-02     0.000E+00     1.000E+00
1.10E-02     0.000E+00     1.000E+00
1.20E-02     0.000E+00     1.000E+00
1.30E-02     0.000E+00     1.000E+00
1.40E-02     0.000E+00     1.000E+00
1.50E-02     0.000E+00     1.000E+00
1.60E-02     0.000E+00     1.000E+00
1.80E-02     0.000E+00     1.000E+00
2.00E-02     0.000E+00     1.000E+00
2.50E-02     0.000E+00     1.000E+00
3.00E-02     0.000E+00     1.000E+00
4.00E-02     0.000E+00     1.000E+00
5.00E-02     0.000E+00     1.000E+00
6.00E-02     0.000E+00     1.000E+00
7.00E-02     0.000E+00     1.000E+00
8.00E-02     0.000E+00     1.000E+00
9.00E-02     0.000E+00     1.000E+00
1.00E-01     0.000E+00     1.000E+00
1.10E-01     0.000E+00     1.000E+00
1.20E-01     0.000E+00     1.000E+00
1.30E-01     0.000E+00     1.000E+00
1.40E-01     0.000E+00     1.000E+00
1.50E-01     0.000E+00     1.000E+00
1.60E-01     4.114E-89     1.000E+01
1.80E-01     6.964E-68     1.000E+01
2.00E-01     1.179E-46     1.000E+01
2.50E-01     8.672E-41     1.000E+01
3.00E-01     8.530E-37     1.000E+01
3.50E-01     3.868E-34     1.000E+01
4.00E-01     1.754E-31     1.000E+01
4.50E-01     1.153E-29     1.000E+01
5.00E-01     7.585E-28     1.000E+01
6.00E-01     4.443E-25     1.000E+01
7.00E-01     7.175E-23     1.000E+01
8.00E-01     4.715E-21     1.000E+01
9.00E-01     1.609E-19     1.000E+01
1.00E+00     3.345E-18     1.000E+01
1.25E+00     6.832E-16     1.000E+01
1.50E+00     1.395E-13     1.000E+01
1.75E+00     3.769E-12     1.000E+01
2.00E+00     1.018E-10     1.000E+01
2.50E+00     1.015E-08     1.000E+01
3.00E+00     3.180E-07     1.000E+01
3.50E+00     4.750E-06     1.000E+01
4.00E+00     4.255E-05     1.000E+01
5.00E+00     1.206E-03     1.000E+01
6.00E+00     1.350E-02     1.000E+01
7.00E+00     8.256E-02     1.000E+01
8.00E+00     3.339E-01     1.000E+01
9.00E+00     1.003E+00     1.000E+01
1.00E+01     2.379E+00     1.000E+01
