5      he4 fe50    p co53                  taly      3.30600E+00      
1.00E-03     0.000E+00     1.000E+00
2.00E-03     0.000E+00     1.000E+00
3.00E-03     0.000E+00     1.000E+00
4.00E-03     0.000E+00     1.000E+00
5.00E-03     0.000E+00     1.000E+00
6.00E-03     0.000E+00     1.000E+00
7.00E-03     0.000E+00     1.000E+00
8.00E-03     0.000E+00     1.000E+00
9.00E-03     0.000E+00     1.000E+00
1.00E-02     0.000E+00     1.000E+00
1.10E-02     0.000E+00     1.000E+00
1.20E-02     0.000E+00     1.000E+00
1.30E-02     0.000E+00     1.000E+00
1.40E-02     0.000E+00     1.000E+00
1.50E-02     0.000E+00     1.000E+00
1.60E-02     0.000E+00     1.000E+00
1.80E-02     0.000E+00     1.000E+00
2.00E-02     0.000E+00     1.000E+00
2.50E-02     0.000E+00     1.000E+00
3.00E-02     0.000E+00     1.000E+00
4.00E-02     0.000E+00     1.000E+00
5.00E-02     0.000E+00     1.000E+00
6.00E-02     0.000E+00     1.000E+00
7.00E-02     0.000E+00     1.000E+00
8.00E-02     0.000E+00     1.000E+00
9.00E-02     0.000E+00     1.000E+00
1.00E-01     0.000E+00     1.000E+00
1.10E-01     0.000E+00     1.000E+00
1.20E-01     0.000E+00     1.000E+00
1.30E-01     0.000E+00     1.000E+00
1.40E-01     0.000E+00     1.000E+00
1.50E-01     0.000E+00     1.000E+00
1.60E-01     1.336E-88     1.000E+01
1.80E-01     2.386E-66     1.000E+01
2.00E-01     4.260E-44     1.000E+01
2.50E-01     4.193E-38     1.000E+01
3.00E-01     5.261E-34     1.000E+01
3.50E-01     3.026E-31     1.000E+01
4.00E-01     1.740E-28     1.000E+01
4.50E-01     1.383E-26     1.000E+01
5.00E-01     1.099E-24     1.000E+01
6.00E-01     8.440E-22     1.000E+01
7.00E-01     1.683E-19     1.000E+01
8.00E-01     1.314E-17     1.000E+01
9.00E-01     5.187E-16     1.000E+01
1.00E+00     1.223E-14     1.000E+01
1.25E+00     2.985E-12     1.000E+01
1.50E+00     7.290E-10     1.000E+01
1.75E+00     1.957E-08     1.000E+01
2.00E+00     5.253E-07     1.000E+01
2.50E+00     4.340E-05     1.000E+01
3.00E+00     1.070E-03     1.000E+01
3.50E+00     1.252E-02     1.000E+01
4.00E+00     8.923E-02     1.000E+01
5.00E+00     1.728E+00     1.000E+01
6.00E+00     1.462E+01     1.000E+01
7.00E+00     7.241E+01     1.000E+01
8.00E+00     2.412E+02     1.000E+01
9.00E+00     5.554E+02     1.000E+01
1.00E+01     8.662E+02     1.000E+01
