5        n ga66  he4 cu63                  taly      7.50100E+00      
1.00E-03     1.842E+07     1.000E+01
2.00E-03     1.840E+07     1.000E+01
3.00E-03     1.839E+07     1.000E+01
4.00E-03     1.837E+07     1.000E+01
5.00E-03     1.835E+07     1.000E+01
6.00E-03     1.817E+07     1.000E+01
7.00E-03     1.799E+07     1.000E+01
8.00E-03     1.782E+07     1.000E+01
9.00E-03     1.764E+07     1.000E+01
1.00E-02     1.747E+07     1.000E+01
1.10E-02     1.745E+07     1.000E+01
1.20E-02     1.742E+07     1.000E+01
1.30E-02     1.739E+07     1.000E+01
1.40E-02     1.737E+07     1.000E+01
1.50E-02     1.734E+07     1.000E+01
1.60E-02     1.732E+07     1.000E+01
1.80E-02     1.727E+07     1.000E+01
2.00E-02     1.722E+07     1.000E+01
2.50E-02     1.709E+07     1.000E+01
3.00E-02     1.696E+07     1.000E+01
4.00E-02     1.671E+07     1.000E+01
5.00E-02     1.647E+07     1.000E+01
6.00E-02     1.648E+07     1.000E+01
7.00E-02     1.650E+07     1.000E+01
8.00E-02     1.652E+07     1.000E+01
9.00E-02     1.654E+07     1.000E+01
1.00E-01     1.656E+07     1.000E+01
1.10E-01     1.663E+07     1.000E+01
1.20E-01     1.669E+07     1.000E+01
1.30E-01     1.676E+07     1.000E+01
1.40E-01     1.683E+07     1.000E+01
1.50E-01     1.690E+07     1.000E+01
1.60E-01     1.699E+07     1.000E+01
1.80E-01     1.715E+07     1.000E+01
2.00E-01     1.732E+07     1.000E+01
2.50E-01     1.769E+07     1.000E+01
3.00E-01     1.798E+07     1.000E+01
3.50E-01     1.824E+07     1.000E+01
4.00E-01     1.851E+07     1.000E+01
4.50E-01     1.880E+07     1.000E+01
5.00E-01     1.909E+07     1.000E+01
6.00E-01     1.974E+07     1.000E+01
7.00E-01     2.042E+07     1.000E+01
8.00E-01     2.110E+07     1.000E+01
9.00E-01     2.176E+07     1.000E+01
1.00E+00     2.239E+07     1.000E+01
1.25E+00     2.298E+07     1.000E+01
1.50E+00     2.360E+07     1.000E+01
1.75E+00     2.089E+07     1.000E+01
2.00E+00     1.849E+07     1.000E+01
2.50E+00     1.173E+07     1.000E+01
3.00E+00     7.648E+06     1.000E+01
3.50E+00     5.569E+06     1.000E+01
4.00E+00     4.522E+06     1.000E+01
5.00E+00     3.820E+06     1.000E+01
6.00E+00     3.985E+06     1.000E+01
7.00E+00     4.636E+06     1.000E+01
8.00E+00     5.652E+06     1.000E+01
9.00E+00     6.954E+06     1.000E+01
1.00E+01     8.430E+06     1.000E+01
