4      he4 ga60 as64                       taly      2.29300E+00      
1.00E-03     0.000E+00     1.000E+00
2.00E-03     0.000E+00     1.000E+00
3.00E-03     0.000E+00     1.000E+00
4.00E-03     0.000E+00     1.000E+00
5.00E-03     0.000E+00     1.000E+00
6.00E-03     0.000E+00     1.000E+00
7.00E-03     0.000E+00     1.000E+00
8.00E-03     0.000E+00     1.000E+00
9.00E-03     0.000E+00     1.000E+00
1.00E-02     0.000E+00     1.000E+00
1.10E-02     0.000E+00     1.000E+00
1.20E-02     0.000E+00     1.000E+00
1.30E-02     0.000E+00     1.000E+00
1.40E-02     0.000E+00     1.000E+00
1.50E-02     0.000E+00     1.000E+00
1.60E-02     0.000E+00     1.000E+00
1.80E-02     0.000E+00     1.000E+00
2.00E-02     0.000E+00     1.000E+00
2.50E-02     0.000E+00     1.000E+00
3.00E-02     0.000E+00     1.000E+00
4.00E-02     0.000E+00     1.000E+00
5.00E-02     0.000E+00     1.000E+00
6.00E-02     0.000E+00     1.000E+00
7.00E-02     0.000E+00     1.000E+00
8.00E-02     0.000E+00     1.000E+00
9.00E-02     0.000E+00     1.000E+00
1.00E-01     0.000E+00     1.000E+00
1.10E-01     0.000E+00     1.000E+00
1.20E-01     0.000E+00     1.000E+00
1.30E-01     0.000E+00     1.000E+00
1.40E-01     0.000E+00     1.000E+00
1.50E-01     0.000E+00     1.000E+00
1.60E-01     0.000E+00     1.000E+00
1.80E-01     0.000E+00     1.000E+00
2.00E-01     0.000E+00     1.000E+00
2.50E-01     7.022E-50     1.000E+01
3.00E-01     1.095E-44     1.000E+01
3.50E-01     2.134E-41     1.000E+01
4.00E-01     4.158E-38     1.000E+01
4.50E-01     5.287E-36     1.000E+01
5.00E-01     6.724E-34     1.000E+01
6.00E-01     9.122E-31     1.000E+01
7.00E-01     2.700E-28     1.000E+01
8.00E-01     2.584E-26     1.000E+01
9.00E-01     1.057E-24     1.000E+01
1.00E+00     2.338E-23     1.000E+01
1.25E+00     4.826E-21     1.000E+01
1.50E+00     9.964E-19     1.000E+01
1.75E+00     3.094E-17     1.000E+01
2.00E+00     9.609E-16     1.000E+01
2.50E+00     1.373E-13     1.000E+01
3.00E+00     6.103E-12     1.000E+01
3.50E+00     1.261E-10     1.000E+01
4.00E+00     1.510E-09     1.000E+01
5.00E+00     6.900E-08     1.000E+01
6.00E+00     1.122E-06     1.000E+01
7.00E+00     9.252E-06     1.000E+01
8.00E+00     4.772E-05     1.000E+01
9.00E+00     1.754E-04     1.000E+01
1.00E+01     4.994E-04     1.000E+01
