4      he4 ga62 as66                       taly      2.46400E+00      
1.00E-03     0.000E+00     1.000E+00
2.00E-03     0.000E+00     1.000E+00
3.00E-03     0.000E+00     1.000E+00
4.00E-03     0.000E+00     1.000E+00
5.00E-03     0.000E+00     1.000E+00
6.00E-03     0.000E+00     1.000E+00
7.00E-03     0.000E+00     1.000E+00
8.00E-03     0.000E+00     1.000E+00
9.00E-03     0.000E+00     1.000E+00
1.00E-02     0.000E+00     1.000E+00
1.10E-02     0.000E+00     1.000E+00
1.20E-02     0.000E+00     1.000E+00
1.30E-02     0.000E+00     1.000E+00
1.40E-02     0.000E+00     1.000E+00
1.50E-02     0.000E+00     1.000E+00
1.60E-02     0.000E+00     1.000E+00
1.80E-02     0.000E+00     1.000E+00
2.00E-02     0.000E+00     1.000E+00
2.50E-02     0.000E+00     1.000E+00
3.00E-02     0.000E+00     1.000E+00
4.00E-02     0.000E+00     1.000E+00
5.00E-02     0.000E+00     1.000E+00
6.00E-02     0.000E+00     1.000E+00
7.00E-02     0.000E+00     1.000E+00
8.00E-02     0.000E+00     1.000E+00
9.00E-02     0.000E+00     1.000E+00
1.00E-01     0.000E+00     1.000E+00
1.10E-01     0.000E+00     1.000E+00
1.20E-01     0.000E+00     1.000E+00
1.30E-01     0.000E+00     1.000E+00
1.40E-01     0.000E+00     1.000E+00
1.50E-01     0.000E+00     1.000E+00
1.60E-01     0.000E+00     1.000E+00
1.80E-01     0.000E+00     1.000E+00
2.00E-01     0.000E+00     1.000E+00
2.50E-01     2.074E-45     1.000E+01
3.00E-01     2.610E-40     1.000E+01
3.50E-01     4.211E-37     1.000E+01
4.00E-01     6.793E-34     1.000E+01
4.50E-01     6.431E-32     1.000E+01
5.00E-01     6.088E-30     1.000E+01
6.00E-01     3.586E-27     1.000E+01
7.00E-01     4.731E-25     1.000E+01
8.00E-01     2.481E-23     1.000E+01
9.00E-01     6.928E-22     1.000E+01
1.00E+00     1.217E-20     1.000E+01
1.25E+00     1.970E-18     1.000E+01
1.50E+00     3.188E-16     1.000E+01
1.75E+00     8.017E-15     1.000E+01
2.00E+00     2.016E-13     1.000E+01
2.50E+00     2.000E-11     1.000E+01
3.00E+00     6.475E-10     1.000E+01
3.50E+00     9.982E-09     1.000E+01
4.00E+00     9.268E-08     1.000E+01
5.00E+00     2.927E-06     1.000E+01
6.00E+00     3.423E-05     1.000E+01
7.00E+00     1.448E-04     1.000E+01
8.00E+00     2.707E-04     1.000E+01
9.00E+00     3.799E-04     1.000E+01
1.00E+01     5.184E-04     1.000E+01
