5        p ga62  he4 zn59                  taly      9.30000E-02      
1.00E-03     0.000E+00     1.000E+00
2.00E-03     0.000E+00     1.000E+00
3.00E-03     0.000E+00     1.000E+00
4.00E-03     0.000E+00     1.000E+00
5.00E-03     0.000E+00     1.000E+00
6.00E-03     0.000E+00     1.000E+00
7.00E-03     0.000E+00     1.000E+00
8.00E-03     0.000E+00     1.000E+00
9.00E-03     0.000E+00     1.000E+00
1.00E-02     0.000E+00     1.000E+00
1.10E-02     3.550E-98     1.000E+01
1.20E-02     1.260E-96     1.000E+01
1.30E-02     4.473E-95     1.000E+01
1.40E-02     1.588E-93     1.000E+01
1.50E-02     5.637E-92     1.000E+01
1.60E-02     2.001E-90     1.000E+01
1.80E-02     2.521E-87     1.000E+01
2.00E-02     3.177E-84     1.000E+01
2.50E-02     1.791E-76     1.000E+01
3.00E-02     1.009E-68     1.000E+01
4.00E-02     3.207E-53     1.000E+01
5.00E-02     1.019E-37     1.000E+01
6.00E-02     6.813E-36     1.000E+01
7.00E-02     4.555E-34     1.000E+01
8.00E-02     3.046E-32     1.000E+01
9.00E-02     2.037E-30     1.000E+01
1.00E-01     1.362E-28     1.000E+01
1.10E-01     5.388E-28     1.000E+01
1.20E-01     2.132E-27     1.000E+01
1.30E-01     8.435E-27     1.000E+01
1.40E-01     3.337E-26     1.000E+01
1.50E-01     1.320E-25     1.000E+01
1.60E-01     2.603E-25     1.000E+01
1.80E-01     1.012E-24     1.000E+01
2.00E-01     3.936E-24     1.000E+01
2.50E-01     2.955E-23     1.000E+01
3.00E-01     1.120E-22     1.000E+01
3.50E-01     2.553E-22     1.000E+01
4.00E-01     5.820E-22     1.000E+01
4.50E-01     9.488E-22     1.000E+01
5.00E-01     1.547E-21     1.000E+01
6.00E-01     2.987E-21     1.000E+01
7.00E-01     1.567E-20     1.000E+01
8.00E-01     1.181E-18     1.000E+01
9.00E-01     5.954E-17     1.000E+01
1.00E+00     1.748E-15     1.000E+01
1.25E+00     7.223E-13     1.000E+01
1.50E+00     2.984E-10     1.000E+01
1.75E+00     1.263E-08     1.000E+01
2.00E+00     5.347E-07     1.000E+01
2.50E+00     8.500E-05     1.000E+01
3.00E+00     3.482E-03     1.000E+01
3.50E+00     6.268E-02     1.000E+01
4.00E+00     6.538E-01     1.000E+01
5.00E+00     2.413E+01     1.000E+01
6.00E+00     3.153E+02     1.000E+01
7.00E+00     1.497E+03     1.000E+01
8.00E+00     3.122E+03     1.000E+01
9.00E+00     4.649E+03     1.000E+01
1.00E+01     6.192E+03     1.000E+01
