4      he4 ga61 as65                       taly      2.22700E+00      
1.00E-03     0.000E+00     1.000E+00
2.00E-03     0.000E+00     1.000E+00
3.00E-03     0.000E+00     1.000E+00
4.00E-03     0.000E+00     1.000E+00
5.00E-03     0.000E+00     1.000E+00
6.00E-03     0.000E+00     1.000E+00
7.00E-03     0.000E+00     1.000E+00
8.00E-03     0.000E+00     1.000E+00
9.00E-03     0.000E+00     1.000E+00
1.00E-02     0.000E+00     1.000E+00
1.10E-02     0.000E+00     1.000E+00
1.20E-02     0.000E+00     1.000E+00
1.30E-02     0.000E+00     1.000E+00
1.40E-02     0.000E+00     1.000E+00
1.50E-02     0.000E+00     1.000E+00
1.60E-02     0.000E+00     1.000E+00
1.80E-02     0.000E+00     1.000E+00
2.00E-02     0.000E+00     1.000E+00
2.50E-02     0.000E+00     1.000E+00
3.00E-02     0.000E+00     1.000E+00
4.00E-02     0.000E+00     1.000E+00
5.00E-02     0.000E+00     1.000E+00
6.00E-02     0.000E+00     1.000E+00
7.00E-02     0.000E+00     1.000E+00
8.00E-02     0.000E+00     1.000E+00
9.00E-02     0.000E+00     1.000E+00
1.00E-01     0.000E+00     1.000E+00
1.10E-01     0.000E+00     1.000E+00
1.20E-01     0.000E+00     1.000E+00
1.30E-01     0.000E+00     1.000E+00
1.40E-01     0.000E+00     1.000E+00
1.50E-01     0.000E+00     1.000E+00
1.60E-01     0.000E+00     1.000E+00
1.80E-01     0.000E+00     1.000E+00
2.00E-01     0.000E+00     1.000E+00
2.50E-01     6.715E-50     1.000E+01
3.00E-01     1.005E-44     1.000E+01
3.50E-01     1.760E-41     1.000E+01
4.00E-01     3.081E-38     1.000E+01
4.50E-01     3.278E-36     1.000E+01
5.00E-01     3.488E-34     1.000E+01
6.00E-01     3.942E-31     1.000E+01
7.00E-01     1.287E-28     1.000E+01
8.00E-01     1.618E-26     1.000E+01
9.00E-01     9.721E-25     1.000E+01
1.00E+00     3.318E-23     1.000E+01
1.25E+00     1.674E-20     1.000E+01
1.50E+00     8.447E-18     1.000E+01
1.75E+00     3.977E-16     1.000E+01
2.00E+00     1.873E-14     1.000E+01
2.50E+00     3.486E-12     1.000E+01
3.00E+00     1.537E-10     1.000E+01
3.50E+00     2.777E-09     1.000E+01
4.00E+00     2.746E-08     1.000E+01
5.00E+00     7.057E-07     1.000E+01
6.00E+00     4.470E-06     1.000E+01
7.00E+00     1.380E-05     1.000E+01
8.00E+00     3.400E-05     1.000E+01
9.00E+00     7.742E-05     1.000E+01
1.00E+01     1.639E-04     1.000E+01
