5        n ga62    p zn62                  taly      9.96400E+00      
1.00E-03     8.129E+08     1.000E+01
2.00E-03     8.175E+08     1.000E+01
3.00E-03     8.221E+08     1.000E+01
4.00E-03     8.267E+08     1.000E+01
5.00E-03     8.314E+08     1.000E+01
6.00E-03     8.254E+08     1.000E+01
7.00E-03     8.195E+08     1.000E+01
8.00E-03     8.136E+08     1.000E+01
9.00E-03     8.077E+08     1.000E+01
1.00E-02     8.019E+08     1.000E+01
1.10E-02     8.011E+08     1.000E+01
1.20E-02     8.002E+08     1.000E+01
1.30E-02     7.994E+08     1.000E+01
1.40E-02     7.986E+08     1.000E+01
1.50E-02     7.977E+08     1.000E+01
1.60E-02     7.969E+08     1.000E+01
1.80E-02     7.953E+08     1.000E+01
2.00E-02     7.936E+08     1.000E+01
2.50E-02     7.895E+08     1.000E+01
3.00E-02     7.854E+08     1.000E+01
4.00E-02     7.773E+08     1.000E+01
5.00E-02     7.692E+08     1.000E+01
6.00E-02     7.665E+08     1.000E+01
7.00E-02     7.638E+08     1.000E+01
8.00E-02     7.610E+08     1.000E+01
9.00E-02     7.583E+08     1.000E+01
1.00E-01     7.556E+08     1.000E+01
1.10E-01     7.543E+08     1.000E+01
1.20E-01     7.531E+08     1.000E+01
1.30E-01     7.518E+08     1.000E+01
1.40E-01     7.505E+08     1.000E+01
1.50E-01     7.492E+08     1.000E+01
1.60E-01     7.489E+08     1.000E+01
1.80E-01     7.483E+08     1.000E+01
2.00E-01     7.476E+08     1.000E+01
2.50E-01     7.486E+08     1.000E+01
3.00E-01     7.503E+08     1.000E+01
3.50E-01     7.521E+08     1.000E+01
4.00E-01     7.539E+08     1.000E+01
4.50E-01     7.558E+08     1.000E+01
5.00E-01     7.576E+08     1.000E+01
6.00E-01     7.621E+08     1.000E+01
7.00E-01     7.676E+08     1.000E+01
8.00E-01     7.742E+08     1.000E+01
9.00E-01     7.818E+08     1.000E+01
1.00E+00     7.903E+08     1.000E+01
1.25E+00     8.153E+08     1.000E+01
1.50E+00     8.412E+08     1.000E+01
1.75E+00     8.686E+08     1.000E+01
2.00E+00     8.969E+08     1.000E+01
2.50E+00     9.480E+08     1.000E+01
3.00E+00     9.918E+08     1.000E+01
3.50E+00     1.029E+09     1.000E+01
4.00E+00     1.061E+09     1.000E+01
5.00E+00     1.101E+09     1.000E+01
6.00E+00     1.005E+09     1.000E+01
7.00E+00     5.914E+08     1.000E+01
8.00E+00     2.278E+08     1.000E+01
9.00E+00     8.548E+07     1.000E+01
1.00E+01     3.725E+07     1.000E+01
