5        p ga63  he4 zn60                  taly      2.49100E+00      
1.00E-03     0.000E+00     1.000E+00
2.00E-03     0.000E+00     1.000E+00
3.00E-03     0.000E+00     1.000E+00
4.00E-03     0.000E+00     1.000E+00
5.00E-03     0.000E+00     1.000E+00
6.00E-03     0.000E+00     1.000E+00
7.00E-03     0.000E+00     1.000E+00
8.00E-03     0.000E+00     1.000E+00
9.00E-03     0.000E+00     1.000E+00
1.00E-02     0.000E+00     1.000E+00
1.10E-02     3.550E-98     1.000E+01
1.20E-02     1.260E-96     1.000E+01
1.30E-02     4.472E-95     1.000E+01
1.40E-02     1.587E-93     1.000E+01
1.50E-02     5.634E-92     1.000E+01
1.60E-02     2.000E-90     1.000E+01
1.80E-02     2.520E-87     1.000E+01
2.00E-02     3.174E-84     1.000E+01
2.50E-02     1.789E-76     1.000E+01
3.00E-02     1.008E-68     1.000E+01
4.00E-02     3.199E-53     1.000E+01
5.00E-02     1.016E-37     1.000E+01
6.00E-02     7.015E-36     1.000E+01
7.00E-02     4.845E-34     1.000E+01
8.00E-02     3.347E-32     1.000E+01
9.00E-02     2.312E-30     1.000E+01
1.00E-01     1.597E-28     1.000E+01
1.10E-01     1.238E-27     1.000E+01
1.20E-01     9.597E-27     1.000E+01
1.30E-01     7.439E-26     1.000E+01
1.40E-01     5.767E-25     1.000E+01
1.50E-01     4.471E-24     1.000E+01
1.60E-01     2.057E-23     1.000E+01
1.80E-01     4.355E-22     1.000E+01
2.00E-01     9.222E-21     1.000E+01
2.50E-01     2.401E-18     1.000E+01
3.00E-01     1.821E-16     1.000E+01
3.50E-01     4.542E-15     1.000E+01
4.00E-01     1.133E-13     1.000E+01
4.50E-01     1.155E-12     1.000E+01
5.00E-01     1.177E-11     1.000E+01
6.00E-01     4.060E-10     1.000E+01
7.00E-01     6.748E-09     1.000E+01
8.00E-01     6.740E-08     1.000E+01
9.00E-01     4.630E-07     1.000E+01
1.00E+00     2.386E-06     1.000E+01
1.25E+00     3.896E-05     1.000E+01
1.50E+00     6.363E-04     1.000E+01
1.75E+00     3.564E-03     1.000E+01
2.00E+00     1.997E-02     1.000E+01
2.50E+00     2.580E-01     1.000E+01
3.00E+00     2.081E+00     1.000E+01
3.50E+00     1.226E+01     1.000E+01
4.00E+00     5.669E+01     1.000E+01
5.00E+00     6.896E+02     1.000E+01
6.00E+00     4.762E+03     1.000E+01
7.00E+00     2.199E+04     1.000E+01
8.00E+00     7.524E+04     1.000E+01
9.00E+00     1.919E+05     1.000E+01
1.00E+01     3.078E+05     1.000E+01
