5        n ga61    p zn61                  taly      9.99600E+00      
1.00E-03     8.438E+08     1.000E+01
2.00E-03     8.486E+08     1.000E+01
3.00E-03     8.534E+08     1.000E+01
4.00E-03     8.582E+08     1.000E+01
5.00E-03     8.631E+08     1.000E+01
6.00E-03     8.569E+08     1.000E+01
7.00E-03     8.507E+08     1.000E+01
8.00E-03     8.446E+08     1.000E+01
9.00E-03     8.385E+08     1.000E+01
1.00E-02     8.325E+08     1.000E+01
1.10E-02     8.316E+08     1.000E+01
1.20E-02     8.307E+08     1.000E+01
1.30E-02     8.299E+08     1.000E+01
1.40E-02     8.290E+08     1.000E+01
1.50E-02     8.281E+08     1.000E+01
1.60E-02     8.272E+08     1.000E+01
1.80E-02     8.255E+08     1.000E+01
2.00E-02     8.238E+08     1.000E+01
2.50E-02     8.194E+08     1.000E+01
3.00E-02     8.151E+08     1.000E+01
4.00E-02     8.066E+08     1.000E+01
5.00E-02     7.982E+08     1.000E+01
6.00E-02     7.952E+08     1.000E+01
7.00E-02     7.922E+08     1.000E+01
8.00E-02     7.893E+08     1.000E+01
9.00E-02     7.863E+08     1.000E+01
1.00E-01     7.834E+08     1.000E+01
1.10E-01     7.819E+08     1.000E+01
1.20E-01     7.804E+08     1.000E+01
1.30E-01     7.790E+08     1.000E+01
1.40E-01     7.775E+08     1.000E+01
1.50E-01     7.760E+08     1.000E+01
1.60E-01     7.755E+08     1.000E+01
1.80E-01     7.746E+08     1.000E+01
2.00E-01     7.736E+08     1.000E+01
2.50E-01     7.738E+08     1.000E+01
3.00E-01     7.747E+08     1.000E+01
3.50E-01     7.757E+08     1.000E+01
4.00E-01     7.767E+08     1.000E+01
4.50E-01     7.777E+08     1.000E+01
5.00E-01     7.787E+08     1.000E+01
6.00E-01     7.813E+08     1.000E+01
7.00E-01     7.849E+08     1.000E+01
8.00E-01     7.894E+08     1.000E+01
9.00E-01     7.948E+08     1.000E+01
1.00E+00     8.009E+08     1.000E+01
1.25E+00     8.195E+08     1.000E+01
1.50E+00     8.386E+08     1.000E+01
1.75E+00     8.594E+08     1.000E+01
2.00E+00     8.806E+08     1.000E+01
2.50E+00     9.206E+08     1.000E+01
3.00E+00     9.553E+08     1.000E+01
3.50E+00     9.795E+08     1.000E+01
4.00E+00     9.771E+08     1.000E+01
5.00E+00     7.617E+08     1.000E+01
6.00E+00     3.608E+08     1.000E+01
7.00E+00     1.398E+08     1.000E+01
8.00E+00     5.813E+07     1.000E+01
9.00E+00     2.725E+07     1.000E+01
1.00E+01     1.415E+07     1.000E+01
