4        n ga63 ga64                       taly      1.03570E+01      
1.00E-03     5.384E+05     1.000E+01
2.00E-03     5.416E+05     1.000E+01
3.00E-03     5.447E+05     1.000E+01
4.00E-03     5.479E+05     1.000E+01
5.00E-03     5.511E+05     1.000E+01
6.00E-03     5.473E+05     1.000E+01
7.00E-03     5.435E+05     1.000E+01
8.00E-03     5.397E+05     1.000E+01
9.00E-03     5.359E+05     1.000E+01
1.00E-02     5.321E+05     1.000E+01
1.10E-02     5.316E+05     1.000E+01
1.20E-02     5.312E+05     1.000E+01
1.30E-02     5.308E+05     1.000E+01
1.40E-02     5.304E+05     1.000E+01
1.50E-02     5.299E+05     1.000E+01
1.60E-02     5.295E+05     1.000E+01
1.80E-02     5.287E+05     1.000E+01
2.00E-02     5.278E+05     1.000E+01
2.50E-02     5.257E+05     1.000E+01
3.00E-02     5.236E+05     1.000E+01
4.00E-02     5.193E+05     1.000E+01
5.00E-02     5.151E+05     1.000E+01
6.00E-02     5.145E+05     1.000E+01
7.00E-02     5.138E+05     1.000E+01
8.00E-02     5.132E+05     1.000E+01
9.00E-02     5.126E+05     1.000E+01
1.00E-01     5.119E+05     1.000E+01
1.10E-01     5.123E+05     1.000E+01
1.20E-01     5.128E+05     1.000E+01
1.30E-01     5.132E+05     1.000E+01
1.40E-01     5.136E+05     1.000E+01
1.50E-01     5.140E+05     1.000E+01
1.60E-01     5.153E+05     1.000E+01
1.80E-01     5.179E+05     1.000E+01
2.00E-01     5.205E+05     1.000E+01
2.50E-01     5.290E+05     1.000E+01
3.00E-01     5.375E+05     1.000E+01
3.50E-01     5.451E+05     1.000E+01
4.00E-01     5.527E+05     1.000E+01
4.50E-01     5.595E+05     1.000E+01
5.00E-01     5.663E+05     1.000E+01
6.00E-01     5.794E+05     1.000E+01
7.00E-01     5.924E+05     1.000E+01
8.00E-01     6.054E+05     1.000E+01
9.00E-01     6.184E+05     1.000E+01
1.00E+00     6.313E+05     1.000E+01
1.25E+00     6.616E+05     1.000E+01
1.50E+00     6.920E+05     1.000E+01
1.75E+00     7.185E+05     1.000E+01
2.00E+00     7.449E+05     1.000E+01
2.50E+00     7.896E+05     1.000E+01
3.00E+00     8.266E+05     1.000E+01
3.50E+00     8.570E+05     1.000E+01
4.00E+00     8.819E+05     1.000E+01
5.00E+00     9.191E+05     1.000E+01
6.00E+00     9.439E+05     1.000E+01
7.00E+00     9.591E+05     1.000E+01
8.00E+00     9.564E+05     1.000E+01
9.00E+00     8.696E+05     1.000E+01
1.00E+01     5.747E+05     1.000E+01
