4        p ga62 ge63                       taly      2.22400E+00      
1.00E-03     0.000E+00     1.000E+00
2.00E-03     0.000E+00     1.000E+00
3.00E-03     0.000E+00     1.000E+00
4.00E-03     0.000E+00     1.000E+00
5.00E-03     0.000E+00     1.000E+00
6.00E-03     0.000E+00     1.000E+00
7.00E-03     0.000E+00     1.000E+00
8.00E-03     0.000E+00     1.000E+00
9.00E-03     0.000E+00     1.000E+00
1.00E-02     0.000E+00     1.000E+00
1.10E-02     4.661E-98     1.000E+01
1.20E-02     2.172E-96     1.000E+01
1.30E-02     1.012E-94     1.000E+01
1.40E-02     4.718E-93     1.000E+01
1.50E-02     2.199E-91     1.000E+01
1.60E-02     1.025E-89     1.000E+01
1.80E-02     2.226E-86     1.000E+01
2.00E-02     4.836E-83     1.000E+01
2.50E-02     1.063E-74     1.000E+01
3.00E-02     2.338E-66     1.000E+01
4.00E-02     1.131E-49     1.000E+01
5.00E-02     5.468E-33     1.000E+01
6.00E-02     7.083E-31     1.000E+01
7.00E-02     9.176E-29     1.000E+01
8.00E-02     1.189E-26     1.000E+01
9.00E-02     1.540E-24     1.000E+01
1.00E-01     1.995E-22     1.000E+01
1.10E-01     1.838E-21     1.000E+01
1.20E-01     1.694E-20     1.000E+01
1.30E-01     1.560E-19     1.000E+01
1.40E-01     1.438E-18     1.000E+01
1.50E-01     1.325E-17     1.000E+01
1.60E-01     5.357E-17     1.000E+01
1.80E-01     8.763E-16     1.000E+01
2.00E-01     1.433E-14     1.000E+01
2.50E-01     2.046E-12     1.000E+01
3.00E-01     8.943E-11     1.000E+01
3.50E-01     1.389E-09     1.000E+01
4.00E-01     2.159E-08     1.000E+01
4.50E-01     1.491E-07     1.000E+01
5.00E-01     1.029E-06     1.000E+01
6.00E-01     1.869E-05     1.000E+01
7.00E-01     1.799E-04     1.000E+01
8.00E-01     1.111E-03     1.000E+01
9.00E-01     4.964E-03     1.000E+01
1.00E+00     1.736E-02     1.000E+01
1.25E+00     1.336E-01     1.000E+01
1.50E+00     1.028E+00     1.000E+01
1.75E+00     3.154E+00     1.000E+01
2.00E+00     9.678E+00     1.000E+01
2.50E+00     3.984E+01     1.000E+01
3.00E+00     1.061E+02     1.000E+01
3.50E+00     2.197E+02     1.000E+01
4.00E+00     3.893E+02     1.000E+01
5.00E+00     9.172E+02     1.000E+01
6.00E+00     1.560E+03     1.000E+01
7.00E+00     1.535E+03     1.000E+01
8.00E+00     9.199E+02     1.000E+01
9.00E+00     5.062E+02     1.000E+01
1.00E+01     3.048E+02     1.000E+01
