4        n ga61 ga62                       taly      1.29220E+01      
1.00E-03     4.915E+04     1.000E+01
2.00E-03     4.943E+04     1.000E+01
3.00E-03     4.971E+04     1.000E+01
4.00E-03     4.999E+04     1.000E+01
5.00E-03     5.027E+04     1.000E+01
6.00E-03     4.992E+04     1.000E+01
7.00E-03     4.956E+04     1.000E+01
8.00E-03     4.920E+04     1.000E+01
9.00E-03     4.885E+04     1.000E+01
1.00E-02     4.849E+04     1.000E+01
1.10E-02     4.844E+04     1.000E+01
1.20E-02     4.839E+04     1.000E+01
1.30E-02     4.834E+04     1.000E+01
1.40E-02     4.829E+04     1.000E+01
1.50E-02     4.824E+04     1.000E+01
1.60E-02     4.819E+04     1.000E+01
1.80E-02     4.809E+04     1.000E+01
2.00E-02     4.799E+04     1.000E+01
2.50E-02     4.774E+04     1.000E+01
3.00E-02     4.749E+04     1.000E+01
4.00E-02     4.699E+04     1.000E+01
5.00E-02     4.649E+04     1.000E+01
6.00E-02     4.632E+04     1.000E+01
7.00E-02     4.614E+04     1.000E+01
8.00E-02     4.597E+04     1.000E+01
9.00E-02     4.580E+04     1.000E+01
1.00E-01     4.562E+04     1.000E+01
1.10E-01     4.554E+04     1.000E+01
1.20E-01     4.545E+04     1.000E+01
1.30E-01     4.536E+04     1.000E+01
1.40E-01     4.527E+04     1.000E+01
1.50E-01     4.519E+04     1.000E+01
1.60E-01     4.516E+04     1.000E+01
1.80E-01     4.510E+04     1.000E+01
2.00E-01     4.504E+04     1.000E+01
2.50E-01     4.505E+04     1.000E+01
3.00E-01     4.510E+04     1.000E+01
3.50E-01     4.515E+04     1.000E+01
4.00E-01     4.521E+04     1.000E+01
4.50E-01     4.527E+04     1.000E+01
5.00E-01     4.534E+04     1.000E+01
6.00E-01     4.552E+04     1.000E+01
7.00E-01     4.577E+04     1.000E+01
8.00E-01     4.611E+04     1.000E+01
9.00E-01     4.651E+04     1.000E+01
1.00E+00     4.697E+04     1.000E+01
1.25E+00     4.840E+04     1.000E+01
1.50E+00     4.984E+04     1.000E+01
1.75E+00     5.148E+04     1.000E+01
2.00E+00     5.313E+04     1.000E+01
2.50E+00     5.646E+04     1.000E+01
3.00E+00     5.962E+04     1.000E+01
3.50E+00     6.232E+04     1.000E+01
4.00E+00     6.347E+04     1.000E+01
5.00E+00     5.188E+04     1.000E+01
6.00E+00     2.605E+04     1.000E+01
7.00E+00     1.085E+04     1.000E+01
8.00E+00     4.913E+03     1.000E+01
9.00E+00     2.535E+03     1.000E+01
1.00E+01     1.457E+03     1.000E+01
