4        n ga62 ga63                       taly      1.26320E+01      
1.00E-03     5.554E+04     1.000E+01
2.00E-03     5.584E+04     1.000E+01
3.00E-03     5.614E+04     1.000E+01
4.00E-03     5.645E+04     1.000E+01
5.00E-03     5.675E+04     1.000E+01
6.00E-03     5.633E+04     1.000E+01
7.00E-03     5.592E+04     1.000E+01
8.00E-03     5.550E+04     1.000E+01
9.00E-03     5.509E+04     1.000E+01
1.00E-02     5.467E+04     1.000E+01
1.10E-02     5.461E+04     1.000E+01
1.20E-02     5.454E+04     1.000E+01
1.30E-02     5.447E+04     1.000E+01
1.40E-02     5.440E+04     1.000E+01
1.50E-02     5.433E+04     1.000E+01
1.60E-02     5.426E+04     1.000E+01
1.80E-02     5.413E+04     1.000E+01
2.00E-02     5.399E+04     1.000E+01
2.50E-02     5.365E+04     1.000E+01
3.00E-02     5.331E+04     1.000E+01
4.00E-02     5.262E+04     1.000E+01
5.00E-02     5.194E+04     1.000E+01
6.00E-02     5.163E+04     1.000E+01
7.00E-02     5.132E+04     1.000E+01
8.00E-02     5.101E+04     1.000E+01
9.00E-02     5.071E+04     1.000E+01
1.00E-01     5.040E+04     1.000E+01
1.10E-01     5.019E+04     1.000E+01
1.20E-01     4.998E+04     1.000E+01
1.30E-01     4.977E+04     1.000E+01
1.40E-01     4.955E+04     1.000E+01
1.50E-01     4.934E+04     1.000E+01
1.60E-01     4.920E+04     1.000E+01
1.80E-01     4.891E+04     1.000E+01
2.00E-01     4.862E+04     1.000E+01
2.50E-01     4.806E+04     1.000E+01
3.00E-01     4.758E+04     1.000E+01
3.50E-01     4.713E+04     1.000E+01
4.00E-01     4.667E+04     1.000E+01
4.50E-01     4.624E+04     1.000E+01
5.00E-01     4.582E+04     1.000E+01
6.00E-01     4.504E+04     1.000E+01
7.00E-01     4.435E+04     1.000E+01
8.00E-01     4.375E+04     1.000E+01
9.00E-01     4.321E+04     1.000E+01
1.00E+00     4.273E+04     1.000E+01
1.25E+00     4.166E+04     1.000E+01
1.50E+00     4.059E+04     1.000E+01
1.75E+00     3.940E+04     1.000E+01
2.00E+00     3.822E+04     1.000E+01
2.50E+00     3.586E+04     1.000E+01
3.00E+00     3.420E+04     1.000E+01
3.50E+00     3.344E+04     1.000E+01
4.00E+00     3.346E+04     1.000E+01
5.00E+00     3.485E+04     1.000E+01
6.00E+00     3.357E+04     1.000E+01
7.00E+00     2.167E+04     1.000E+01
8.00E+00     9.601E+03     1.000E+01
9.00E+00     4.401E+03     1.000E+01
1.00E+01     2.449E+03     1.000E+01
