5      he4 ga61    p ge64                  taly      2.31600E+00      
1.00E-03     0.000E+00     1.000E+00
2.00E-03     0.000E+00     1.000E+00
3.00E-03     0.000E+00     1.000E+00
4.00E-03     0.000E+00     1.000E+00
5.00E-03     0.000E+00     1.000E+00
6.00E-03     0.000E+00     1.000E+00
7.00E-03     0.000E+00     1.000E+00
8.00E-03     0.000E+00     1.000E+00
9.00E-03     0.000E+00     1.000E+00
1.00E-02     0.000E+00     1.000E+00
1.10E-02     0.000E+00     1.000E+00
1.20E-02     0.000E+00     1.000E+00
1.30E-02     0.000E+00     1.000E+00
1.40E-02     0.000E+00     1.000E+00
1.50E-02     0.000E+00     1.000E+00
1.60E-02     0.000E+00     1.000E+00
1.80E-02     0.000E+00     1.000E+00
2.00E-02     0.000E+00     1.000E+00
2.50E-02     0.000E+00     1.000E+00
3.00E-02     0.000E+00     1.000E+00
4.00E-02     0.000E+00     1.000E+00
5.00E-02     0.000E+00     1.000E+00
6.00E-02     0.000E+00     1.000E+00
7.00E-02     0.000E+00     1.000E+00
8.00E-02     0.000E+00     1.000E+00
9.00E-02     0.000E+00     1.000E+00
1.00E-01     0.000E+00     1.000E+00
1.10E-01     0.000E+00     1.000E+00
1.20E-01     0.000E+00     1.000E+00
1.30E-01     0.000E+00     1.000E+00
1.40E-01     0.000E+00     1.000E+00
1.50E-01     0.000E+00     1.000E+00
1.60E-01     0.000E+00     1.000E+00
1.80E-01     0.000E+00     1.000E+00
2.00E-01     0.000E+00     1.000E+00
2.50E-01     1.815E-45     1.000E+01
3.00E-01     3.133E-40     1.000E+01
3.50E-01     7.406E-37     1.000E+01
4.00E-01     1.751E-33     1.000E+01
4.50E-01     2.817E-31     1.000E+01
5.00E-01     4.534E-29     1.000E+01
6.00E-01     8.921E-26     1.000E+01
7.00E-01     3.703E-23     1.000E+01
8.00E-01     5.275E-21     1.000E+01
9.00E-01     3.455E-19     1.000E+01
1.00E+00     1.257E-17     1.000E+01
1.25E+00     6.699E-15     1.000E+01
1.50E+00     3.571E-12     1.000E+01
1.75E+00     1.726E-10     1.000E+01
2.00E+00     8.344E-09     1.000E+01
2.50E+00     1.864E-06     1.000E+01
3.00E+00     1.094E-04     1.000E+01
3.50E+00     2.717E-03     1.000E+01
4.00E+00     3.606E-02     1.000E+01
5.00E+00     1.444E+00     1.000E+01
6.00E+00     1.206E+01     1.000E+01
7.00E+00     4.375E+01     1.000E+01
8.00E+00     1.158E+02     1.000E+01
9.00E+00     2.646E+02     1.000E+01
1.00E+01     5.424E+02     1.000E+01
