5        n ga65    p zn65                  taly      4.03700E+00      
1.00E-03     7.136E+08     1.000E+01
2.00E-03     7.138E+08     1.000E+01
3.00E-03     7.139E+08     1.000E+01
4.00E-03     7.141E+08     1.000E+01
5.00E-03     7.143E+08     1.000E+01
6.00E-03     7.072E+08     1.000E+01
7.00E-03     7.003E+08     1.000E+01
8.00E-03     6.934E+08     1.000E+01
9.00E-03     6.865E+08     1.000E+01
1.00E-02     6.798E+08     1.000E+01
1.10E-02     6.783E+08     1.000E+01
1.20E-02     6.767E+08     1.000E+01
1.30E-02     6.752E+08     1.000E+01
1.40E-02     6.737E+08     1.000E+01
1.50E-02     6.721E+08     1.000E+01
1.60E-02     6.706E+08     1.000E+01
1.80E-02     6.676E+08     1.000E+01
2.00E-02     6.646E+08     1.000E+01
2.50E-02     6.571E+08     1.000E+01
3.00E-02     6.497E+08     1.000E+01
4.00E-02     6.352E+08     1.000E+01
5.00E-02     6.209E+08     1.000E+01
6.00E-02     6.156E+08     1.000E+01
7.00E-02     6.103E+08     1.000E+01
8.00E-02     6.050E+08     1.000E+01
9.00E-02     5.998E+08     1.000E+01
1.00E-01     5.946E+08     1.000E+01
1.10E-01     5.917E+08     1.000E+01
1.20E-01     5.889E+08     1.000E+01
1.30E-01     5.860E+08     1.000E+01
1.40E-01     5.832E+08     1.000E+01
1.50E-01     5.804E+08     1.000E+01
1.60E-01     5.788E+08     1.000E+01
1.80E-01     5.757E+08     1.000E+01
2.00E-01     5.726E+08     1.000E+01
2.50E-01     5.681E+08     1.000E+01
3.00E-01     5.648E+08     1.000E+01
3.50E-01     5.624E+08     1.000E+01
4.00E-01     5.600E+08     1.000E+01
4.50E-01     5.585E+08     1.000E+01
5.00E-01     5.570E+08     1.000E+01
6.00E-01     5.558E+08     1.000E+01
7.00E-01     5.562E+08     1.000E+01
8.00E-01     5.580E+08     1.000E+01
9.00E-01     5.610E+08     1.000E+01
1.00E+00     5.649E+08     1.000E+01
1.25E+00     5.794E+08     1.000E+01
1.50E+00     5.943E+08     1.000E+01
1.75E+00     6.127E+08     1.000E+01
2.00E+00     6.316E+08     1.000E+01
2.50E+00     6.682E+08     1.000E+01
3.00E+00     6.909E+08     1.000E+01
3.50E+00     6.750E+08     1.000E+01
4.00E+00     6.023E+08     1.000E+01
5.00E+00     3.770E+08     1.000E+01
6.00E+00     2.223E+08     1.000E+01
7.00E+00     1.474E+08     1.000E+01
8.00E+00     1.115E+08     1.000E+01
9.00E+00     9.276E+07     1.000E+01
1.00E+01     8.154E+07     1.000E+01
