5        n ga64    p zn64                  taly      7.95300E+00      
1.00E-03     7.461E+08     1.000E+01
2.00E-03     7.503E+08     1.000E+01
3.00E-03     7.544E+08     1.000E+01
4.00E-03     7.586E+08     1.000E+01
5.00E-03     7.628E+08     1.000E+01
6.00E-03     7.573E+08     1.000E+01
7.00E-03     7.518E+08     1.000E+01
8.00E-03     7.464E+08     1.000E+01
9.00E-03     7.410E+08     1.000E+01
1.00E-02     7.356E+08     1.000E+01
1.10E-02     7.348E+08     1.000E+01
1.20E-02     7.340E+08     1.000E+01
1.30E-02     7.333E+08     1.000E+01
1.40E-02     7.325E+08     1.000E+01
1.50E-02     7.317E+08     1.000E+01
1.60E-02     7.310E+08     1.000E+01
1.80E-02     7.294E+08     1.000E+01
2.00E-02     7.279E+08     1.000E+01
2.50E-02     7.241E+08     1.000E+01
3.00E-02     7.203E+08     1.000E+01
4.00E-02     7.128E+08     1.000E+01
5.00E-02     7.053E+08     1.000E+01
6.00E-02     7.029E+08     1.000E+01
7.00E-02     7.004E+08     1.000E+01
8.00E-02     6.980E+08     1.000E+01
9.00E-02     6.956E+08     1.000E+01
1.00E-01     6.931E+08     1.000E+01
1.10E-01     6.928E+08     1.000E+01
1.20E-01     6.924E+08     1.000E+01
1.30E-01     6.920E+08     1.000E+01
1.40E-01     6.916E+08     1.000E+01
1.50E-01     6.912E+08     1.000E+01
1.60E-01     6.925E+08     1.000E+01
1.80E-01     6.950E+08     1.000E+01
2.00E-01     6.975E+08     1.000E+01
2.50E-01     7.046E+08     1.000E+01
3.00E-01     7.097E+08     1.000E+01
3.50E-01     7.125E+08     1.000E+01
4.00E-01     7.152E+08     1.000E+01
4.50E-01     7.172E+08     1.000E+01
5.00E-01     7.191E+08     1.000E+01
6.00E-01     7.240E+08     1.000E+01
7.00E-01     7.302E+08     1.000E+01
8.00E-01     7.378E+08     1.000E+01
9.00E-01     7.464E+08     1.000E+01
1.00E+00     7.557E+08     1.000E+01
1.25E+00     7.817E+08     1.000E+01
1.50E+00     8.085E+08     1.000E+01
1.75E+00     8.302E+08     1.000E+01
2.00E+00     8.524E+08     1.000E+01
2.50E+00     8.342E+08     1.000E+01
3.00E+00     7.109E+08     1.000E+01
3.50E+00     5.361E+08     1.000E+01
4.00E+00     3.865E+08     1.000E+01
5.00E+00     2.166E+08     1.000E+01
6.00E+00     1.454E+08     1.000E+01
7.00E+00     1.135E+08     1.000E+01
8.00E+00     9.781E+07     1.000E+01
9.00E+00     8.925E+07     1.000E+01
1.00E+01     8.349E+07     1.000E+01
