4        p ga63 ge64                       taly      5.05700E+00      
1.00E-03     0.000E+00     1.000E+00
2.00E-03     0.000E+00     1.000E+00
3.00E-03     0.000E+00     1.000E+00
4.00E-03     0.000E+00     1.000E+00
5.00E-03     0.000E+00     1.000E+00
6.00E-03     0.000E+00     1.000E+00
7.00E-03     0.000E+00     1.000E+00
8.00E-03     0.000E+00     1.000E+00
9.00E-03     0.000E+00     1.000E+00
1.00E-02     0.000E+00     1.000E+00
1.10E-02     4.659E-98     1.000E+01
1.20E-02     2.170E-96     1.000E+01
1.30E-02     1.011E-94     1.000E+01
1.40E-02     4.710E-93     1.000E+01
1.50E-02     2.194E-91     1.000E+01
1.60E-02     1.022E-89     1.000E+01
1.80E-02     2.218E-86     1.000E+01
2.00E-02     4.814E-83     1.000E+01
2.50E-02     1.056E-74     1.000E+01
3.00E-02     2.318E-66     1.000E+01
4.00E-02     1.116E-49     1.000E+01
5.00E-02     5.373E-33     1.000E+01
6.00E-02     6.971E-31     1.000E+01
7.00E-02     9.044E-29     1.000E+01
8.00E-02     1.173E-26     1.000E+01
9.00E-02     1.523E-24     1.000E+01
1.00E-01     1.975E-22     1.000E+01
1.10E-01     1.822E-21     1.000E+01
1.20E-01     1.680E-20     1.000E+01
1.30E-01     1.549E-19     1.000E+01
1.40E-01     1.429E-18     1.000E+01
1.50E-01     1.318E-17     1.000E+01
1.60E-01     5.356E-17     1.000E+01
1.80E-01     8.846E-16     1.000E+01
2.00E-01     1.461E-14     1.000E+01
2.50E-01     2.171E-12     1.000E+01
3.00E-01     9.724E-11     1.000E+01
3.50E-01     1.520E-09     1.000E+01
4.00E-01     2.376E-08     1.000E+01
4.50E-01     1.652E-07     1.000E+01
5.00E-01     1.148E-06     1.000E+01
6.00E-01     2.144E-05     1.000E+01
7.00E-01     2.140E-04     1.000E+01
8.00E-01     1.370E-03     1.000E+01
9.00E-01     6.318E-03     1.000E+01
1.00E+00     2.269E-02     1.000E+01
1.25E+00     1.805E-01     1.000E+01
1.50E+00     1.436E+00     1.000E+01
1.75E+00     4.468E+00     1.000E+01
2.00E+00     1.390E+01     1.000E+01
2.50E+00     5.906E+01     1.000E+01
3.00E+00     1.638E+02     1.000E+01
3.50E+00     3.556E+02     1.000E+01
4.00E+00     6.633E+02     1.000E+01
5.00E+00     1.768E+03     1.000E+01
6.00E+00     3.861E+03     1.000E+01
7.00E+00     7.521E+03     1.000E+01
8.00E+00     1.343E+04     1.000E+01
9.00E+00     2.076E+04     1.000E+01
1.00E+01     2.233E+04     1.000E+01
