5        p ga65  he4 zn62                  taly      3.37500E+00      
1.00E-03     0.000E+00     1.000E+00
2.00E-03     0.000E+00     1.000E+00
3.00E-03     0.000E+00     1.000E+00
4.00E-03     0.000E+00     1.000E+00
5.00E-03     0.000E+00     1.000E+00
6.00E-03     0.000E+00     1.000E+00
7.00E-03     0.000E+00     1.000E+00
8.00E-03     0.000E+00     1.000E+00
9.00E-03     0.000E+00     1.000E+00
1.00E-02     0.000E+00     1.000E+00
1.10E-02     3.661E-98     1.000E+01
1.20E-02     1.340E-96     1.000E+01
1.30E-02     4.905E-95     1.000E+01
1.40E-02     1.796E-93     1.000E+01
1.50E-02     6.573E-92     1.000E+01
1.60E-02     2.406E-90     1.000E+01
1.80E-02     3.224E-87     1.000E+01
2.00E-02     4.320E-84     1.000E+01
2.50E-02     2.839E-76     1.000E+01
3.00E-02     1.866E-68     1.000E+01
4.00E-02     8.062E-53     1.000E+01
5.00E-02     3.483E-37     1.000E+01
6.00E-02     4.028E-35     1.000E+01
7.00E-02     4.658E-33     1.000E+01
8.00E-02     5.386E-31     1.000E+01
9.00E-02     6.228E-29     1.000E+01
1.00E-01     7.203E-27     1.000E+01
1.10E-01     7.432E-26     1.000E+01
1.20E-01     7.669E-25     1.000E+01
1.30E-01     7.914E-24     1.000E+01
1.40E-01     8.166E-23     1.000E+01
1.50E-01     8.427E-22     1.000E+01
1.60E-01     3.818E-21     1.000E+01
1.80E-01     7.836E-20     1.000E+01
2.00E-01     1.608E-18     1.000E+01
2.50E-01     4.037E-16     1.000E+01
3.00E-01     3.049E-14     1.000E+01
3.50E-01     7.563E-13     1.000E+01
4.00E-01     1.876E-11     1.000E+01
4.50E-01     1.832E-10     1.000E+01
5.00E-01     1.789E-09     1.000E+01
6.00E-01     5.853E-08     1.000E+01
7.00E-01     9.622E-07     1.000E+01
8.00E-01     9.499E-06     1.000E+01
9.00E-01     6.328E-05     1.000E+01
1.00E+00     3.111E-04     1.000E+01
1.25E+00     4.337E-03     1.000E+01
1.50E+00     6.047E-02     1.000E+01
1.75E+00     2.798E-01     1.000E+01
2.00E+00     1.295E+00     1.000E+01
2.50E+00     1.082E+01     1.000E+01
3.00E+00     5.534E+01     1.000E+01
3.50E+00     2.036E+02     1.000E+01
4.00E+00     5.661E+02     1.000E+01
5.00E+00     2.253E+03     1.000E+01
6.00E+00     5.492E+03     1.000E+01
7.00E+00     1.108E+04     1.000E+01
8.00E+00     2.058E+04     1.000E+01
9.00E+00     3.626E+04     1.000E+01
1.00E+01     6.045E+04     1.000E+01
