4        p ga64 ge65                       taly      4.93400E+00      
1.00E-03     0.000E+00     1.000E+00
2.00E-03     0.000E+00     1.000E+00
3.00E-03     0.000E+00     1.000E+00
4.00E-03     0.000E+00     1.000E+00
5.00E-03     0.000E+00     1.000E+00
6.00E-03     0.000E+00     1.000E+00
7.00E-03     0.000E+00     1.000E+00
8.00E-03     0.000E+00     1.000E+00
9.00E-03     0.000E+00     1.000E+00
1.00E-02     0.000E+00     1.000E+00
1.10E-02     4.661E-98     1.000E+01
1.20E-02     2.173E-96     1.000E+01
1.30E-02     1.013E-94     1.000E+01
1.40E-02     4.720E-93     1.000E+01
1.50E-02     2.200E-91     1.000E+01
1.60E-02     1.026E-89     1.000E+01
1.80E-02     2.228E-86     1.000E+01
2.00E-02     4.841E-83     1.000E+01
2.50E-02     1.065E-74     1.000E+01
3.00E-02     2.343E-66     1.000E+01
4.00E-02     1.134E-49     1.000E+01
5.00E-02     5.492E-33     1.000E+01
6.00E-02     7.086E-31     1.000E+01
7.00E-02     9.143E-29     1.000E+01
8.00E-02     1.180E-26     1.000E+01
9.00E-02     1.522E-24     1.000E+01
1.00E-01     1.964E-22     1.000E+01
1.10E-01     1.817E-21     1.000E+01
1.20E-01     1.681E-20     1.000E+01
1.30E-01     1.555E-19     1.000E+01
1.40E-01     1.439E-18     1.000E+01
1.50E-01     1.331E-17     1.000E+01
1.60E-01     5.805E-17     1.000E+01
1.80E-01     1.104E-15     1.000E+01
2.00E-01     2.099E-14     1.000E+01
2.50E-01     3.518E-12     1.000E+01
3.00E-01     1.497E-10     1.000E+01
3.50E-01     2.171E-09     1.000E+01
4.00E-01     3.147E-08     1.000E+01
4.50E-01     2.102E-07     1.000E+01
5.00E-01     1.403E-06     1.000E+01
6.00E-01     2.552E-05     1.000E+01
7.00E-01     2.575E-04     1.000E+01
8.00E-01     1.714E-03     1.000E+01
9.00E-01     8.344E-03     1.000E+01
1.00E+00     3.185E-02     1.000E+01
1.25E+00     2.897E-01     1.000E+01
1.50E+00     2.636E+00     1.000E+01
1.75E+00     8.772E+00     1.000E+01
2.00E+00     2.920E+01     1.000E+01
2.50E+00     1.218E+02     1.000E+01
3.00E+00     2.752E+02     1.000E+01
3.50E+00     4.169E+02     1.000E+01
4.00E+00     5.060E+02     1.000E+01
5.00E+00     5.771E+02     1.000E+01
6.00E+00     6.009E+02     1.000E+01
7.00E+00     6.172E+02     1.000E+01
8.00E+00     6.340E+02     1.000E+01
9.00E+00     6.513E+02     1.000E+01
1.00E+01     6.673E+02     1.000E+01
