4        p ga60 ge61                       taly      1.23400E+00      
1.00E-03     0.000E+00     1.000E+00
2.00E-03     0.000E+00     1.000E+00
3.00E-03     0.000E+00     1.000E+00
4.00E-03     0.000E+00     1.000E+00
5.00E-03     0.000E+00     1.000E+00
6.00E-03     0.000E+00     1.000E+00
7.00E-03     0.000E+00     1.000E+00
8.00E-03     0.000E+00     1.000E+00
9.00E-03     0.000E+00     1.000E+00
1.00E-02     0.000E+00     1.000E+00
1.10E-02     4.681E-98     1.000E+01
1.20E-02     2.191E-96     1.000E+01
1.30E-02     1.025E-94     1.000E+01
1.40E-02     4.800E-93     1.000E+01
1.50E-02     2.246E-91     1.000E+01
1.60E-02     1.051E-89     1.000E+01
1.80E-02     2.304E-86     1.000E+01
2.00E-02     5.047E-83     1.000E+01
2.50E-02     1.134E-74     1.000E+01
3.00E-02     2.547E-66     1.000E+01
4.00E-02     1.285E-49     1.000E+01
5.00E-02     6.487E-33     1.000E+01
6.00E-02     8.379E-31     1.000E+01
7.00E-02     1.082E-28     1.000E+01
8.00E-02     1.398E-26     1.000E+01
9.00E-02     1.805E-24     1.000E+01
1.00E-01     2.332E-22     1.000E+01
1.10E-01     2.141E-21     1.000E+01
1.20E-01     1.967E-20     1.000E+01
1.30E-01     1.806E-19     1.000E+01
1.40E-01     1.659E-18     1.000E+01
1.50E-01     1.523E-17     1.000E+01
1.60E-01     6.144E-17     1.000E+01
1.80E-01     9.996E-16     1.000E+01
2.00E-01     1.626E-14     1.000E+01
2.50E-01     2.293E-12     1.000E+01
3.00E-01     9.907E-11     1.000E+01
3.50E-01     1.514E-09     1.000E+01
4.00E-01     2.314E-08     1.000E+01
4.50E-01     1.545E-07     1.000E+01
5.00E-01     1.032E-06     1.000E+01
6.00E-01     1.647E-05     1.000E+01
7.00E-01     1.257E-04     1.000E+01
8.00E-01     5.408E-04     1.000E+01
9.00E-01     1.510E-03     1.000E+01
1.00E+00     3.149E-03     1.000E+01
1.25E+00     8.254E-03     1.000E+01
1.50E+00     2.164E-02     1.000E+01
1.75E+00     3.546E-02     1.000E+01
2.00E+00     5.811E-02     1.000E+01
2.50E+00     1.121E-01     1.000E+01
3.00E+00     1.821E-01     1.000E+01
3.50E+00     2.680E-01     1.000E+01
4.00E+00     3.708E-01     1.000E+01
5.00E+00     6.362E-01     1.000E+01
6.00E+00     9.995E-01     1.000E+01
7.00E+00     1.481E+00     1.000E+01
8.00E+00     2.097E+00     1.000E+01
9.00E+00     2.852E+00     1.000E+01
1.00E+01     3.742E+00     1.000E+01
