5        n ga63    p zn63                  taly      6.44800E+00      
1.00E-03     7.982E+08     1.000E+01
2.00E-03     8.027E+08     1.000E+01
3.00E-03     8.072E+08     1.000E+01
4.00E-03     8.117E+08     1.000E+01
5.00E-03     8.163E+08     1.000E+01
6.00E-03     8.104E+08     1.000E+01
7.00E-03     8.045E+08     1.000E+01
8.00E-03     7.987E+08     1.000E+01
9.00E-03     7.930E+08     1.000E+01
1.00E-02     7.873E+08     1.000E+01
1.10E-02     7.865E+08     1.000E+01
1.20E-02     7.857E+08     1.000E+01
1.30E-02     7.848E+08     1.000E+01
1.40E-02     7.840E+08     1.000E+01
1.50E-02     7.832E+08     1.000E+01
1.60E-02     7.824E+08     1.000E+01
1.80E-02     7.808E+08     1.000E+01
2.00E-02     7.792E+08     1.000E+01
2.50E-02     7.752E+08     1.000E+01
3.00E-02     7.712E+08     1.000E+01
4.00E-02     7.632E+08     1.000E+01
5.00E-02     7.554E+08     1.000E+01
6.00E-02     7.528E+08     1.000E+01
7.00E-02     7.502E+08     1.000E+01
8.00E-02     7.476E+08     1.000E+01
9.00E-02     7.451E+08     1.000E+01
1.00E-01     7.425E+08     1.000E+01
1.10E-01     7.415E+08     1.000E+01
1.20E-01     7.404E+08     1.000E+01
1.30E-01     7.394E+08     1.000E+01
1.40E-01     7.383E+08     1.000E+01
1.50E-01     7.373E+08     1.000E+01
1.60E-01     7.374E+08     1.000E+01
1.80E-01     7.376E+08     1.000E+01
2.00E-01     7.377E+08     1.000E+01
2.50E-01     7.406E+08     1.000E+01
3.00E-01     7.434E+08     1.000E+01
3.50E-01     7.453E+08     1.000E+01
4.00E-01     7.473E+08     1.000E+01
4.50E-01     7.488E+08     1.000E+01
5.00E-01     7.504E+08     1.000E+01
6.00E-01     7.544E+08     1.000E+01
7.00E-01     7.598E+08     1.000E+01
8.00E-01     7.666E+08     1.000E+01
9.00E-01     7.745E+08     1.000E+01
1.00E+00     7.833E+08     1.000E+01
1.25E+00     8.088E+08     1.000E+01
1.50E+00     8.353E+08     1.000E+01
1.75E+00     8.633E+08     1.000E+01
2.00E+00     8.924E+08     1.000E+01
2.50E+00     9.486E+08     1.000E+01
3.00E+00     1.002E+09     1.000E+01
3.50E+00     1.051E+09     1.000E+01
4.00E+00     1.096E+09     1.000E+01
5.00E+00     1.177E+09     1.000E+01
6.00E+00     1.249E+09     1.000E+01
7.00E+00     1.313E+09     1.000E+01
8.00E+00     1.356E+09     1.000E+01
9.00E+00     1.277E+09     1.000E+01
1.00E+01     8.753E+08     1.000E+01
