4        n ga60 ga61                       taly      1.54220E+01      
1.00E-03     3.931E+03     1.000E+01
2.00E-03     3.952E+03     1.000E+01
3.00E-03     3.974E+03     1.000E+01
4.00E-03     3.995E+03     1.000E+01
5.00E-03     4.016E+03     1.000E+01
6.00E-03     3.987E+03     1.000E+01
7.00E-03     3.957E+03     1.000E+01
8.00E-03     3.928E+03     1.000E+01
9.00E-03     3.898E+03     1.000E+01
1.00E-02     3.869E+03     1.000E+01
1.10E-02     3.864E+03     1.000E+01
1.20E-02     3.859E+03     1.000E+01
1.30E-02     3.854E+03     1.000E+01
1.40E-02     3.849E+03     1.000E+01
1.50E-02     3.844E+03     1.000E+01
1.60E-02     3.839E+03     1.000E+01
1.80E-02     3.830E+03     1.000E+01
2.00E-02     3.820E+03     1.000E+01
2.50E-02     3.795E+03     1.000E+01
3.00E-02     3.771E+03     1.000E+01
4.00E-02     3.722E+03     1.000E+01
5.00E-02     3.673E+03     1.000E+01
6.00E-02     3.650E+03     1.000E+01
7.00E-02     3.628E+03     1.000E+01
8.00E-02     3.606E+03     1.000E+01
9.00E-02     3.584E+03     1.000E+01
1.00E-01     3.562E+03     1.000E+01
1.10E-01     3.547E+03     1.000E+01
1.20E-01     3.532E+03     1.000E+01
1.30E-01     3.516E+03     1.000E+01
1.40E-01     3.501E+03     1.000E+01
1.50E-01     3.486E+03     1.000E+01
1.60E-01     3.475E+03     1.000E+01
1.80E-01     3.454E+03     1.000E+01
2.00E-01     3.433E+03     1.000E+01
2.50E-01     3.392E+03     1.000E+01
3.00E-01     3.357E+03     1.000E+01
3.50E-01     3.323E+03     1.000E+01
4.00E-01     3.289E+03     1.000E+01
4.50E-01     3.247E+03     1.000E+01
5.00E-01     3.206E+03     1.000E+01
6.00E-01     3.045E+03     1.000E+01
7.00E-01     2.696E+03     1.000E+01
8.00E-01     2.136E+03     1.000E+01
9.00E-01     1.526E+03     1.000E+01
1.00E+00     1.033E+03     1.000E+01
1.25E+00     6.240E+02     1.000E+01
1.50E+00     2.152E+02     1.000E+01
1.75E+00     1.691E+02     1.000E+01
2.00E+00     1.231E+02     1.000E+01
2.50E+00     1.108E+02     1.000E+01
3.00E+00     1.109E+02     1.000E+01
3.50E+00     1.123E+02     1.000E+01
4.00E+00     1.128E+02     1.000E+01
5.00E+00     1.110E+02     1.000E+01
6.00E+00     1.067E+02     1.000E+01
7.00E+00     1.010E+02     1.000E+01
8.00E+00     9.433E+01     1.000E+01
9.00E+00     8.697E+01     1.000E+01
1.00E+01     7.896E+01     1.000E+01
