5        n ge67  he4 zn64                  taly      8.99200E+00      
1.00E-03     5.518E+07     1.000E+01
2.00E-03     5.544E+07     1.000E+01
3.00E-03     5.570E+07     1.000E+01
4.00E-03     5.596E+07     1.000E+01
5.00E-03     5.623E+07     1.000E+01
6.00E-03     5.581E+07     1.000E+01
7.00E-03     5.539E+07     1.000E+01
8.00E-03     5.498E+07     1.000E+01
9.00E-03     5.457E+07     1.000E+01
1.00E-02     5.417E+07     1.000E+01
1.10E-02     5.409E+07     1.000E+01
1.20E-02     5.402E+07     1.000E+01
1.30E-02     5.394E+07     1.000E+01
1.40E-02     5.387E+07     1.000E+01
1.50E-02     5.379E+07     1.000E+01
1.60E-02     5.372E+07     1.000E+01
1.80E-02     5.357E+07     1.000E+01
2.00E-02     5.342E+07     1.000E+01
2.50E-02     5.305E+07     1.000E+01
3.00E-02     5.268E+07     1.000E+01
4.00E-02     5.196E+07     1.000E+01
5.00E-02     5.124E+07     1.000E+01
6.00E-02     5.022E+07     1.000E+01
7.00E-02     4.923E+07     1.000E+01
8.00E-02     4.825E+07     1.000E+01
9.00E-02     4.730E+07     1.000E+01
1.00E-01     4.636E+07     1.000E+01
1.10E-01     4.588E+07     1.000E+01
1.20E-01     4.541E+07     1.000E+01
1.30E-01     4.495E+07     1.000E+01
1.40E-01     4.448E+07     1.000E+01
1.50E-01     4.403E+07     1.000E+01
1.60E-01     4.393E+07     1.000E+01
1.80E-01     4.373E+07     1.000E+01
2.00E-01     4.354E+07     1.000E+01
2.50E-01     4.382E+07     1.000E+01
3.00E-01     4.439E+07     1.000E+01
3.50E-01     4.510E+07     1.000E+01
4.00E-01     4.582E+07     1.000E+01
4.50E-01     4.660E+07     1.000E+01
5.00E-01     4.739E+07     1.000E+01
6.00E-01     4.904E+07     1.000E+01
7.00E-01     5.076E+07     1.000E+01
8.00E-01     5.250E+07     1.000E+01
9.00E-01     5.426E+07     1.000E+01
1.00E+00     5.601E+07     1.000E+01
1.25E+00     6.007E+07     1.000E+01
1.50E+00     6.441E+07     1.000E+01
1.75E+00     6.802E+07     1.000E+01
2.00E+00     7.182E+07     1.000E+01
2.50E+00     7.808E+07     1.000E+01
3.00E+00     8.300E+07     1.000E+01
3.50E+00     8.528E+07     1.000E+01
4.00E+00     8.183E+07     1.000E+01
5.00E+00     5.507E+07     1.000E+01
6.00E+00     3.084E+07     1.000E+01
7.00E+00     2.051E+07     1.000E+01
8.00E+00     1.698E+07     1.000E+01
9.00E+00     1.612E+07     1.000E+01
1.00E+01     1.623E+07     1.000E+01
