4      he4 ge63 se67                       taly      2.08400E+00      
1.00E-03     0.000E+00     1.000E+00
2.00E-03     0.000E+00     1.000E+00
3.00E-03     0.000E+00     1.000E+00
4.00E-03     0.000E+00     1.000E+00
5.00E-03     0.000E+00     1.000E+00
6.00E-03     0.000E+00     1.000E+00
7.00E-03     0.000E+00     1.000E+00
8.00E-03     0.000E+00     1.000E+00
9.00E-03     0.000E+00     1.000E+00
1.00E-02     0.000E+00     1.000E+00
1.10E-02     0.000E+00     1.000E+00
1.20E-02     0.000E+00     1.000E+00
1.30E-02     0.000E+00     1.000E+00
1.40E-02     0.000E+00     1.000E+00
1.50E-02     0.000E+00     1.000E+00
1.60E-02     0.000E+00     1.000E+00
1.80E-02     0.000E+00     1.000E+00
2.00E-02     0.000E+00     1.000E+00
2.50E-02     0.000E+00     1.000E+00
3.00E-02     0.000E+00     1.000E+00
4.00E-02     0.000E+00     1.000E+00
5.00E-02     0.000E+00     1.000E+00
6.00E-02     0.000E+00     1.000E+00
7.00E-02     0.000E+00     1.000E+00
8.00E-02     0.000E+00     1.000E+00
9.00E-02     0.000E+00     1.000E+00
1.00E-01     0.000E+00     1.000E+00
1.10E-01     0.000E+00     1.000E+00
1.20E-01     0.000E+00     1.000E+00
1.30E-01     0.000E+00     1.000E+00
1.40E-01     0.000E+00     1.000E+00
1.50E-01     0.000E+00     1.000E+00
1.60E-01     0.000E+00     1.000E+00
1.80E-01     0.000E+00     1.000E+00
2.00E-01     0.000E+00     1.000E+00
2.50E-01     6.685E-47     1.000E+01
3.00E-01     1.478E-41     1.000E+01
3.50E-01     3.547E-38     1.000E+01
4.00E-01     8.511E-35     1.000E+01
4.50E-01     1.199E-32     1.000E+01
5.00E-01     1.690E-30     1.000E+01
6.00E-01     2.240E-27     1.000E+01
7.00E-01     5.535E-25     1.000E+01
8.00E-01     4.106E-23     1.000E+01
9.00E-01     1.261E-21     1.000E+01
1.00E+00     2.059E-20     1.000E+01
1.25E+00     2.317E-18     1.000E+01
1.50E+00     2.607E-16     1.000E+01
1.75E+00     6.313E-15     1.000E+01
2.00E+00     1.529E-13     1.000E+01
2.50E+00     1.983E-11     1.000E+01
3.00E+00     9.599E-10     1.000E+01
3.50E+00     2.123E-08     1.000E+01
4.00E+00     2.484E-07     1.000E+01
5.00E+00     8.762E-06     1.000E+01
6.00E+00     9.704E-05     1.000E+01
7.00E+00     5.367E-04     1.000E+01
8.00E+00     1.911E-03     1.000E+01
9.00E+00     5.072E-03     1.000E+01
1.00E+01     1.094E-02     1.000E+01
