5      he4 ge61    p as64                  taly      1.05900E+00      
1.00E-03     0.000E+00     1.000E+00
2.00E-03     0.000E+00     1.000E+00
3.00E-03     0.000E+00     1.000E+00
4.00E-03     0.000E+00     1.000E+00
5.00E-03     0.000E+00     1.000E+00
6.00E-03     0.000E+00     1.000E+00
7.00E-03     0.000E+00     1.000E+00
8.00E-03     0.000E+00     1.000E+00
9.00E-03     0.000E+00     1.000E+00
1.00E-02     0.000E+00     1.000E+00
1.10E-02     0.000E+00     1.000E+00
1.20E-02     0.000E+00     1.000E+00
1.30E-02     0.000E+00     1.000E+00
1.40E-02     0.000E+00     1.000E+00
1.50E-02     0.000E+00     1.000E+00
1.60E-02     0.000E+00     1.000E+00
1.80E-02     0.000E+00     1.000E+00
2.00E-02     0.000E+00     1.000E+00
2.50E-02     0.000E+00     1.000E+00
3.00E-02     0.000E+00     1.000E+00
4.00E-02     0.000E+00     1.000E+00
5.00E-02     0.000E+00     1.000E+00
6.00E-02     0.000E+00     1.000E+00
7.00E-02     0.000E+00     1.000E+00
8.00E-02     0.000E+00     1.000E+00
9.00E-02     0.000E+00     1.000E+00
1.00E-01     0.000E+00     1.000E+00
1.10E-01     0.000E+00     1.000E+00
1.20E-01     0.000E+00     1.000E+00
1.30E-01     0.000E+00     1.000E+00
1.40E-01     0.000E+00     1.000E+00
1.50E-01     0.000E+00     1.000E+00
1.60E-01     0.000E+00     1.000E+00
1.80E-01     0.000E+00     1.000E+00
2.00E-01     0.000E+00     1.000E+00
2.50E-01     6.676E-47     1.000E+01
3.00E-01     1.597E-41     1.000E+01
3.50E-01     4.427E-38     1.000E+01
4.00E-01     1.228E-34     1.000E+01
4.50E-01     2.179E-32     1.000E+01
5.00E-01     3.869E-30     1.000E+01
6.00E-01     8.622E-27     1.000E+01
7.00E-01     3.776E-24     1.000E+01
8.00E-01     5.214E-22     1.000E+01
9.00E-01     3.027E-20     1.000E+01
1.00E+00     9.106E-19     1.000E+01
1.25E+00     2.753E-16     1.000E+01
1.50E+00     8.323E-14     1.000E+01
1.75E+00     2.685E-12     1.000E+01
2.00E+00     8.662E-11     1.000E+01
2.50E+00     1.054E-08     1.000E+01
3.00E+00     3.643E-07     1.000E+01
3.50E+00     5.651E-06     1.000E+01
4.00E+00     5.090E-05     1.000E+01
5.00E+00     1.416E-03     1.000E+01
6.00E+00     1.565E-02     1.000E+01
7.00E+00     9.529E-02     1.000E+01
8.00E+00     3.835E-01     1.000E+01
9.00E+00     1.140E+00     1.000E+01
1.00E+01     2.691E+00     1.000E+01
