5        p ge68  he4 ga65                  taly      5.42000E-01      
1.00E-03     0.000E+00     1.000E+00
2.00E-03     0.000E+00     1.000E+00
3.00E-03     0.000E+00     1.000E+00
4.00E-03     0.000E+00     1.000E+00
5.00E-03     0.000E+00     1.000E+00
6.00E-03     0.000E+00     1.000E+00
7.00E-03     0.000E+00     1.000E+00
8.00E-03     0.000E+00     1.000E+00
9.00E-03     0.000E+00     1.000E+00
1.00E-02     0.000E+00     1.000E+00
1.10E-02     3.228E-98     1.000E+01
1.20E-02     1.042E-96     1.000E+01
1.30E-02     3.365E-95     1.000E+01
1.40E-02     1.086E-93     1.000E+01
1.50E-02     3.507E-92     1.000E+01
1.60E-02     1.132E-90     1.000E+01
1.80E-02     1.180E-87     1.000E+01
2.00E-02     1.230E-84     1.000E+01
2.50E-02     4.314E-77     1.000E+01
3.00E-02     1.513E-69     1.000E+01
4.00E-02     1.861E-54     1.000E+01
5.00E-02     2.289E-39     1.000E+01
6.00E-02     2.264E-37     1.000E+01
7.00E-02     2.240E-35     1.000E+01
8.00E-02     2.216E-33     1.000E+01
9.00E-02     2.192E-31     1.000E+01
1.00E-01     2.168E-29     1.000E+01
1.10E-01     9.758E-29     1.000E+01
1.20E-01     4.391E-28     1.000E+01
1.30E-01     1.976E-27     1.000E+01
1.40E-01     8.893E-27     1.000E+01
1.50E-01     4.002E-26     1.000E+01
1.60E-01     8.411E-26     1.000E+01
1.80E-01     3.715E-25     1.000E+01
2.00E-01     1.641E-24     1.000E+01
2.50E-01     1.490E-23     1.000E+01
3.00E-01     6.406E-23     1.000E+01
3.50E-01     1.579E-22     1.000E+01
4.00E-01     3.892E-22     1.000E+01
4.50E-01     6.705E-22     1.000E+01
5.00E-01     1.155E-21     1.000E+01
6.00E-01     1.453E-20     1.000E+01
7.00E-01     1.898E-18     1.000E+01
8.00E-01     1.175E-16     1.000E+01
9.00E-01     3.836E-15     1.000E+01
1.00E+00     7.877E-14     1.000E+01
1.25E+00     2.008E-11     1.000E+01
1.50E+00     5.118E-09     1.000E+01
1.75E+00     1.827E-07     1.000E+01
2.00E+00     6.521E-06     1.000E+01
2.50E+00     9.887E-04     1.000E+01
3.00E+00     4.332E-02     1.000E+01
3.50E+00     8.480E-01     1.000E+01
4.00E+00     9.310E+00     1.000E+01
5.00E+00     2.925E+02     1.000E+01
6.00E+00     2.318E+03     1.000E+01
7.00E+00     8.767E+03     1.000E+01
8.00E+00     2.359E+04     1.000E+01
9.00E+00     5.194E+04     1.000E+01
1.00E+01     9.813E+04     1.000E+01
