4      he4 ge67 se71                       taly      2.91400E+00      
1.00E-03     0.000E+00     1.000E+00
2.00E-03     0.000E+00     1.000E+00
3.00E-03     0.000E+00     1.000E+00
4.00E-03     0.000E+00     1.000E+00
5.00E-03     0.000E+00     1.000E+00
6.00E-03     0.000E+00     1.000E+00
7.00E-03     0.000E+00     1.000E+00
8.00E-03     0.000E+00     1.000E+00
9.00E-03     0.000E+00     1.000E+00
1.00E-02     0.000E+00     1.000E+00
1.10E-02     0.000E+00     1.000E+00
1.20E-02     0.000E+00     1.000E+00
1.30E-02     0.000E+00     1.000E+00
1.40E-02     0.000E+00     1.000E+00
1.50E-02     0.000E+00     1.000E+00
1.60E-02     0.000E+00     1.000E+00
1.80E-02     0.000E+00     1.000E+00
2.00E-02     0.000E+00     1.000E+00
2.50E-02     0.000E+00     1.000E+00
3.00E-02     0.000E+00     1.000E+00
4.00E-02     0.000E+00     1.000E+00
5.00E-02     0.000E+00     1.000E+00
6.00E-02     0.000E+00     1.000E+00
7.00E-02     0.000E+00     1.000E+00
8.00E-02     0.000E+00     1.000E+00
9.00E-02     0.000E+00     1.000E+00
1.00E-01     0.000E+00     1.000E+00
1.10E-01     0.000E+00     1.000E+00
1.20E-01     0.000E+00     1.000E+00
1.30E-01     0.000E+00     1.000E+00
1.40E-01     0.000E+00     1.000E+00
1.50E-01     0.000E+00     1.000E+00
1.60E-01     0.000E+00     1.000E+00
1.80E-01     0.000E+00     1.000E+00
2.00E-01     0.000E+00     1.000E+00
2.50E-01     4.089E-47     1.000E+01
3.00E-01     1.486E-41     1.000E+01
3.50E-01     5.272E-38     1.000E+01
4.00E-01     1.870E-34     1.000E+01
4.50E-01     3.944E-32     1.000E+01
5.00E-01     8.317E-30     1.000E+01
6.00E-01     2.144E-26     1.000E+01
7.00E-01     9.493E-24     1.000E+01
8.00E-01     1.349E-21     1.000E+01
9.00E-01     8.822E-20     1.000E+01
1.00E+00     3.277E-18     1.000E+01
1.25E+00     2.138E-15     1.000E+01
1.50E+00     1.396E-12     1.000E+01
1.75E+00     7.050E-11     1.000E+01
2.00E+00     3.562E-09     1.000E+01
2.50E+00     5.452E-07     1.000E+01
3.00E+00     1.699E-05     1.000E+01
3.50E+00     1.990E-04     1.000E+01
4.00E+00     1.183E-03     1.000E+01
5.00E+00     9.915E-03     1.000E+01
6.00E+00     2.792E-02     1.000E+01
7.00E+00     5.500E-02     1.000E+01
8.00E+00     1.004E-01     1.000E+01
9.00E+00     1.817E-01     1.000E+01
1.00E+01     3.234E-01     1.000E+01
