5        p ge65  he4 ga62                  taly      3.72000E-01      
1.00E-03     0.000E+00     1.000E+00
2.00E-03     0.000E+00     1.000E+00
3.00E-03     0.000E+00     1.000E+00
4.00E-03     0.000E+00     1.000E+00
5.00E-03     0.000E+00     1.000E+00
6.00E-03     0.000E+00     1.000E+00
7.00E-03     0.000E+00     1.000E+00
8.00E-03     0.000E+00     1.000E+00
9.00E-03     0.000E+00     1.000E+00
1.00E-02     0.000E+00     1.000E+00
1.10E-02     3.476E-98     1.000E+01
1.20E-02     1.208E-96     1.000E+01
1.30E-02     4.200E-95     1.000E+01
1.40E-02     1.460E-93     1.000E+01
1.50E-02     5.075E-92     1.000E+01
1.60E-02     1.764E-90     1.000E+01
1.80E-02     2.132E-87     1.000E+01
2.00E-02     2.576E-84     1.000E+01
2.50E-02     1.307E-76     1.000E+01
3.00E-02     6.634E-69     1.000E+01
4.00E-02     1.709E-53     1.000E+01
5.00E-02     4.401E-38     1.000E+01
6.00E-02     3.209E-36     1.000E+01
7.00E-02     2.340E-34     1.000E+01
8.00E-02     1.706E-32     1.000E+01
9.00E-02     1.244E-30     1.000E+01
1.00E-01     9.071E-29     1.000E+01
1.10E-01     3.692E-28     1.000E+01
1.20E-01     1.503E-27     1.000E+01
1.30E-01     6.118E-27     1.000E+01
1.40E-01     2.490E-26     1.000E+01
1.50E-01     1.014E-25     1.000E+01
1.60E-01     2.026E-25     1.000E+01
1.80E-01     8.097E-25     1.000E+01
2.00E-01     3.236E-24     1.000E+01
2.50E-01     2.518E-23     1.000E+01
3.00E-01     9.699E-23     1.000E+01
3.50E-01     2.208E-22     1.000E+01
4.00E-01     5.024E-22     1.000E+01
4.50E-01     8.072E-22     1.000E+01
5.00E-01     1.297E-21     1.000E+01
6.00E-01     2.593E-21     1.000E+01
7.00E-01     3.349E-20     1.000E+01
8.00E-01     1.720E-18     1.000E+01
9.00E-01     5.324E-17     1.000E+01
1.00E+00     1.049E-15     1.000E+01
1.25E+00     2.341E-13     1.000E+01
1.50E+00     5.225E-11     1.000E+01
1.75E+00     1.735E-09     1.000E+01
2.00E+00     5.763E-08     1.000E+01
2.50E+00     8.706E-06     1.000E+01
3.00E+00     4.244E-04     1.000E+01
3.50E+00     9.987E-03     1.000E+01
4.00E+00     1.412E-01     1.000E+01
5.00E+00     1.027E+01     1.000E+01
6.00E+00     2.885E+02     1.000E+01
7.00E+00     3.294E+03     1.000E+01
8.00E+00     1.497E+04     1.000E+01
9.00E+00     3.617E+04     1.000E+01
1.00E+01     6.390E+04     1.000E+01
