4      he4 ge66 se70                       taly      2.74800E+00      
1.00E-03     0.000E+00     1.000E+00
2.00E-03     0.000E+00     1.000E+00
3.00E-03     0.000E+00     1.000E+00
4.00E-03     0.000E+00     1.000E+00
5.00E-03     0.000E+00     1.000E+00
6.00E-03     0.000E+00     1.000E+00
7.00E-03     0.000E+00     1.000E+00
8.00E-03     0.000E+00     1.000E+00
9.00E-03     0.000E+00     1.000E+00
1.00E-02     0.000E+00     1.000E+00
1.10E-02     0.000E+00     1.000E+00
1.20E-02     0.000E+00     1.000E+00
1.30E-02     0.000E+00     1.000E+00
1.40E-02     0.000E+00     1.000E+00
1.50E-02     0.000E+00     1.000E+00
1.60E-02     0.000E+00     1.000E+00
1.80E-02     0.000E+00     1.000E+00
2.00E-02     0.000E+00     1.000E+00
2.50E-02     0.000E+00     1.000E+00
3.00E-02     0.000E+00     1.000E+00
4.00E-02     0.000E+00     1.000E+00
5.00E-02     0.000E+00     1.000E+00
6.00E-02     0.000E+00     1.000E+00
7.00E-02     0.000E+00     1.000E+00
8.00E-02     0.000E+00     1.000E+00
9.00E-02     0.000E+00     1.000E+00
1.00E-01     0.000E+00     1.000E+00
1.10E-01     0.000E+00     1.000E+00
1.20E-01     0.000E+00     1.000E+00
1.30E-01     0.000E+00     1.000E+00
1.40E-01     0.000E+00     1.000E+00
1.50E-01     0.000E+00     1.000E+00
1.60E-01     0.000E+00     1.000E+00
1.80E-01     0.000E+00     1.000E+00
2.00E-01     0.000E+00     1.000E+00
2.50E-01     1.078E-46     1.000E+01
3.00E-01     2.594E-41     1.000E+01
3.50E-01     7.153E-38     1.000E+01
4.00E-01     1.972E-34     1.000E+01
4.50E-01     3.452E-32     1.000E+01
5.00E-01     6.043E-30     1.000E+01
6.00E-01     1.323E-26     1.000E+01
7.00E-01     5.932E-24     1.000E+01
8.00E-01     9.067E-22     1.000E+01
9.00E-01     6.376E-20     1.000E+01
1.00E+00     2.484E-18     1.000E+01
1.25E+00     1.521E-15     1.000E+01
1.50E+00     9.313E-13     1.000E+01
1.75E+00     4.459E-11     1.000E+01
2.00E+00     2.135E-09     1.000E+01
2.50E+00     3.252E-07     1.000E+01
3.00E+00     1.038E-05     1.000E+01
3.50E+00     1.286E-04     1.000E+01
4.00E+00     8.706E-04     1.000E+01
5.00E+00     1.372E-02     1.000E+01
6.00E+00     9.755E-02     1.000E+01
7.00E+00     4.191E-01     1.000E+01
8.00E+00     1.141E+00     1.000E+01
9.00E+00     2.098E+00     1.000E+01
1.00E+01     2.982E+00     1.000E+01
