5        n ge64  he4 zn61                  taly      7.68000E+00      
1.00E-03     3.308E+06     1.000E+01
2.00E-03     3.333E+06     1.000E+01
3.00E-03     3.357E+06     1.000E+01
4.00E-03     3.382E+06     1.000E+01
5.00E-03     3.407E+06     1.000E+01
6.00E-03     3.388E+06     1.000E+01
7.00E-03     3.370E+06     1.000E+01
8.00E-03     3.352E+06     1.000E+01
9.00E-03     3.333E+06     1.000E+01
1.00E-02     3.315E+06     1.000E+01
1.10E-02     3.318E+06     1.000E+01
1.20E-02     3.321E+06     1.000E+01
1.30E-02     3.324E+06     1.000E+01
1.40E-02     3.327E+06     1.000E+01
1.50E-02     3.330E+06     1.000E+01
1.60E-02     3.333E+06     1.000E+01
1.80E-02     3.339E+06     1.000E+01
2.00E-02     3.345E+06     1.000E+01
2.50E-02     3.361E+06     1.000E+01
3.00E-02     3.376E+06     1.000E+01
4.00E-02     3.407E+06     1.000E+01
5.00E-02     3.438E+06     1.000E+01
6.00E-02     3.489E+06     1.000E+01
7.00E-02     3.542E+06     1.000E+01
8.00E-02     3.595E+06     1.000E+01
9.00E-02     3.649E+06     1.000E+01
1.00E-01     3.704E+06     1.000E+01
1.10E-01     3.763E+06     1.000E+01
1.20E-01     3.823E+06     1.000E+01
1.30E-01     3.884E+06     1.000E+01
1.40E-01     3.946E+06     1.000E+01
1.50E-01     4.009E+06     1.000E+01
1.60E-01     4.073E+06     1.000E+01
1.80E-01     4.206E+06     1.000E+01
2.00E-01     4.342E+06     1.000E+01
2.50E-01     4.688E+06     1.000E+01
3.00E-01     5.031E+06     1.000E+01
3.50E-01     5.354E+06     1.000E+01
4.00E-01     5.698E+06     1.000E+01
4.50E-01     6.014E+06     1.000E+01
5.00E-01     6.349E+06     1.000E+01
6.00E-01     6.994E+06     1.000E+01
7.00E-01     7.640E+06     1.000E+01
8.00E-01     8.289E+06     1.000E+01
9.00E-01     8.941E+06     1.000E+01
1.00E+00     9.594E+06     1.000E+01
1.25E+00     1.112E+07     1.000E+01
1.50E+00     1.288E+07     1.000E+01
1.75E+00     1.443E+07     1.000E+01
2.00E+00     1.617E+07     1.000E+01
2.50E+00     1.936E+07     1.000E+01
3.00E+00     2.237E+07     1.000E+01
3.50E+00     2.510E+07     1.000E+01
4.00E+00     2.751E+07     1.000E+01
5.00E+00     3.133E+07     1.000E+01
6.00E+00     3.398E+07     1.000E+01
7.00E+00     3.433E+07     1.000E+01
8.00E+00     2.742E+07     1.000E+01
9.00E+00     1.486E+07     1.000E+01
1.00E+01     6.903E+06     1.000E+01
