5        p ge67  he4 ga64                  taly      1.03900E+00      
1.00E-03     0.000E+00     1.000E+00
2.00E-03     0.000E+00     1.000E+00
3.00E-03     0.000E+00     1.000E+00
4.00E-03     0.000E+00     1.000E+00
5.00E-03     0.000E+00     1.000E+00
6.00E-03     0.000E+00     1.000E+00
7.00E-03     0.000E+00     1.000E+00
8.00E-03     0.000E+00     1.000E+00
9.00E-03     0.000E+00     1.000E+00
1.00E-02     0.000E+00     1.000E+00
1.10E-02     3.225E-98     1.000E+01
1.20E-02     1.040E-96     1.000E+01
1.30E-02     3.355E-95     1.000E+01
1.40E-02     1.082E-93     1.000E+01
1.50E-02     3.490E-92     1.000E+01
1.60E-02     1.126E-90     1.000E+01
1.80E-02     1.171E-87     1.000E+01
2.00E-02     1.218E-84     1.000E+01
2.50E-02     4.250E-77     1.000E+01
3.00E-02     1.483E-69     1.000E+01
4.00E-02     1.806E-54     1.000E+01
5.00E-02     2.200E-39     1.000E+01
6.00E-02     2.063E-37     1.000E+01
7.00E-02     1.934E-35     1.000E+01
8.00E-02     1.813E-33     1.000E+01
9.00E-02     1.700E-31     1.000E+01
1.00E-01     1.594E-29     1.000E+01
1.10E-01     6.834E-29     1.000E+01
1.20E-01     2.931E-28     1.000E+01
1.30E-01     1.257E-27     1.000E+01
1.40E-01     5.389E-27     1.000E+01
1.50E-01     2.311E-26     1.000E+01
1.60E-01     4.699E-26     1.000E+01
1.80E-01     1.943E-25     1.000E+01
2.00E-01     8.032E-25     1.000E+01
2.50E-01     6.496E-24     1.000E+01
3.00E-01     2.563E-23     1.000E+01
3.50E-01     7.030E-23     1.000E+01
4.00E-01     1.929E-22     1.000E+01
4.50E-01     3.412E-21     1.000E+01
5.00E-01     6.038E-20     1.000E+01
6.00E-01     1.138E-17     1.000E+01
7.00E-01     6.973E-16     1.000E+01
8.00E-01     1.998E-14     1.000E+01
9.00E-01     3.365E-13     1.000E+01
1.00E+00     3.869E-12     1.000E+01
1.25E+00     3.563E-10     1.000E+01
1.50E+00     3.282E-08     1.000E+01
1.75E+00     7.025E-07     1.000E+01
2.00E+00     1.504E-05     1.000E+01
2.50E+00     1.335E-03     1.000E+01
3.00E+00     4.326E-02     1.000E+01
3.50E+00     6.907E-01     1.000E+01
4.00E+00     6.292E+00     1.000E+01
5.00E+00     1.328E+02     1.000E+01
6.00E+00     8.467E+02     1.000E+01
7.00E+00     3.097E+03     1.000E+01
8.00E+00     8.494E+03     1.000E+01
9.00E+00     1.918E+04     1.000E+01
1.00E+01     3.711E+04     1.000E+01
