5        n ge65  he4 zn62                  taly      1.03360E+01      
1.00E-03     2.490E+07     1.000E+01
2.00E-03     2.506E+07     1.000E+01
3.00E-03     2.522E+07     1.000E+01
4.00E-03     2.538E+07     1.000E+01
5.00E-03     2.555E+07     1.000E+01
6.00E-03     2.538E+07     1.000E+01
7.00E-03     2.521E+07     1.000E+01
8.00E-03     2.504E+07     1.000E+01
9.00E-03     2.487E+07     1.000E+01
1.00E-02     2.471E+07     1.000E+01
1.10E-02     2.470E+07     1.000E+01
1.20E-02     2.468E+07     1.000E+01
1.30E-02     2.467E+07     1.000E+01
1.40E-02     2.465E+07     1.000E+01
1.50E-02     2.464E+07     1.000E+01
1.60E-02     2.463E+07     1.000E+01
1.80E-02     2.460E+07     1.000E+01
2.00E-02     2.457E+07     1.000E+01
2.50E-02     2.450E+07     1.000E+01
3.00E-02     2.443E+07     1.000E+01
4.00E-02     2.430E+07     1.000E+01
5.00E-02     2.416E+07     1.000E+01
6.00E-02     2.417E+07     1.000E+01
7.00E-02     2.419E+07     1.000E+01
8.00E-02     2.420E+07     1.000E+01
9.00E-02     2.421E+07     1.000E+01
1.00E-01     2.422E+07     1.000E+01
1.10E-01     2.428E+07     1.000E+01
1.20E-01     2.433E+07     1.000E+01
1.30E-01     2.438E+07     1.000E+01
1.40E-01     2.443E+07     1.000E+01
1.50E-01     2.448E+07     1.000E+01
1.60E-01     2.456E+07     1.000E+01
1.80E-01     2.471E+07     1.000E+01
2.00E-01     2.486E+07     1.000E+01
2.50E-01     2.527E+07     1.000E+01
3.00E-01     2.566E+07     1.000E+01
3.50E-01     2.600E+07     1.000E+01
4.00E-01     2.635E+07     1.000E+01
4.50E-01     2.667E+07     1.000E+01
5.00E-01     2.700E+07     1.000E+01
6.00E-01     2.765E+07     1.000E+01
7.00E-01     2.833E+07     1.000E+01
8.00E-01     2.902E+07     1.000E+01
9.00E-01     2.973E+07     1.000E+01
1.00E+00     3.045E+07     1.000E+01
1.25E+00     3.216E+07     1.000E+01
1.50E+00     3.396E+07     1.000E+01
1.75E+00     3.550E+07     1.000E+01
2.00E+00     3.710E+07     1.000E+01
2.50E+00     3.972E+07     1.000E+01
3.00E+00     4.186E+07     1.000E+01
3.50E+00     4.362E+07     1.000E+01
4.00E+00     4.512E+07     1.000E+01
5.00E+00     4.753E+07     1.000E+01
6.00E+00     4.770E+07     1.000E+01
7.00E+00     3.964E+07     1.000E+01
8.00E+00     2.426E+07     1.000E+01
9.00E+00     1.345E+07     1.000E+01
1.00E+01     8.372E+06     1.000E+01
