5        n ge64    p ga64                  taly      5.30000E+00      
1.00E-03     6.916E+08     1.000E+01
2.00E-03     6.953E+08     1.000E+01
3.00E-03     6.990E+08     1.000E+01
4.00E-03     7.028E+08     1.000E+01
5.00E-03     7.066E+08     1.000E+01
6.00E-03     7.015E+08     1.000E+01
7.00E-03     6.964E+08     1.000E+01
8.00E-03     6.913E+08     1.000E+01
9.00E-03     6.863E+08     1.000E+01
1.00E-02     6.813E+08     1.000E+01
1.10E-02     6.806E+08     1.000E+01
1.20E-02     6.799E+08     1.000E+01
1.30E-02     6.792E+08     1.000E+01
1.40E-02     6.785E+08     1.000E+01
1.50E-02     6.778E+08     1.000E+01
1.60E-02     6.771E+08     1.000E+01
1.80E-02     6.756E+08     1.000E+01
2.00E-02     6.742E+08     1.000E+01
2.50E-02     6.708E+08     1.000E+01
3.00E-02     6.673E+08     1.000E+01
4.00E-02     6.604E+08     1.000E+01
5.00E-02     6.536E+08     1.000E+01
6.00E-02     6.516E+08     1.000E+01
7.00E-02     6.495E+08     1.000E+01
8.00E-02     6.475E+08     1.000E+01
9.00E-02     6.455E+08     1.000E+01
1.00E-01     6.435E+08     1.000E+01
1.10E-01     6.428E+08     1.000E+01
1.20E-01     6.421E+08     1.000E+01
1.30E-01     6.414E+08     1.000E+01
1.40E-01     6.407E+08     1.000E+01
1.50E-01     6.400E+08     1.000E+01
1.60E-01     6.402E+08     1.000E+01
1.80E-01     6.405E+08     1.000E+01
2.00E-01     6.409E+08     1.000E+01
2.50E-01     6.439E+08     1.000E+01
3.00E-01     6.476E+08     1.000E+01
3.50E-01     6.513E+08     1.000E+01
4.00E-01     6.551E+08     1.000E+01
4.50E-01     6.588E+08     1.000E+01
5.00E-01     6.625E+08     1.000E+01
6.00E-01     6.704E+08     1.000E+01
7.00E-01     6.791E+08     1.000E+01
8.00E-01     6.886E+08     1.000E+01
9.00E-01     6.988E+08     1.000E+01
1.00E+00     7.095E+08     1.000E+01
1.25E+00     7.386E+08     1.000E+01
1.50E+00     7.689E+08     1.000E+01
1.75E+00     7.994E+08     1.000E+01
2.00E+00     8.311E+08     1.000E+01
2.50E+00     8.905E+08     1.000E+01
3.00E+00     9.451E+08     1.000E+01
3.50E+00     9.948E+08     1.000E+01
4.00E+00     1.040E+09     1.000E+01
5.00E+00     1.119E+09     1.000E+01
6.00E+00     1.180E+09     1.000E+01
7.00E+00     1.168E+09     1.000E+01
8.00E+00     9.031E+08     1.000E+01
9.00E+00     4.563E+08     1.000E+01
1.00E+01     1.842E+08     1.000E+01
