4        p ge65 as66                       taly      2.83600E+00      
1.00E-03     0.000E+00     1.000E+00
2.00E-03     0.000E+00     1.000E+00
3.00E-03     0.000E+00     1.000E+00
4.00E-03     0.000E+00     1.000E+00
5.00E-03     0.000E+00     1.000E+00
6.00E-03     0.000E+00     1.000E+00
7.00E-03     0.000E+00     1.000E+00
8.00E-03     0.000E+00     1.000E+00
9.00E-03     0.000E+00     1.000E+00
1.00E-02     0.000E+00     1.000E+00
1.10E-02     4.416E-98     1.000E+01
1.20E-02     1.950E-96     1.000E+01
1.30E-02     8.612E-95     1.000E+01
1.40E-02     3.803E-93     1.000E+01
1.50E-02     1.680E-91     1.000E+01
1.60E-02     7.417E-90     1.000E+01
1.80E-02     1.447E-86     1.000E+01
2.00E-02     2.821E-83     1.000E+01
2.50E-02     4.738E-75     1.000E+01
3.00E-02     7.959E-67     1.000E+01
4.00E-02     2.245E-50     1.000E+01
5.00E-02     6.334E-34     1.000E+01
6.00E-02     9.091E-32     1.000E+01
7.00E-02     1.305E-29     1.000E+01
8.00E-02     1.873E-27     1.000E+01
9.00E-02     2.688E-25     1.000E+01
1.00E-01     3.858E-23     1.000E+01
1.10E-01     3.740E-22     1.000E+01
1.20E-01     3.625E-21     1.000E+01
1.30E-01     3.514E-20     1.000E+01
1.40E-01     3.407E-19     1.000E+01
1.50E-01     3.302E-18     1.000E+01
1.60E-01     1.381E-17     1.000E+01
1.80E-01     2.416E-16     1.000E+01
2.00E-01     4.225E-15     1.000E+01
2.50E-01     6.853E-13     1.000E+01
3.00E-01     3.310E-11     1.000E+01
3.50E-01     5.519E-10     1.000E+01
4.00E-01     9.201E-09     1.000E+01
4.50E-01     6.644E-08     1.000E+01
5.00E-01     4.798E-07     1.000E+01
6.00E-01     9.112E-06     1.000E+01
7.00E-01     8.800E-05     1.000E+01
8.00E-01     5.284E-04     1.000E+01
9.00E-01     2.249E-03     1.000E+01
1.00E+00     7.415E-03     1.000E+01
1.25E+00     4.858E-02     1.000E+01
1.50E+00     3.183E-01     1.000E+01
1.75E+00     8.548E-01     1.000E+01
2.00E+00     2.295E+00     1.000E+01
2.50E+00     7.671E+00     1.000E+01
3.00E+00     1.721E+01     1.000E+01
3.50E+00     3.068E+01     1.000E+01
4.00E+00     4.744E+01     1.000E+01
5.00E+00     8.831E+01     1.000E+01
6.00E+00     1.316E+02     1.000E+01
7.00E+00     1.457E+02     1.000E+01
8.00E+00     1.067E+02     1.000E+01
9.00E+00     6.259E+01     1.000E+01
1.00E+01     3.720E+01     1.000E+01
