4        n ge67 ge68                       taly      1.23920E+01      
1.00E-03     3.532E+06     1.000E+01
2.00E-03     3.544E+06     1.000E+01
3.00E-03     3.556E+06     1.000E+01
4.00E-03     3.568E+06     1.000E+01
5.00E-03     3.579E+06     1.000E+01
6.00E-03     3.551E+06     1.000E+01
7.00E-03     3.523E+06     1.000E+01
8.00E-03     3.494E+06     1.000E+01
9.00E-03     3.466E+06     1.000E+01
1.00E-02     3.438E+06     1.000E+01
1.10E-02     3.435E+06     1.000E+01
1.20E-02     3.432E+06     1.000E+01
1.30E-02     3.429E+06     1.000E+01
1.40E-02     3.426E+06     1.000E+01
1.50E-02     3.424E+06     1.000E+01
1.60E-02     3.421E+06     1.000E+01
1.80E-02     3.415E+06     1.000E+01
2.00E-02     3.409E+06     1.000E+01
2.50E-02     3.395E+06     1.000E+01
3.00E-02     3.381E+06     1.000E+01
4.00E-02     3.352E+06     1.000E+01
5.00E-02     3.324E+06     1.000E+01
6.00E-02     3.388E+06     1.000E+01
7.00E-02     3.453E+06     1.000E+01
8.00E-02     3.518E+06     1.000E+01
9.00E-02     3.582E+06     1.000E+01
1.00E-01     3.647E+06     1.000E+01
1.10E-01     3.717E+06     1.000E+01
1.20E-01     3.787E+06     1.000E+01
1.30E-01     3.857E+06     1.000E+01
1.40E-01     3.927E+06     1.000E+01
1.50E-01     3.997E+06     1.000E+01
1.60E-01     4.053E+06     1.000E+01
1.80E-01     4.166E+06     1.000E+01
2.00E-01     4.278E+06     1.000E+01
2.50E-01     4.505E+06     1.000E+01
3.00E-01     4.689E+06     1.000E+01
3.50E-01     4.829E+06     1.000E+01
4.00E-01     4.969E+06     1.000E+01
4.50E-01     5.074E+06     1.000E+01
5.00E-01     5.179E+06     1.000E+01
6.00E-01     5.350E+06     1.000E+01
7.00E-01     5.498E+06     1.000E+01
8.00E-01     5.628E+06     1.000E+01
9.00E-01     5.747E+06     1.000E+01
1.00E+00     5.856E+06     1.000E+01
1.25E+00     6.076E+06     1.000E+01
1.50E+00     6.297E+06     1.000E+01
1.75E+00     6.454E+06     1.000E+01
2.00E+00     6.611E+06     1.000E+01
2.50E+00     6.810E+06     1.000E+01
3.00E+00     6.875E+06     1.000E+01
3.50E+00     6.697E+06     1.000E+01
4.00E+00     6.055E+06     1.000E+01
5.00E+00     3.469E+06     1.000E+01
6.00E+00     1.497E+06     1.000E+01
7.00E+00     6.845E+05     1.000E+01
8.00E+00     3.664E+05     1.000E+01
9.00E+00     2.265E+05     1.000E+01
1.00E+01     1.558E+05     1.000E+01
