5        n ge67    p ga67                  taly      5.00300E+00      
1.00E-03     5.482E+08     1.000E+01
2.00E-03     5.498E+08     1.000E+01
3.00E-03     5.514E+08     1.000E+01
4.00E-03     5.530E+08     1.000E+01
5.00E-03     5.545E+08     1.000E+01
6.00E-03     5.498E+08     1.000E+01
7.00E-03     5.452E+08     1.000E+01
8.00E-03     5.405E+08     1.000E+01
9.00E-03     5.359E+08     1.000E+01
1.00E-02     5.314E+08     1.000E+01
1.10E-02     5.305E+08     1.000E+01
1.20E-02     5.296E+08     1.000E+01
1.30E-02     5.287E+08     1.000E+01
1.40E-02     5.278E+08     1.000E+01
1.50E-02     5.269E+08     1.000E+01
1.60E-02     5.260E+08     1.000E+01
1.80E-02     5.243E+08     1.000E+01
2.00E-02     5.225E+08     1.000E+01
2.50E-02     5.181E+08     1.000E+01
3.00E-02     5.138E+08     1.000E+01
4.00E-02     5.052E+08     1.000E+01
5.00E-02     4.967E+08     1.000E+01
6.00E-02     4.955E+08     1.000E+01
7.00E-02     4.942E+08     1.000E+01
8.00E-02     4.930E+08     1.000E+01
9.00E-02     4.918E+08     1.000E+01
1.00E-01     4.905E+08     1.000E+01
1.10E-01     4.918E+08     1.000E+01
1.20E-01     4.930E+08     1.000E+01
1.30E-01     4.943E+08     1.000E+01
1.40E-01     4.955E+08     1.000E+01
1.50E-01     4.968E+08     1.000E+01
1.60E-01     4.984E+08     1.000E+01
1.80E-01     5.016E+08     1.000E+01
2.00E-01     5.049E+08     1.000E+01
2.50E-01     5.122E+08     1.000E+01
3.00E-01     5.181E+08     1.000E+01
3.50E-01     5.223E+08     1.000E+01
4.00E-01     5.266E+08     1.000E+01
4.50E-01     5.298E+08     1.000E+01
5.00E-01     5.330E+08     1.000E+01
6.00E-01     5.389E+08     1.000E+01
7.00E-01     5.450E+08     1.000E+01
8.00E-01     5.515E+08     1.000E+01
9.00E-01     5.583E+08     1.000E+01
1.00E+00     5.655E+08     1.000E+01
1.25E+00     5.846E+08     1.000E+01
1.50E+00     6.043E+08     1.000E+01
1.75E+00     6.239E+08     1.000E+01
2.00E+00     6.441E+08     1.000E+01
2.50E+00     6.811E+08     1.000E+01
3.00E+00     7.113E+08     1.000E+01
3.50E+00     7.216E+08     1.000E+01
4.00E+00     6.838E+08     1.000E+01
5.00E+00     4.423E+08     1.000E+01
6.00E+00     2.283E+08     1.000E+01
7.00E+00     1.340E+08     1.000E+01
8.00E+00     9.639E+07     1.000E+01
9.00E+00     8.026E+07     1.000E+01
1.00E+01     7.209E+07     1.000E+01
