5        n ge61  he4 zn58                  taly      1.42150E+01      
1.00E-03     1.372E+06     1.000E+01
2.00E-03     1.380E+06     1.000E+01
3.00E-03     1.389E+06     1.000E+01
4.00E-03     1.397E+06     1.000E+01
5.00E-03     1.405E+06     1.000E+01
6.00E-03     1.395E+06     1.000E+01
7.00E-03     1.386E+06     1.000E+01
8.00E-03     1.376E+06     1.000E+01
9.00E-03     1.366E+06     1.000E+01
1.00E-02     1.357E+06     1.000E+01
1.10E-02     1.356E+06     1.000E+01
1.20E-02     1.354E+06     1.000E+01
1.30E-02     1.353E+06     1.000E+01
1.40E-02     1.352E+06     1.000E+01
1.50E-02     1.351E+06     1.000E+01
1.60E-02     1.350E+06     1.000E+01
1.80E-02     1.347E+06     1.000E+01
2.00E-02     1.345E+06     1.000E+01
2.50E-02     1.339E+06     1.000E+01
3.00E-02     1.333E+06     1.000E+01
4.00E-02     1.321E+06     1.000E+01
5.00E-02     1.309E+06     1.000E+01
6.00E-02     1.306E+06     1.000E+01
7.00E-02     1.302E+06     1.000E+01
8.00E-02     1.299E+06     1.000E+01
9.00E-02     1.296E+06     1.000E+01
1.00E-01     1.292E+06     1.000E+01
1.10E-01     1.291E+06     1.000E+01
1.20E-01     1.290E+06     1.000E+01
1.30E-01     1.289E+06     1.000E+01
1.40E-01     1.288E+06     1.000E+01
1.50E-01     1.287E+06     1.000E+01
1.60E-01     1.287E+06     1.000E+01
1.80E-01     1.288E+06     1.000E+01
2.00E-01     1.289E+06     1.000E+01
2.50E-01     1.295E+06     1.000E+01
3.00E-01     1.301E+06     1.000E+01
3.50E-01     1.307E+06     1.000E+01
4.00E-01     1.313E+06     1.000E+01
4.50E-01     1.316E+06     1.000E+01
5.00E-01     1.320E+06     1.000E+01
6.00E-01     1.309E+06     1.000E+01
7.00E-01     1.253E+06     1.000E+01
8.00E-01     1.130E+06     1.000E+01
9.00E-01     9.508E+05     1.000E+01
1.00E+00     7.569E+05     1.000E+01
1.25E+00     4.377E+05     1.000E+01
1.50E+00     2.531E+05     1.000E+01
1.75E+00     2.039E+05     1.000E+01
2.00E+00     1.643E+05     1.000E+01
2.50E+00     1.460E+05     1.000E+01
3.00E+00     1.388E+05     1.000E+01
3.50E+00     1.324E+05     1.000E+01
4.00E+00     1.250E+05     1.000E+01
5.00E+00     1.083E+05     1.000E+01
6.00E+00     9.157E+04     1.000E+01
7.00E+00     7.632E+04     1.000E+01
8.00E+00     6.294E+04     1.000E+01
9.00E+00     5.134E+04     1.000E+01
1.00E+01     4.131E+04     1.000E+01
