5        n ge66  he4 zn63                  taly      6.25200E+00      
1.00E-03     3.295E+06     1.000E+01
2.00E-03     3.171E+06     1.000E+01
3.00E-03     3.051E+06     1.000E+01
4.00E-03     2.936E+06     1.000E+01
5.00E-03     2.825E+06     1.000E+01
6.00E-03     2.764E+06     1.000E+01
7.00E-03     2.704E+06     1.000E+01
8.00E-03     2.646E+06     1.000E+01
9.00E-03     2.589E+06     1.000E+01
1.00E-02     2.534E+06     1.000E+01
1.10E-02     2.527E+06     1.000E+01
1.20E-02     2.520E+06     1.000E+01
1.30E-02     2.514E+06     1.000E+01
1.40E-02     2.507E+06     1.000E+01
1.50E-02     2.500E+06     1.000E+01
1.60E-02     2.494E+06     1.000E+01
1.80E-02     2.480E+06     1.000E+01
2.00E-02     2.467E+06     1.000E+01
2.50E-02     2.435E+06     1.000E+01
3.00E-02     2.403E+06     1.000E+01
4.00E-02     2.340E+06     1.000E+01
5.00E-02     2.279E+06     1.000E+01
6.00E-02     2.318E+06     1.000E+01
7.00E-02     2.357E+06     1.000E+01
8.00E-02     2.397E+06     1.000E+01
9.00E-02     2.438E+06     1.000E+01
1.00E-01     2.480E+06     1.000E+01
1.10E-01     2.529E+06     1.000E+01
1.20E-01     2.579E+06     1.000E+01
1.30E-01     2.630E+06     1.000E+01
1.40E-01     2.682E+06     1.000E+01
1.50E-01     2.735E+06     1.000E+01
1.60E-01     2.784E+06     1.000E+01
1.80E-01     2.887E+06     1.000E+01
2.00E-01     2.994E+06     1.000E+01
2.50E-01     3.240E+06     1.000E+01
3.00E-01     3.467E+06     1.000E+01
3.50E-01     3.661E+06     1.000E+01
4.00E-01     3.865E+06     1.000E+01
4.50E-01     4.032E+06     1.000E+01
5.00E-01     4.207E+06     1.000E+01
6.00E-01     4.519E+06     1.000E+01
7.00E-01     4.814E+06     1.000E+01
8.00E-01     5.101E+06     1.000E+01
9.00E-01     5.387E+06     1.000E+01
1.00E+00     5.675E+06     1.000E+01
1.25E+00     6.408E+06     1.000E+01
1.50E+00     7.235E+06     1.000E+01
1.75E+00     8.139E+06     1.000E+01
2.00E+00     9.155E+06     1.000E+01
2.50E+00     1.161E+07     1.000E+01
3.00E+00     1.467E+07     1.000E+01
3.50E+00     1.831E+07     1.000E+01
4.00E+00     2.244E+07     1.000E+01
5.00E+00     3.164E+07     1.000E+01
6.00E+00     4.073E+07     1.000E+01
7.00E+00     4.610E+07     1.000E+01
8.00E+00     4.380E+07     1.000E+01
9.00E+00     3.613E+07     1.000E+01
1.00E+01     2.856E+07     1.000E+01
