4        p    d  he3                       il16      5.49348E+00      
1.00E-03     1.379E-11     1.037E+00
2.00E-03     1.906E-08     1.037E+00
3.00E-03     6.175E-07     1.037E+00
4.00E-03     5.464E-06     1.037E+00
5.00E-03     2.557E-05     1.037E+00
6.00E-03     8.262E-05     1.037E+00
7.00E-03     2.101E-04     1.037E+00
8.00E-03     4.529E-04     1.037E+00
9.00E-03     8.655E-04     1.037E+00
1.00E-02     1.510E-03     1.037E+00
1.10E-02     2.456E-03     1.037E+00
1.20E-02     3.773E-03     1.037E+00
1.30E-02     5.538E-03     1.037E+00
1.40E-02     7.825E-03     1.037E+00
1.50E-02     1.071E-02     1.037E+00
1.60E-02     1.427E-02     1.037E+00
1.80E-02     2.368E-02     1.037E+00
2.00E-02     3.662E-02     1.037E+00
2.50E-02     8.760E-02     1.037E+00
3.00E-02     1.702E-01     1.037E+00
4.00E-02     4.480E-01     1.037E+00
5.00E-02     8.922E-01     1.037E+00
6.00E-02     1.511E+00     1.037E+00
7.00E-02     2.304E+00     1.037E+00
8.00E-02     3.267E+00     1.037E+00
9.00E-02     4.395E+00     1.037E+00
1.00E-01     5.680E+00     1.037E+00
1.10E-01     7.115E+00     1.037E+00
1.20E-01     8.693E+00     1.037E+00
1.30E-01     1.041E+01     1.037E+00
1.40E-01     1.225E+01     1.037E+00
1.50E-01     1.421E+01     1.037E+00
1.60E-01     1.629E+01     1.037E+00
1.80E-01     2.078E+01     1.037E+00
2.00E-01     2.567E+01     1.037E+00
2.50E-01     3.945E+01     1.037E+00
3.00E-01     5.510E+01     1.037E+00
3.50E-01     7.231E+01     1.037E+00
4.00E-01     9.084E+01     1.037E+00
4.50E-01     1.105E+02     1.037E+00
5.00E-01     1.311E+02     1.037E+00
6.00E-01     1.749E+02     1.037E+00
7.00E-01     2.215E+02     1.037E+00
8.00E-01     2.703E+02     1.037E+00
9.00E-01     3.211E+02     1.037E+00
1.00E+00     3.734E+02     1.037E+00
1.25E+00     5.101E+02     1.037E+00
1.50E+00     6.534E+02     1.037E+00
1.75E+00     8.017E+02     1.037E+00
2.00E+00     9.540E+02     1.037E+00
2.50E+00     1.268E+03     1.037E+00
3.00E+00     1.590E+03     1.037E+00
3.50E+00     1.916E+03     1.037E+00
4.00E+00     2.241E+03     1.037E+00
5.00E+00     2.905E+03     1.040E+00
6.00E+00     3.557E+03     1.042E+00
7.00E+00     4.194E+03     1.044E+00
8.00E+00     4.812E+03     1.046E+00
9.00E+00     5.410E+03     1.047E+00
1.00E+01     5.988E+03     1.049E+00
