4      he4  he3  be7                       il16      1.58713E+00      
1.00E-03     1.178E-47     1.024E+00
2.00E-03     2.300E-36     1.024E+00
3.00E-03     6.811E-31     1.024E+00
4.00E-03     1.911E-27     1.024E+00
5.00E-03     5.391E-25     1.024E+00
6.00E-03     3.975E-23     1.024E+00
7.00E-03     1.230E-21     1.024E+00
8.00E-03     2.083E-20     1.024E+00
9.00E-03     2.273E-19     1.024E+00
1.00E-02     1.778E-18     1.024E+00
1.10E-02     1.073E-17     1.024E+00
1.20E-02     5.266E-17     1.024E+00
1.30E-02     2.182E-16     1.024E+00
1.40E-02     7.859E-16     1.024E+00
1.50E-02     2.517E-15     1.024E+00
1.60E-02     7.291E-15     1.024E+00
1.80E-02     4.782E-14     1.024E+00
2.00E-02     2.413E-13     1.024E+00
2.50E-02     6.141E-12     1.024E+00
3.00E-02     7.209E-11     1.024E+00
4.00E-02     2.582E-09     1.024E+00
5.00E-02     3.258E-08     1.024E+00
6.00E-02     2.238E-07     1.024E+00
7.00E-02     1.038E-06     1.024E+00
8.00E-02     3.666E-06     1.024E+00
9.00E-02     1.062E-05     1.024E+00
1.00E-01     2.648E-05     1.024E+00
1.10E-01     5.876E-05     1.024E+00
1.20E-01     1.187E-04     1.024E+00
1.30E-01     2.224E-04     1.024E+00
1.40E-01     3.913E-04     1.024E+00
1.50E-01     6.530E-04     1.024E+00
1.60E-01     1.042E-03     1.024E+00
1.80E-01     2.376E-03     1.024E+00
2.00E-01     4.818E-03     1.024E+00
2.50E-01     1.968E-02     1.024E+00
3.00E-01     5.698E-02     1.024E+00
3.50E-01     1.322E-01     1.024E+00
4.00E-01     2.631E-01     1.024E+00
4.50E-01     4.687E-01     1.024E+00
5.00E-01     7.677E-01     1.024E+00
6.00E-01     1.717E+00     1.024E+00
7.00E-01     3.239E+00     1.024E+00
8.00E-01     5.435E+00     1.024E+00
9.00E-01     8.380E+00     1.024E+00
1.00E+00     1.213E+01     1.024E+00
1.25E+00     2.519E+01     1.024E+00
1.50E+00     4.360E+01     1.024E+00
1.75E+00     6.717E+01     1.024E+00
2.00E+00     9.539E+01     1.024E+00
2.50E+00     1.705E+02     1.035E+00
3.00E+00     2.585E+02     1.035E+00
3.50E+00     3.602E+02     1.035E+00
4.00E+00     4.742E+02     1.035E+00
5.00E+00     7.351E+02     1.035E+00
6.00E+00     1.035E+03     1.035E+00
7.00E+00     1.370E+03     1.035E+00
8.00E+00     1.738E+03     1.035E+00
9.00E+00     2.135E+03     1.035E+00
1.00E+01     2.558E+03     1.035E+00
