5        pin102  he4 cd99                  taly      4.10100E+00      
1.00E-03     0.000E+00     1.000E+00
2.00E-03     0.000E+00     1.000E+00
3.00E-03     0.000E+00     1.000E+00
4.00E-03     0.000E+00     1.000E+00
5.00E-03     0.000E+00     1.000E+00
6.00E-03     0.000E+00     1.000E+00
7.00E-03     0.000E+00     1.000E+00
8.00E-03     0.000E+00     1.000E+00
9.00E-03     0.000E+00     1.000E+00
1.00E-02     0.000E+00     1.000E+00
1.10E-02     0.000E+00     1.000E+00
1.20E-02     0.000E+00     1.000E+00
1.30E-02     0.000E+00     1.000E+00
1.40E-02     0.000E+00     1.000E+00
1.50E-02     0.000E+00     1.000E+00
1.60E-02     0.000E+00     1.000E+00
1.80E-02     0.000E+00     1.000E+00
2.00E-02     0.000E+00     1.000E+00
2.50E-02     0.000E+00     1.000E+00
3.00E-02     0.000E+00     1.000E+00
4.00E-02     0.000E+00     1.000E+00
5.00E-02     0.000E+00     1.000E+00
6.00E-02     1.837E-87     1.000E+01
7.00E-02     3.376E-75     1.000E+01
8.00E-02     6.203E-63     1.000E+01
9.00E-02     1.140E-50     1.000E+01
1.00E-01     2.094E-38     1.000E+01
1.10E-01     3.978E-37     1.000E+01
1.20E-01     7.555E-36     1.000E+01
1.30E-01     1.435E-34     1.000E+01
1.40E-01     2.726E-33     1.000E+01
1.50E-01     5.177E-32     1.000E+01
1.60E-01     2.239E-31     1.000E+01
1.80E-01     4.187E-30     1.000E+01
2.00E-01     7.832E-29     1.000E+01
2.50E-01     1.223E-26     1.000E+01
3.00E-01     1.846E-24     1.000E+01
3.50E-01     9.243E-23     1.000E+01
4.00E-01     4.629E-21     1.000E+01
4.50E-01     7.040E-20     1.000E+01
5.00E-01     1.071E-18     1.000E+01
6.00E-01     8.353E-17     1.000E+01
7.00E-01     3.640E-15     1.000E+01
8.00E-01     9.283E-14     1.000E+01
9.00E-01     1.467E-12     1.000E+01
1.00E+00     1.561E-11     1.000E+01
1.25E+00     8.743E-10     1.000E+01
1.50E+00     4.898E-08     1.000E+01
1.75E+00     5.413E-07     1.000E+01
2.00E+00     5.983E-06     1.000E+01
2.50E+00     1.814E-04     1.000E+01
3.00E+00     2.769E-03     1.000E+01
3.50E+00     2.797E-02     1.000E+01
4.00E+00     2.060E-01     1.000E+01
5.00E+00     4.860E+00     1.000E+01
6.00E+00     4.062E+01     1.000E+01
7.00E+00     1.753E+02     1.000E+01
8.00E+00     5.795E+02     1.000E+01
9.00E+00     1.606E+03     1.000E+01
1.00E+01     3.751E+03     1.000E+01
