4        n in98 in99                       taly      1.55510E+01      
1.00E-03     1.411E+03     1.000E+01
2.00E-03     1.474E+03     1.000E+01
3.00E-03     1.536E+03     1.000E+01
4.00E-03     1.599E+03     1.000E+01
5.00E-03     1.662E+03     1.000E+01
6.00E-03     1.699E+03     1.000E+01
7.00E-03     1.737E+03     1.000E+01
8.00E-03     1.775E+03     1.000E+01
9.00E-03     1.812E+03     1.000E+01
1.00E-02     1.850E+03     1.000E+01
1.10E-02     1.897E+03     1.000E+01
1.20E-02     1.944E+03     1.000E+01
1.30E-02     1.991E+03     1.000E+01
1.40E-02     2.038E+03     1.000E+01
1.50E-02     2.086E+03     1.000E+01
1.60E-02     2.133E+03     1.000E+01
1.80E-02     2.227E+03     1.000E+01
2.00E-02     2.321E+03     1.000E+01
2.50E-02     2.557E+03     1.000E+01
3.00E-02     2.793E+03     1.000E+01
4.00E-02     3.265E+03     1.000E+01
5.00E-02     3.737E+03     1.000E+01
6.00E-02     4.170E+03     1.000E+01
7.00E-02     4.604E+03     1.000E+01
8.00E-02     5.038E+03     1.000E+01
9.00E-02     5.472E+03     1.000E+01
1.00E-01     5.906E+03     1.000E+01
1.10E-01     6.311E+03     1.000E+01
1.20E-01     6.717E+03     1.000E+01
1.30E-01     7.122E+03     1.000E+01
1.40E-01     7.528E+03     1.000E+01
1.50E-01     7.934E+03     1.000E+01
1.60E-01     8.316E+03     1.000E+01
1.80E-01     9.080E+03     1.000E+01
2.00E-01     9.844E+03     1.000E+01
2.50E-01     1.161E+04     1.000E+01
3.00E-01     1.322E+04     1.000E+01
3.50E-01     1.460E+04     1.000E+01
4.00E-01     1.598E+04     1.000E+01
4.50E-01     1.711E+04     1.000E+01
5.00E-01     1.824E+04     1.000E+01
6.00E-01     2.014E+04     1.000E+01
7.00E-01     2.174E+04     1.000E+01
8.00E-01     2.308E+04     1.000E+01
9.00E-01     2.419E+04     1.000E+01
1.00E+00     2.509E+04     1.000E+01
1.25E+00     2.605E+04     1.000E+01
1.50E+00     2.700E+04     1.000E+01
1.75E+00     2.645E+04     1.000E+01
2.00E+00     2.590E+04     1.000E+01
2.50E+00     2.226E+04     1.000E+01
3.00E+00     1.713E+04     1.000E+01
3.50E+00     1.257E+04     1.000E+01
4.00E+00     9.332E+03     1.000E+01
5.00E+00     5.703E+03     1.000E+01
6.00E+00     3.925E+03     1.000E+01
7.00E+00     2.903E+03     1.000E+01
8.00E+00     2.232E+03     1.000E+01
9.00E+00     1.745E+03     1.000E+01
1.00E+01     1.368E+03     1.000E+01
