4        n in99in100                       taly      1.10080E+01      
1.00E-03     1.243E+05     1.000E+01
2.00E-03     1.265E+05     1.000E+01
3.00E-03     1.286E+05     1.000E+01
4.00E-03     1.308E+05     1.000E+01
5.00E-03     1.330E+05     1.000E+01
6.00E-03     1.333E+05     1.000E+01
7.00E-03     1.336E+05     1.000E+01
8.00E-03     1.340E+05     1.000E+01
9.00E-03     1.343E+05     1.000E+01
1.00E-02     1.346E+05     1.000E+01
1.10E-02     1.357E+05     1.000E+01
1.20E-02     1.367E+05     1.000E+01
1.30E-02     1.378E+05     1.000E+01
1.40E-02     1.389E+05     1.000E+01
1.50E-02     1.400E+05     1.000E+01
1.60E-02     1.410E+05     1.000E+01
1.80E-02     1.432E+05     1.000E+01
2.00E-02     1.453E+05     1.000E+01
2.50E-02     1.506E+05     1.000E+01
3.00E-02     1.560E+05     1.000E+01
4.00E-02     1.667E+05     1.000E+01
5.00E-02     1.774E+05     1.000E+01
6.00E-02     1.874E+05     1.000E+01
7.00E-02     1.974E+05     1.000E+01
8.00E-02     2.074E+05     1.000E+01
9.00E-02     2.173E+05     1.000E+01
1.00E-01     2.273E+05     1.000E+01
1.10E-01     2.365E+05     1.000E+01
1.20E-01     2.457E+05     1.000E+01
1.30E-01     2.549E+05     1.000E+01
1.40E-01     2.642E+05     1.000E+01
1.50E-01     2.734E+05     1.000E+01
1.60E-01     2.819E+05     1.000E+01
1.80E-01     2.990E+05     1.000E+01
2.00E-01     3.162E+05     1.000E+01
2.50E-01     3.552E+05     1.000E+01
3.00E-01     3.898E+05     1.000E+01
3.50E-01     4.177E+05     1.000E+01
4.00E-01     4.455E+05     1.000E+01
4.50E-01     4.626E+05     1.000E+01
5.00E-01     4.797E+05     1.000E+01
6.00E-01     4.856E+05     1.000E+01
7.00E-01     4.622E+05     1.000E+01
8.00E-01     4.181E+05     1.000E+01
9.00E-01     3.663E+05     1.000E+01
1.00E+00     3.164E+05     1.000E+01
1.25E+00     2.405E+05     1.000E+01
1.50E+00     1.647E+05     1.000E+01
1.75E+00     1.363E+05     1.000E+01
2.00E+00     1.078E+05     1.000E+01
2.50E+00     8.134E+04     1.000E+01
3.00E+00     6.636E+04     1.000E+01
3.50E+00     5.673E+04     1.000E+01
4.00E+00     5.000E+04     1.000E+01
5.00E+00     4.113E+04     1.000E+01
6.00E+00     3.545E+04     1.000E+01
7.00E+00     3.140E+04     1.000E+01
8.00E+00     2.827E+04     1.000E+01
9.00E+00     2.570E+04     1.000E+01
1.00E+01     2.347E+04     1.000E+01
