5        n in98    p cd98                  taly      1.45220E+01      
1.00E-03     1.269E+08     1.000E+01
2.00E-03     1.288E+08     1.000E+01
3.00E-03     1.307E+08     1.000E+01
4.00E-03     1.327E+08     1.000E+01
5.00E-03     1.348E+08     1.000E+01
6.00E-03     1.349E+08     1.000E+01
7.00E-03     1.350E+08     1.000E+01
8.00E-03     1.351E+08     1.000E+01
9.00E-03     1.352E+08     1.000E+01
1.00E-02     1.353E+08     1.000E+01
1.10E-02     1.360E+08     1.000E+01
1.20E-02     1.368E+08     1.000E+01
1.30E-02     1.376E+08     1.000E+01
1.40E-02     1.384E+08     1.000E+01
1.50E-02     1.392E+08     1.000E+01
1.60E-02     1.400E+08     1.000E+01
1.80E-02     1.416E+08     1.000E+01
2.00E-02     1.432E+08     1.000E+01
2.50E-02     1.473E+08     1.000E+01
3.00E-02     1.516E+08     1.000E+01
4.00E-02     1.605E+08     1.000E+01
5.00E-02     1.699E+08     1.000E+01
6.00E-02     1.775E+08     1.000E+01
7.00E-02     1.854E+08     1.000E+01
8.00E-02     1.937E+08     1.000E+01
9.00E-02     2.024E+08     1.000E+01
1.00E-01     2.114E+08     1.000E+01
1.10E-01     2.187E+08     1.000E+01
1.20E-01     2.263E+08     1.000E+01
1.30E-01     2.341E+08     1.000E+01
1.40E-01     2.422E+08     1.000E+01
1.50E-01     2.506E+08     1.000E+01
1.60E-01     2.576E+08     1.000E+01
1.80E-01     2.723E+08     1.000E+01
2.00E-01     2.878E+08     1.000E+01
2.50E-01     3.223E+08     1.000E+01
3.00E-01     3.536E+08     1.000E+01
3.50E-01     3.793E+08     1.000E+01
4.00E-01     4.069E+08     1.000E+01
4.50E-01     4.281E+08     1.000E+01
5.00E-01     4.504E+08     1.000E+01
6.00E-01     4.865E+08     1.000E+01
7.00E-01     5.171E+08     1.000E+01
8.00E-01     5.431E+08     1.000E+01
9.00E-01     5.653E+08     1.000E+01
1.00E+00     5.842E+08     1.000E+01
1.25E+00     6.111E+08     1.000E+01
1.50E+00     6.393E+08     1.000E+01
1.75E+00     6.354E+08     1.000E+01
2.00E+00     6.314E+08     1.000E+01
2.50E+00     5.433E+08     1.000E+01
3.00E+00     4.051E+08     1.000E+01
3.50E+00     2.822E+08     1.000E+01
4.00E+00     1.976E+08     1.000E+01
5.00E+00     1.086E+08     1.000E+01
6.00E+00     6.894E+07     1.000E+01
7.00E+00     4.810E+07     1.000E+01
8.00E+00     3.548E+07     1.000E+01
9.00E+00     2.696E+07     1.000E+01
1.00E+01     2.076E+07     1.000E+01
