4        p in98 sn99                       taly      1.33700E+00      
1.00E-03     0.000E+00     1.000E+00
2.00E-03     0.000E+00     1.000E+00
3.00E-03     0.000E+00     1.000E+00
4.00E-03     0.000E+00     1.000E+00
5.00E-03     0.000E+00     1.000E+00
6.00E-03     0.000E+00     1.000E+00
7.00E-03     0.000E+00     1.000E+00
8.00E-03     0.000E+00     1.000E+00
9.00E-03     0.000E+00     1.000E+00
1.00E-02     0.000E+00     1.000E+00
1.10E-02     0.000E+00     1.000E+00
1.20E-02     0.000E+00     1.000E+00
1.30E-02     0.000E+00     1.000E+00
1.40E-02     0.000E+00     1.000E+00
1.50E-02     0.000E+00     1.000E+00
1.60E-02     0.000E+00     1.000E+00
1.80E-02     0.000E+00     1.000E+00
2.00E-02     0.000E+00     1.000E+00
2.50E-02     0.000E+00     1.000E+00
3.00E-02     0.000E+00     1.000E+00
4.00E-02     0.000E+00     1.000E+00
5.00E-02     0.000E+00     1.000E+00
6.00E-02     1.185E-86     1.000E+01
7.00E-02     1.405E-73     1.000E+01
8.00E-02     1.666E-60     1.000E+01
9.00E-02     1.974E-47     1.000E+01
1.00E-01     2.340E-34     1.000E+01
1.10E-01     5.970E-33     1.000E+01
1.20E-01     1.523E-31     1.000E+01
1.30E-01     3.885E-30     1.000E+01
1.40E-01     9.910E-29     1.000E+01
1.50E-01     2.528E-27     1.000E+01
1.60E-01     1.735E-26     1.000E+01
1.80E-01     8.173E-25     1.000E+01
2.00E-01     3.850E-23     1.000E+01
2.50E-01     3.500E-20     1.000E+01
3.00E-01     6.285E-18     1.000E+01
3.50E-01     2.746E-16     1.000E+01
4.00E-01     1.200E-14     1.000E+01
4.50E-01     1.747E-13     1.000E+01
5.00E-01     2.544E-12     1.000E+01
6.00E-01     1.467E-10     1.000E+01
7.00E-01     3.559E-09     1.000E+01
8.00E-01     4.664E-08     1.000E+01
9.00E-01     3.878E-07     1.000E+01
1.00E+00     2.286E-06     1.000E+01
1.25E+00     4.146E-05     1.000E+01
1.50E+00     7.522E-04     1.000E+01
1.75E+00     3.663E-03     1.000E+01
2.00E+00     1.784E-02     1.000E+01
2.50E+00     1.175E-01     1.000E+01
3.00E+00     3.602E-01     1.000E+01
3.50E+00     7.082E-01     1.000E+01
4.00E+00     1.097E+00     1.000E+01
5.00E+00     1.889E+00     1.000E+01
6.00E+00     2.652E+00     1.000E+01
7.00E+00     3.371E+00     1.000E+01
8.00E+00     4.037E+00     1.000E+01
9.00E+00     4.641E+00     1.000E+01
1.00E+01     5.166E+00     1.000E+01
