4        pcd100in101                       taly      1.70800E+00      
1.00E-03     0.000E+00     1.000E+00
2.00E-03     0.000E+00     1.000E+00
3.00E-03     0.000E+00     1.000E+00
4.00E-03     0.000E+00     1.000E+00
5.00E-03     0.000E+00     1.000E+00
6.00E-03     0.000E+00     1.000E+00
7.00E-03     0.000E+00     1.000E+00
8.00E-03     0.000E+00     1.000E+00
9.00E-03     0.000E+00     1.000E+00
1.00E-02     0.000E+00     1.000E+00
1.10E-02     0.000E+00     1.000E+00
1.20E-02     0.000E+00     1.000E+00
1.30E-02     0.000E+00     1.000E+00
1.40E-02     0.000E+00     1.000E+00
1.50E-02     0.000E+00     1.000E+00
1.60E-02     0.000E+00     1.000E+00
1.80E-02     0.000E+00     1.000E+00
2.00E-02     0.000E+00     1.000E+00
2.50E-02     0.000E+00     1.000E+00
3.00E-02     0.000E+00     1.000E+00
4.00E-02     0.000E+00     1.000E+00
5.00E-02     0.000E+00     1.000E+00
6.00E-02     8.715E-87     1.000E+01
7.00E-02     7.595E-74     1.000E+01
8.00E-02     6.619E-61     1.000E+01
9.00E-02     5.768E-48     1.000E+01
1.00E-01     5.027E-35     1.000E+01
1.10E-01     1.490E-33     1.000E+01
1.20E-01     4.417E-32     1.000E+01
1.30E-01     1.309E-30     1.000E+01
1.40E-01     3.881E-29     1.000E+01
1.50E-01     1.150E-27     1.000E+01
1.60E-01     7.866E-27     1.000E+01
1.80E-01     3.678E-25     1.000E+01
2.00E-01     1.720E-23     1.000E+01
2.50E-01     1.391E-20     1.000E+01
3.00E-01     2.251E-18     1.000E+01
3.50E-01     9.074E-17     1.000E+01
4.00E-01     3.657E-15     1.000E+01
4.50E-01     5.010E-14     1.000E+01
5.00E-01     6.865E-13     1.000E+01
6.00E-01     3.593E-11     1.000E+01
7.00E-01     8.058E-10     1.000E+01
8.00E-01     9.919E-09     1.000E+01
9.00E-01     7.863E-08     1.000E+01
1.00E+00     4.483E-07     1.000E+01
1.25E+00     8.533E-06     1.000E+01
1.50E+00     1.624E-04     1.000E+01
1.75E+00     1.033E-03     1.000E+01
2.00E+00     6.571E-03     1.000E+01
2.50E+00     9.260E-02     1.000E+01
3.00E+00     6.573E-01     1.000E+01
3.50E+00     2.922E+00     1.000E+01
4.00E+00     9.352E+00     1.000E+01
5.00E+00     5.003E+01     1.000E+01
6.00E+00     1.563E+02     1.000E+01
7.00E+00     3.200E+02     1.000E+01
8.00E+00     3.518E+02     1.000E+01
9.00E+00     2.338E+02     1.000E+01
1.00E+01     1.437E+02     1.000E+01
