5        n in99    p cd99                  taly      9.33700E+00      
1.00E-03     2.294E+08     1.000E+01
2.00E-03     2.329E+08     1.000E+01
3.00E-03     2.364E+08     1.000E+01
4.00E-03     2.400E+08     1.000E+01
5.00E-03     2.436E+08     1.000E+01
6.00E-03     2.438E+08     1.000E+01
7.00E-03     2.439E+08     1.000E+01
8.00E-03     2.441E+08     1.000E+01
9.00E-03     2.443E+08     1.000E+01
1.00E-02     2.444E+08     1.000E+01
1.10E-02     2.458E+08     1.000E+01
1.20E-02     2.472E+08     1.000E+01
1.30E-02     2.486E+08     1.000E+01
1.40E-02     2.501E+08     1.000E+01
1.50E-02     2.515E+08     1.000E+01
1.60E-02     2.529E+08     1.000E+01
1.80E-02     2.558E+08     1.000E+01
2.00E-02     2.587E+08     1.000E+01
2.50E-02     2.662E+08     1.000E+01
3.00E-02     2.738E+08     1.000E+01
4.00E-02     2.899E+08     1.000E+01
5.00E-02     3.068E+08     1.000E+01
6.00E-02     3.205E+08     1.000E+01
7.00E-02     3.349E+08     1.000E+01
8.00E-02     3.499E+08     1.000E+01
9.00E-02     3.656E+08     1.000E+01
1.00E-01     3.819E+08     1.000E+01
1.10E-01     3.952E+08     1.000E+01
1.20E-01     4.089E+08     1.000E+01
1.30E-01     4.230E+08     1.000E+01
1.40E-01     4.377E+08     1.000E+01
1.50E-01     4.529E+08     1.000E+01
1.60E-01     4.656E+08     1.000E+01
1.80E-01     4.922E+08     1.000E+01
2.00E-01     5.204E+08     1.000E+01
2.50E-01     5.832E+08     1.000E+01
3.00E-01     6.401E+08     1.000E+01
3.50E-01     6.856E+08     1.000E+01
4.00E-01     7.344E+08     1.000E+01
4.50E-01     7.644E+08     1.000E+01
5.00E-01     7.957E+08     1.000E+01
6.00E-01     8.112E+08     1.000E+01
7.00E-01     7.772E+08     1.000E+01
8.00E-01     7.073E+08     1.000E+01
9.00E-01     6.232E+08     1.000E+01
1.00E+00     5.412E+08     1.000E+01
1.25E+00     3.962E+08     1.000E+01
1.50E+00     2.901E+08     1.000E+01
1.75E+00     2.392E+08     1.000E+01
2.00E+00     1.973E+08     1.000E+01
2.50E+00     1.555E+08     1.000E+01
3.00E+00     1.330E+08     1.000E+01
3.50E+00     1.192E+08     1.000E+01
4.00E+00     1.102E+08     1.000E+01
5.00E+00     9.914E+07     1.000E+01
6.00E+00     9.284E+07     1.000E+01
7.00E+00     8.872E+07     1.000E+01
8.00E+00     8.562E+07     1.000E+01
9.00E+00     8.290E+07     1.000E+01
1.00E+01     8.013E+07     1.000E+01
