5        nin101  he4 ag98                  taly      1.00980E+01      
1.00E-03     8.627E+04     1.000E+01
2.00E-03     8.812E+04     1.000E+01
3.00E-03     9.001E+04     1.000E+01
4.00E-03     9.194E+04     1.000E+01
5.00E-03     9.392E+04     1.000E+01
6.00E-03     9.451E+04     1.000E+01
7.00E-03     9.511E+04     1.000E+01
8.00E-03     9.571E+04     1.000E+01
9.00E-03     9.631E+04     1.000E+01
1.00E-02     9.692E+04     1.000E+01
1.10E-02     9.787E+04     1.000E+01
1.20E-02     9.883E+04     1.000E+01
1.30E-02     9.980E+04     1.000E+01
1.40E-02     1.008E+05     1.000E+01
1.50E-02     1.018E+05     1.000E+01
1.60E-02     1.028E+05     1.000E+01
1.80E-02     1.048E+05     1.000E+01
2.00E-02     1.068E+05     1.000E+01
2.50E-02     1.122E+05     1.000E+01
3.00E-02     1.178E+05     1.000E+01
4.00E-02     1.299E+05     1.000E+01
5.00E-02     1.432E+05     1.000E+01
6.00E-02     1.528E+05     1.000E+01
7.00E-02     1.630E+05     1.000E+01
8.00E-02     1.740E+05     1.000E+01
9.00E-02     1.856E+05     1.000E+01
1.00E-01     1.981E+05     1.000E+01
1.10E-01     2.076E+05     1.000E+01
1.20E-01     2.175E+05     1.000E+01
1.30E-01     2.279E+05     1.000E+01
1.40E-01     2.389E+05     1.000E+01
1.50E-01     2.503E+05     1.000E+01
1.60E-01     2.596E+05     1.000E+01
1.80E-01     2.792E+05     1.000E+01
2.00E-01     3.003E+05     1.000E+01
2.50E-01     3.473E+05     1.000E+01
3.00E-01     3.907E+05     1.000E+01
3.50E-01     4.272E+05     1.000E+01
4.00E-01     4.671E+05     1.000E+01
4.50E-01     4.989E+05     1.000E+01
5.00E-01     5.328E+05     1.000E+01
6.00E-01     5.908E+05     1.000E+01
7.00E-01     6.429E+05     1.000E+01
8.00E-01     6.904E+05     1.000E+01
9.00E-01     7.342E+05     1.000E+01
1.00E+00     7.748E+05     1.000E+01
1.25E+00     8.565E+05     1.000E+01
1.50E+00     9.467E+05     1.000E+01
1.75E+00     1.016E+06     1.000E+01
2.00E+00     1.090E+06     1.000E+01
2.50E+00     1.228E+06     1.000E+01
3.00E+00     1.375E+06     1.000E+01
3.50E+00     1.545E+06     1.000E+01
4.00E+00     1.749E+06     1.000E+01
5.00E+00     2.304E+06     1.000E+01
6.00E+00     3.211E+06     1.000E+01
7.00E+00     4.391E+06     1.000E+01
8.00E+00     5.028E+06     1.000E+01
9.00E+00     5.150E+06     1.000E+01
1.00E+01     5.056E+06     1.000E+01
