5        nin100  he4 ag97                  taly      1.21590E+01      
1.00E-03     4.593E+05     1.000E+01
2.00E-03     4.651E+05     1.000E+01
3.00E-03     4.709E+05     1.000E+01
4.00E-03     4.767E+05     1.000E+01
5.00E-03     4.827E+05     1.000E+01
6.00E-03     4.819E+05     1.000E+01
7.00E-03     4.811E+05     1.000E+01
8.00E-03     4.803E+05     1.000E+01
9.00E-03     4.796E+05     1.000E+01
1.00E-02     4.788E+05     1.000E+01
1.10E-02     4.806E+05     1.000E+01
1.20E-02     4.824E+05     1.000E+01
1.30E-02     4.842E+05     1.000E+01
1.40E-02     4.861E+05     1.000E+01
1.50E-02     4.879E+05     1.000E+01
1.60E-02     4.897E+05     1.000E+01
1.80E-02     4.934E+05     1.000E+01
2.00E-02     4.972E+05     1.000E+01
2.50E-02     5.066E+05     1.000E+01
3.00E-02     5.163E+05     1.000E+01
4.00E-02     5.361E+05     1.000E+01
5.00E-02     5.567E+05     1.000E+01
6.00E-02     5.750E+05     1.000E+01
7.00E-02     5.938E+05     1.000E+01
8.00E-02     6.133E+05     1.000E+01
9.00E-02     6.334E+05     1.000E+01
1.00E-01     6.542E+05     1.000E+01
1.10E-01     6.718E+05     1.000E+01
1.20E-01     6.899E+05     1.000E+01
1.30E-01     7.086E+05     1.000E+01
1.40E-01     7.277E+05     1.000E+01
1.50E-01     7.473E+05     1.000E+01
1.60E-01     7.644E+05     1.000E+01
1.80E-01     7.999E+05     1.000E+01
2.00E-01     8.370E+05     1.000E+01
2.50E-01     9.210E+05     1.000E+01
3.00E-01     9.978E+05     1.000E+01
3.50E-01     1.062E+06     1.000E+01
4.00E-01     1.130E+06     1.000E+01
4.50E-01     1.184E+06     1.000E+01
5.00E-01     1.240E+06     1.000E+01
6.00E-01     1.333E+06     1.000E+01
7.00E-01     1.413E+06     1.000E+01
8.00E-01     1.484E+06     1.000E+01
9.00E-01     1.547E+06     1.000E+01
1.00E+00     1.603E+06     1.000E+01
1.25E+00     1.703E+06     1.000E+01
1.50E+00     1.809E+06     1.000E+01
1.75E+00     1.873E+06     1.000E+01
2.00E+00     1.939E+06     1.000E+01
2.50E+00     2.026E+06     1.000E+01
3.00E+00     2.069E+06     1.000E+01
3.50E+00     1.997E+06     1.000E+01
4.00E+00     1.677E+06     1.000E+01
5.00E+00     6.962E+05     1.000E+01
6.00E+00     2.630E+05     1.000E+01
7.00E+00     1.359E+05     1.000E+01
8.00E+00     9.178E+04     1.000E+01
9.00E+00     7.261E+04     1.000E+01
1.00E+01     6.236E+04     1.000E+01
