5      he4 in98    psn101                  taly      1.54600E+00      
1.00E-03     0.000E+00     1.000E+00
2.00E-03     0.000E+00     1.000E+00
3.00E-03     0.000E+00     1.000E+00
4.00E-03     0.000E+00     1.000E+00
5.00E-03     0.000E+00     1.000E+00
6.00E-03     0.000E+00     1.000E+00
7.00E-03     0.000E+00     1.000E+00
8.00E-03     0.000E+00     1.000E+00
9.00E-03     0.000E+00     1.000E+00
1.00E-02     0.000E+00     1.000E+00
1.10E-02     0.000E+00     1.000E+00
1.20E-02     0.000E+00     1.000E+00
1.30E-02     0.000E+00     1.000E+00
1.40E-02     0.000E+00     1.000E+00
1.50E-02     0.000E+00     1.000E+00
1.60E-02     0.000E+00     1.000E+00
1.80E-02     0.000E+00     1.000E+00
2.00E-02     0.000E+00     1.000E+00
2.50E-02     0.000E+00     1.000E+00
3.00E-02     0.000E+00     1.000E+00
4.00E-02     0.000E+00     1.000E+00
5.00E-02     0.000E+00     1.000E+00
6.00E-02     0.000E+00     1.000E+00
7.00E-02     0.000E+00     1.000E+00
8.00E-02     0.000E+00     1.000E+00
9.00E-02     0.000E+00     1.000E+00
1.00E-01     0.000E+00     1.000E+00
1.10E-01     0.000E+00     1.000E+00
1.20E-01     0.000E+00     1.000E+00
1.30E-01     0.000E+00     1.000E+00
1.40E-01     0.000E+00     1.000E+00
1.50E-01     0.000E+00     1.000E+00
1.60E-01     0.000E+00     1.000E+00
1.80E-01     0.000E+00     1.000E+00
2.00E-01     0.000E+00     1.000E+00
2.50E-01     0.000E+00     1.000E+00
3.00E-01     0.000E+00     1.000E+00
3.50E-01     0.000E+00     1.000E+00
4.00E-01     0.000E+00     1.000E+00
4.50E-01     2.232E-72     1.000E+01
5.00E-01     4.983E-45     1.000E+01
6.00E-01     6.136E-40     1.000E+01
7.00E-01     3.691E-36     1.000E+01
8.00E-01     3.826E-33     1.000E+01
9.00E-01     1.305E-30     1.000E+01
1.00E+00     2.029E-28     1.000E+01
1.25E+00     1.433E-24     1.000E+01
1.50E+00     1.012E-20     1.000E+01
1.75E+00     2.154E-18     1.000E+01
2.00E+00     4.583E-16     1.000E+01
2.50E+00     6.269E-13     1.000E+01
3.00E+00     1.175E-10     1.000E+01
3.50E+00     6.698E-09     1.000E+01
4.00E+00     1.768E-07     1.000E+01
5.00E+00     2.621E-05     1.000E+01
6.00E+00     9.542E-04     1.000E+01
7.00E+00     1.380E-02     1.000E+01
8.00E+00     1.058E-01     1.000E+01
9.00E+00     5.158E-01     1.000E+01
1.00E+01     1.791E+00     1.000E+01
