5        p  k39  he4 ar36                  taly      1.28900E+00      
1.00E-03     0.000E+00     1.000E+00
2.00E-03     0.000E+00     1.000E+00
3.00E-03     0.000E+00     1.000E+00
4.00E-03     0.000E+00     1.000E+00
5.00E-03     0.000E+00     1.000E+00
6.00E-03     0.000E+00     1.000E+00
7.00E-03     0.000E+00     1.000E+00
8.00E-03     0.000E+00     1.000E+00
9.00E-03     0.000E+00     1.000E+00
1.00E-02     0.000E+00     1.000E+00
1.10E-02     6.438E-98     1.000E+01
1.20E-02     4.144E-96     1.000E+01
1.30E-02     2.668E-94     1.000E+01
1.40E-02     1.718E-92     1.000E+01
1.50E-02     1.106E-90     1.000E+01
1.60E-02     7.118E-89     1.000E+01
1.80E-02     2.950E-85     1.000E+01
2.00E-02     1.223E-81     1.000E+01
2.50E-02     1.352E-72     1.000E+01
3.00E-02     1.495E-63     1.000E+01
4.00E-02     1.827E-45     1.000E+01
5.00E-02     2.234E-27     1.000E+01
6.00E-02     6.645E-26     1.000E+01
7.00E-02     1.976E-24     1.000E+01
8.00E-02     5.878E-23     1.000E+01
9.00E-02     1.748E-21     1.000E+01
1.00E-01     5.200E-20     1.000E+01
1.10E-01     3.204E-19     1.000E+01
1.20E-01     1.974E-18     1.000E+01
1.30E-01     1.216E-17     1.000E+01
1.40E-01     7.490E-17     1.000E+01
1.50E-01     4.614E-16     1.000E+01
1.60E-01     1.528E-15     1.000E+01
1.80E-01     1.676E-14     1.000E+01
2.00E-01     1.838E-13     1.000E+01
2.50E-01     1.466E-11     1.000E+01
3.00E-01     4.252E-10     1.000E+01
3.50E-01     4.794E-09     1.000E+01
4.00E-01     5.406E-08     1.000E+01
4.50E-01     2.877E-07     1.000E+01
5.00E-01     1.531E-06     1.000E+01
6.00E-01     1.822E-05     1.000E+01
7.00E-01     1.260E-04     1.000E+01
8.00E-01     6.075E-04     1.000E+01
9.00E-01     2.278E-03     1.000E+01
1.00E+00     7.127E-03     1.000E+01
1.25E+00     5.780E-02     1.000E+01
1.50E+00     4.688E-01     1.000E+01
1.75E+00     2.023E+00     1.000E+01
2.00E+00     8.727E+00     1.000E+01
2.50E+00     8.429E+01     1.000E+01
3.00E+00     5.193E+02     1.000E+01
3.50E+00     2.280E+03     1.000E+01
4.00E+00     7.725E+03     1.000E+01
5.00E+00     5.121E+04     1.000E+01
6.00E+00     2.080E+05     1.000E+01
7.00E+00     6.135E+05     1.000E+01
8.00E+00     1.435E+06     1.000E+01
9.00E+00     2.782E+06     1.000E+01
1.00E+01     4.587E+06     1.000E+01
