5      he4  k37    p ca40                  taly      5.18200E+00      
1.00E-03     0.000E+00     1.000E+00
2.00E-03     0.000E+00     1.000E+00
3.00E-03     0.000E+00     1.000E+00
4.00E-03     0.000E+00     1.000E+00
5.00E-03     0.000E+00     1.000E+00
6.00E-03     0.000E+00     1.000E+00
7.00E-03     0.000E+00     1.000E+00
8.00E-03     0.000E+00     1.000E+00
9.00E-03     0.000E+00     1.000E+00
1.00E-02     0.000E+00     1.000E+00
1.10E-02     0.000E+00     1.000E+00
1.20E-02     0.000E+00     1.000E+00
1.30E-02     0.000E+00     1.000E+00
1.40E-02     0.000E+00     1.000E+00
1.50E-02     0.000E+00     1.000E+00
1.60E-02     0.000E+00     1.000E+00
1.80E-02     0.000E+00     1.000E+00
2.00E-02     0.000E+00     1.000E+00
2.50E-02     0.000E+00     1.000E+00
3.00E-02     0.000E+00     1.000E+00
4.00E-02     0.000E+00     1.000E+00
5.00E-02     0.000E+00     1.000E+00
6.00E-02     0.000E+00     1.000E+00
7.00E-02     0.000E+00     1.000E+00
8.00E-02     0.000E+00     1.000E+00
9.00E-02     0.000E+00     1.000E+00
1.00E-01     0.000E+00     1.000E+00
1.10E-01     2.057E-87     1.000E+01
1.20E-01     4.231E-75     1.000E+01
1.30E-01     8.702E-63     1.000E+01
1.40E-01     1.790E-50     1.000E+01
1.50E-01     3.682E-38     1.000E+01
1.60E-01     5.928E-37     1.000E+01
1.80E-01     1.537E-34     1.000E+01
2.00E-01     3.984E-32     1.000E+01
2.50E-01     3.664E-28     1.000E+01
3.00E-01     3.359E-25     1.000E+01
3.50E-01     4.754E-23     1.000E+01
4.00E-01     6.728E-21     1.000E+01
4.50E-01     2.273E-19     1.000E+01
5.00E-01     7.679E-18     1.000E+01
6.00E-01     1.641E-15     1.000E+01
7.00E-01     1.183E-13     1.000E+01
8.00E-01     4.019E-12     1.000E+01
9.00E-01     7.905E-11     1.000E+01
1.00E+00     1.027E-09     1.000E+01
1.25E+00     9.237E-08     1.000E+01
1.50E+00     8.310E-06     1.000E+01
1.75E+00     1.365E-04     1.000E+01
2.00E+00     2.242E-03     1.000E+01
2.50E+00     1.129E-01     1.000E+01
3.00E+00     2.108E+00     1.000E+01
3.50E+00     2.052E+01     1.000E+01
4.00E+00     1.263E+02     1.000E+01
5.00E+00     1.890E+03     1.000E+01
6.00E+00     1.260E+04     1.000E+01
7.00E+00     4.973E+04     1.000E+01
8.00E+00     1.349E+05     1.000E+01
9.00E+00     2.735E+05     1.000E+01
1.00E+01     4.404E+05     1.000E+01
