5        n  k37  he4 cl34                  taly      5.28600E+00      
1.00E-03     3.329E+07     1.000E+01
2.00E-03     3.348E+07     1.000E+01
3.00E-03     3.367E+07     1.000E+01
4.00E-03     3.386E+07     1.000E+01
5.00E-03     3.405E+07     1.000E+01
6.00E-03     3.381E+07     1.000E+01
7.00E-03     3.357E+07     1.000E+01
8.00E-03     3.333E+07     1.000E+01
9.00E-03     3.309E+07     1.000E+01
1.00E-02     3.285E+07     1.000E+01
1.10E-02     3.282E+07     1.000E+01
1.20E-02     3.279E+07     1.000E+01
1.30E-02     3.276E+07     1.000E+01
1.40E-02     3.273E+07     1.000E+01
1.50E-02     3.271E+07     1.000E+01
1.60E-02     3.268E+07     1.000E+01
1.80E-02     3.262E+07     1.000E+01
2.00E-02     3.256E+07     1.000E+01
2.50E-02     3.241E+07     1.000E+01
3.00E-02     3.227E+07     1.000E+01
4.00E-02     3.198E+07     1.000E+01
5.00E-02     3.169E+07     1.000E+01
6.00E-02     3.163E+07     1.000E+01
7.00E-02     3.157E+07     1.000E+01
8.00E-02     3.151E+07     1.000E+01
9.00E-02     3.144E+07     1.000E+01
1.00E-01     3.138E+07     1.000E+01
1.10E-01     3.138E+07     1.000E+01
1.20E-01     3.138E+07     1.000E+01
1.30E-01     3.137E+07     1.000E+01
1.40E-01     3.137E+07     1.000E+01
1.50E-01     3.137E+07     1.000E+01
1.60E-01     3.141E+07     1.000E+01
1.80E-01     3.148E+07     1.000E+01
2.00E-01     3.156E+07     1.000E+01
2.50E-01     3.184E+07     1.000E+01
3.00E-01     3.214E+07     1.000E+01
3.50E-01     3.243E+07     1.000E+01
4.00E-01     3.272E+07     1.000E+01
4.50E-01     3.299E+07     1.000E+01
5.00E-01     3.326E+07     1.000E+01
6.00E-01     3.381E+07     1.000E+01
7.00E-01     3.439E+07     1.000E+01
8.00E-01     3.499E+07     1.000E+01
9.00E-01     3.563E+07     1.000E+01
1.00E+00     3.631E+07     1.000E+01
1.25E+00     3.814E+07     1.000E+01
1.50E+00     4.006E+07     1.000E+01
1.75E+00     4.215E+07     1.000E+01
2.00E+00     4.434E+07     1.000E+01
2.50E+00     4.909E+07     1.000E+01
3.00E+00     5.428E+07     1.000E+01
3.50E+00     5.993E+07     1.000E+01
4.00E+00     6.599E+07     1.000E+01
5.00E+00     7.907E+07     1.000E+01
6.00E+00     9.229E+07     1.000E+01
7.00E+00     1.031E+08     1.000E+01
8.00E+00     1.080E+08     1.000E+01
9.00E+00     1.040E+08     1.000E+01
1.00E+01     9.203E+07     1.000E+01
