4      he4  k38 sc42                       taly      5.74500E+00      
1.00E-03     0.000E+00     1.000E+00
2.00E-03     0.000E+00     1.000E+00
3.00E-03     0.000E+00     1.000E+00
4.00E-03     0.000E+00     1.000E+00
5.00E-03     0.000E+00     1.000E+00
6.00E-03     0.000E+00     1.000E+00
7.00E-03     0.000E+00     1.000E+00
8.00E-03     0.000E+00     1.000E+00
9.00E-03     0.000E+00     1.000E+00
1.00E-02     0.000E+00     1.000E+00
1.10E-02     0.000E+00     1.000E+00
1.20E-02     0.000E+00     1.000E+00
1.30E-02     0.000E+00     1.000E+00
1.40E-02     0.000E+00     1.000E+00
1.50E-02     0.000E+00     1.000E+00
1.60E-02     0.000E+00     1.000E+00
1.80E-02     0.000E+00     1.000E+00
2.00E-02     0.000E+00     1.000E+00
2.50E-02     0.000E+00     1.000E+00
3.00E-02     0.000E+00     1.000E+00
4.00E-02     0.000E+00     1.000E+00
5.00E-02     0.000E+00     1.000E+00
6.00E-02     0.000E+00     1.000E+00
7.00E-02     0.000E+00     1.000E+00
8.00E-02     0.000E+00     1.000E+00
9.00E-02     0.000E+00     1.000E+00
1.00E-01     0.000E+00     1.000E+00
1.10E-01     5.705E-88     1.000E+01
1.20E-01     3.255E-76     1.000E+01
1.30E-01     1.857E-64     1.000E+01
1.40E-01     1.060E-52     1.000E+01
1.50E-01     6.046E-41     1.000E+01
1.60E-01     9.988E-40     1.000E+01
1.80E-01     2.726E-37     1.000E+01
2.00E-01     7.439E-35     1.000E+01
2.50E-01     6.700E-31     1.000E+01
3.00E-01     5.366E-28     1.000E+01
3.50E-01     6.306E-26     1.000E+01
4.00E-01     7.411E-24     1.000E+01
4.50E-01     2.045E-22     1.000E+01
5.00E-01     5.642E-21     1.000E+01
6.00E-01     8.094E-19     1.000E+01
7.00E-01     3.926E-17     1.000E+01
8.00E-01     8.857E-16     1.000E+01
9.00E-01     1.149E-14     1.000E+01
1.00E+00     1.004E-13     1.000E+01
1.25E+00     5.004E-12     1.000E+01
1.50E+00     2.493E-10     1.000E+01
1.75E+00     3.420E-09     1.000E+01
2.00E+00     4.691E-08     1.000E+01
2.50E+00     2.011E-06     1.000E+01
3.00E+00     3.423E-05     1.000E+01
3.50E+00     3.123E-04     1.000E+01
4.00E+00     1.828E-03     1.000E+01
5.00E+00     2.540E-02     1.000E+01
6.00E+00     1.606E-01     1.000E+01
7.00E+00     6.036E-01     1.000E+01
8.00E+00     1.540E+00     1.000E+01
9.00E+00     2.904E+00     1.000E+01
1.00E+01     4.382E+00     1.000E+01
