4        n  k36  k37                       taly      1.54540E+01      
1.00E-03     1.145E+03     1.000E+01
2.00E-03     1.153E+03     1.000E+01
3.00E-03     1.162E+03     1.000E+01
4.00E-03     1.170E+03     1.000E+01
5.00E-03     1.179E+03     1.000E+01
6.00E-03     1.172E+03     1.000E+01
7.00E-03     1.165E+03     1.000E+01
8.00E-03     1.158E+03     1.000E+01
9.00E-03     1.151E+03     1.000E+01
1.00E-02     1.144E+03     1.000E+01
1.10E-02     1.144E+03     1.000E+01
1.20E-02     1.144E+03     1.000E+01
1.30E-02     1.144E+03     1.000E+01
1.40E-02     1.144E+03     1.000E+01
1.50E-02     1.144E+03     1.000E+01
1.60E-02     1.144E+03     1.000E+01
1.80E-02     1.144E+03     1.000E+01
2.00E-02     1.144E+03     1.000E+01
2.50E-02     1.144E+03     1.000E+01
3.00E-02     1.144E+03     1.000E+01
4.00E-02     1.145E+03     1.000E+01
5.00E-02     1.145E+03     1.000E+01
6.00E-02     1.151E+03     1.000E+01
7.00E-02     1.157E+03     1.000E+01
8.00E-02     1.163E+03     1.000E+01
9.00E-02     1.170E+03     1.000E+01
1.00E-01     1.176E+03     1.000E+01
1.10E-01     1.183E+03     1.000E+01
1.20E-01     1.191E+03     1.000E+01
1.30E-01     1.198E+03     1.000E+01
1.40E-01     1.206E+03     1.000E+01
1.50E-01     1.213E+03     1.000E+01
1.60E-01     1.221E+03     1.000E+01
1.80E-01     1.238E+03     1.000E+01
2.00E-01     1.255E+03     1.000E+01
2.50E-01     1.298E+03     1.000E+01
3.00E-01     1.339E+03     1.000E+01
3.50E-01     1.376E+03     1.000E+01
4.00E-01     1.413E+03     1.000E+01
4.50E-01     1.445E+03     1.000E+01
5.00E-01     1.478E+03     1.000E+01
6.00E-01     1.536E+03     1.000E+01
7.00E-01     1.590E+03     1.000E+01
8.00E-01     1.641E+03     1.000E+01
9.00E-01     1.688E+03     1.000E+01
1.00E+00     1.733E+03     1.000E+01
1.25E+00     1.828E+03     1.000E+01
1.50E+00     1.924E+03     1.000E+01
1.75E+00     1.998E+03     1.000E+01
2.00E+00     2.073E+03     1.000E+01
2.50E+00     2.191E+03     1.000E+01
3.00E+00     2.285E+03     1.000E+01
3.50E+00     2.358E+03     1.000E+01
4.00E+00     2.411E+03     1.000E+01
5.00E+00     2.464E+03     1.000E+01
6.00E+00     2.461E+03     1.000E+01
7.00E+00     2.419E+03     1.000E+01
8.00E+00     2.334E+03     1.000E+01
9.00E+00     2.165E+03     1.000E+01
1.00E+01     1.878E+03     1.000E+01
