4        p  k35 ca36                       mc10      2.55600E+00      
1.00E-03     0.000E+00     1.000E+00
2.00E-03     0.000E+00     1.000E+00
3.00E-03     0.000E+00     1.000E+00
4.00E-03     0.000E+00     1.000E+00
5.00E-03     0.000E+00     1.000E+00
6.00E-03     0.000E+00     1.000E+00
7.00E-03     0.000E+00     1.000E+00
8.00E-03     0.000E+00     1.000E+00
9.00E-03     0.000E+00     1.000E+00
1.00E-02     3.112E-51     1.600E+00
1.10E-02     2.310E-49     1.598E+00
1.20E-02     1.032E-47     1.604E+00
1.30E-02     3.050E-46     1.595E+00
1.40E-02     6.688E-45     1.607E+00
1.50E-02     1.076E-43     1.599E+00
1.60E-02     1.384E-42     1.611E+00
1.80E-02     1.252E-40     1.608E+00
2.00E-02     6.172E-39     1.609E+00
2.50E-02     1.477E-35     1.603E+00
3.00E-02     5.528E-33     1.606E+00
4.00E-02     3.179E-29     1.610E+00
5.00E-02     1.478E-26     1.612E+00
6.00E-02     1.609E-24     1.609E+00
7.00E-02     6.772E-23     1.631E+00
8.00E-02     1.502E-21     1.749E+00
9.00E-02     2.178E-20     2.278E+00
1.00E-01     2.486E-19     3.647E+00
1.10E-01     2.485E-18     6.646E+00
1.20E-01     3.976E-17     1.049E+01
1.30E-01     8.708E-16     1.375E+01
1.40E-01     1.410E-14     1.491E+01
1.50E-01     1.597E-13     1.430E+01
1.60E-01     1.332E-12     1.286E+01
1.80E-01     4.498E-11     9.796E+00
2.00E-01     7.391E-10     7.576E+00
2.50E-01     1.078E-07     4.707E+00
3.00E-01     2.860E-06     3.445E+00
3.50E-01     2.848E-05     2.776E+00
4.00E-01     1.549E-04     2.379E+00
4.50E-01     5.570E-04     2.123E+00
5.00E-01     1.521E-03     1.952E+00
6.00E-01     6.624E-03     1.749E+00
7.00E-01     1.844E-02     1.649E+00
8.00E-01     3.839E-02     1.601E+00
9.00E-01     6.672E-02     1.581E+00
1.00E+00     1.024E-01     1.577E+00
1.25E+00     2.139E-01     1.594E+00
1.50E+00     3.334E-01     1.618E+00
1.75E+00     4.452E-01     1.633E+00
2.00E+00     5.445E-01     1.633E+00
2.50E+00     7.255E-01     1.586E+00
3.00E+00     9.564E-01     1.494E+00
3.50E+00     1.364E+00     1.440E+00
4.00E+00     2.040E+00     1.430E+00
5.00E+00     4.823E+00     1.497E+00
6.00E+00     1.074E+01     1.559E+00
7.00E+00     2.121E+01     1.579E+00
8.00E+00     3.702E+01     1.592E+00
9.00E+00     5.998E+01     1.594E+00
1.00E+01     9.217E+01     1.600E+00
