4      he4  k36 sc40                       taly      5.53100E+00      
1.00E-03     0.000E+00     1.000E+00
2.00E-03     0.000E+00     1.000E+00
3.00E-03     0.000E+00     1.000E+00
4.00E-03     0.000E+00     1.000E+00
5.00E-03     0.000E+00     1.000E+00
6.00E-03     0.000E+00     1.000E+00
7.00E-03     0.000E+00     1.000E+00
8.00E-03     0.000E+00     1.000E+00
9.00E-03     0.000E+00     1.000E+00
1.00E-02     0.000E+00     1.000E+00
1.10E-02     0.000E+00     1.000E+00
1.20E-02     0.000E+00     1.000E+00
1.30E-02     0.000E+00     1.000E+00
1.40E-02     0.000E+00     1.000E+00
1.50E-02     0.000E+00     1.000E+00
1.60E-02     0.000E+00     1.000E+00
1.80E-02     0.000E+00     1.000E+00
2.00E-02     0.000E+00     1.000E+00
2.50E-02     0.000E+00     1.000E+00
3.00E-02     0.000E+00     1.000E+00
4.00E-02     0.000E+00     1.000E+00
5.00E-02     0.000E+00     1.000E+00
6.00E-02     0.000E+00     1.000E+00
7.00E-02     0.000E+00     1.000E+00
8.00E-02     0.000E+00     1.000E+00
9.00E-02     0.000E+00     1.000E+00
1.00E-01     0.000E+00     1.000E+00
1.10E-01     3.481E-88     1.000E+01
1.20E-01     1.211E-76     1.000E+01
1.30E-01     4.216E-65     1.000E+01
1.40E-01     1.468E-53     1.000E+01
1.50E-01     5.108E-42     1.000E+01
1.60E-01     7.261E-41     1.000E+01
1.80E-01     1.467E-38     1.000E+01
2.00E-01     2.964E-36     1.000E+01
2.50E-01     1.292E-32     1.000E+01
3.00E-01     7.622E-30     1.000E+01
3.50E-01     9.370E-28     1.000E+01
4.00E-01     1.152E-25     1.000E+01
4.50E-01     3.605E-24     1.000E+01
5.00E-01     1.129E-22     1.000E+01
6.00E-01     2.107E-20     1.000E+01
7.00E-01     1.339E-18     1.000E+01
8.00E-01     4.072E-17     1.000E+01
9.00E-01     7.304E-16     1.000E+01
1.00E+00     8.806E-15     1.000E+01
1.25E+00     7.067E-13     1.000E+01
1.50E+00     5.672E-11     1.000E+01
1.75E+00     8.755E-10     1.000E+01
2.00E+00     1.351E-08     1.000E+01
2.50E+00     6.335E-07     1.000E+01
3.00E+00     1.137E-05     1.000E+01
3.50E+00     1.084E-04     1.000E+01
4.00E+00     6.615E-04     1.000E+01
5.00E+00     9.934E-03     1.000E+01
6.00E+00     6.758E-02     1.000E+01
7.00E+00     2.772E-01     1.000E+01
8.00E+00     7.941E-01     1.000E+01
9.00E+00     1.695E+00     1.000E+01
1.00E+01     2.774E+00     1.000E+01
