5        n  k36    p ar36                  taly      1.35970E+01      
1.00E-03     3.055E+08     1.000E+01
2.00E-03     3.076E+08     1.000E+01
3.00E-03     3.098E+08     1.000E+01
4.00E-03     3.119E+08     1.000E+01
5.00E-03     3.141E+08     1.000E+01
6.00E-03     3.121E+08     1.000E+01
7.00E-03     3.102E+08     1.000E+01
8.00E-03     3.082E+08     1.000E+01
9.00E-03     3.063E+08     1.000E+01
1.00E-02     3.044E+08     1.000E+01
1.10E-02     3.043E+08     1.000E+01
1.20E-02     3.042E+08     1.000E+01
1.30E-02     3.041E+08     1.000E+01
1.40E-02     3.040E+08     1.000E+01
1.50E-02     3.039E+08     1.000E+01
1.60E-02     3.038E+08     1.000E+01
1.80E-02     3.036E+08     1.000E+01
2.00E-02     3.034E+08     1.000E+01
2.50E-02     3.030E+08     1.000E+01
3.00E-02     3.025E+08     1.000E+01
4.00E-02     3.016E+08     1.000E+01
5.00E-02     3.006E+08     1.000E+01
6.00E-02     3.013E+08     1.000E+01
7.00E-02     3.020E+08     1.000E+01
8.00E-02     3.027E+08     1.000E+01
9.00E-02     3.034E+08     1.000E+01
1.00E-01     3.041E+08     1.000E+01
1.10E-01     3.051E+08     1.000E+01
1.20E-01     3.061E+08     1.000E+01
1.30E-01     3.072E+08     1.000E+01
1.40E-01     3.082E+08     1.000E+01
1.50E-01     3.093E+08     1.000E+01
1.60E-01     3.106E+08     1.000E+01
1.80E-01     3.132E+08     1.000E+01
2.00E-01     3.158E+08     1.000E+01
2.50E-01     3.226E+08     1.000E+01
3.00E-01     3.291E+08     1.000E+01
3.50E-01     3.348E+08     1.000E+01
4.00E-01     3.406E+08     1.000E+01
4.50E-01     3.453E+08     1.000E+01
5.00E-01     3.502E+08     1.000E+01
6.00E-01     3.586E+08     1.000E+01
7.00E-01     3.663E+08     1.000E+01
8.00E-01     3.735E+08     1.000E+01
9.00E-01     3.801E+08     1.000E+01
1.00E+00     3.863E+08     1.000E+01
1.25E+00     3.990E+08     1.000E+01
1.50E+00     4.121E+08     1.000E+01
1.75E+00     4.214E+08     1.000E+01
2.00E+00     4.309E+08     1.000E+01
2.50E+00     4.443E+08     1.000E+01
3.00E+00     4.532E+08     1.000E+01
3.50E+00     4.580E+08     1.000E+01
4.00E+00     4.593E+08     1.000E+01
5.00E+00     4.532E+08     1.000E+01
6.00E+00     4.384E+08     1.000E+01
7.00E+00     4.165E+08     1.000E+01
8.00E+00     3.828E+08     1.000E+01
9.00E+00     3.288E+08     1.000E+01
1.00E+01     2.544E+08     1.000E+01
