4        p  k38 ca39                       taly      5.77100E+00      
1.00E-03     0.000E+00     1.000E+00
2.00E-03     0.000E+00     1.000E+00
3.00E-03     0.000E+00     1.000E+00
4.00E-03     0.000E+00     1.000E+00
5.00E-03     0.000E+00     1.000E+00
6.00E-03     0.000E+00     1.000E+00
7.00E-03     0.000E+00     1.000E+00
8.00E-03     0.000E+00     1.000E+00
9.00E-03     0.000E+00     1.000E+00
1.00E-02     0.000E+00     1.000E+00
1.10E-02     9.719E-98     1.000E+01
1.20E-02     9.445E-96     1.000E+01
1.30E-02     9.180E-94     1.000E+01
1.40E-02     8.922E-92     1.000E+01
1.50E-02     8.671E-90     1.000E+01
1.60E-02     8.427E-88     1.000E+01
1.80E-02     7.960E-84     1.000E+01
2.00E-02     7.518E-80     1.000E+01
2.50E-02     6.519E-70     1.000E+01
3.00E-02     5.653E-60     1.000E+01
4.00E-02     4.250E-40     1.000E+01
5.00E-02     3.195E-20     1.000E+01
6.00E-02     8.463E-19     1.000E+01
7.00E-02     2.242E-17     1.000E+01
8.00E-02     5.938E-16     1.000E+01
9.00E-02     1.573E-14     1.000E+01
1.00E-01     4.166E-13     1.000E+01
1.10E-01     2.032E-12     1.000E+01
1.20E-01     9.913E-12     1.000E+01
1.30E-01     4.836E-11     1.000E+01
1.40E-01     2.359E-10     1.000E+01
1.50E-01     1.151E-09     1.000E+01
1.60E-01     3.114E-09     1.000E+01
1.80E-01     2.280E-08     1.000E+01
2.00E-01     1.670E-07     1.000E+01
2.50E-01     5.551E-06     1.000E+01
3.00E-01     7.630E-05     1.000E+01
3.50E-01     4.775E-04     1.000E+01
4.00E-01     2.988E-03     1.000E+01
4.50E-01     1.015E-02     1.000E+01
5.00E-01     3.446E-02     1.000E+01
6.00E-01     1.978E-01     1.000E+01
7.00E-01     7.342E-01     1.000E+01
8.00E-01     2.040E+00     1.000E+01
9.00E-01     4.627E+00     1.000E+01
1.00E+00     9.055E+00     1.000E+01
1.25E+00     2.600E+01     1.000E+01
1.50E+00     7.464E+01     1.000E+01
1.75E+00     1.304E+02     1.000E+01
2.00E+00     2.276E+02     1.000E+01
2.50E+00     4.560E+02     1.000E+01
3.00E+00     7.371E+02     1.000E+01
3.50E+00     1.054E+03     1.000E+01
4.00E+00     1.396E+03     1.000E+01
5.00E+00     2.138E+03     1.000E+01
6.00E+00     2.910E+03     1.000E+01
7.00E+00     3.592E+03     1.000E+01
8.00E+00     3.984E+03     1.000E+01
9.00E+00     3.970E+03     1.000E+01
1.00E+01     3.641E+03     1.000E+01
