4        p  k36 ca37                       taly      3.00800E+00      
1.00E-03     0.000E+00     1.000E+00
2.00E-03     0.000E+00     1.000E+00
3.00E-03     0.000E+00     1.000E+00
4.00E-03     0.000E+00     1.000E+00
5.00E-03     0.000E+00     1.000E+00
6.00E-03     0.000E+00     1.000E+00
7.00E-03     0.000E+00     1.000E+00
8.00E-03     0.000E+00     1.000E+00
9.00E-03     0.000E+00     1.000E+00
1.00E-02     0.000E+00     1.000E+00
1.10E-02     9.613E-98     1.000E+01
1.20E-02     9.241E-96     1.000E+01
1.30E-02     8.884E-94     1.000E+01
1.40E-02     8.540E-92     1.000E+01
1.50E-02     8.209E-90     1.000E+01
1.60E-02     7.892E-88     1.000E+01
1.80E-02     7.293E-84     1.000E+01
2.00E-02     6.739E-80     1.000E+01
2.50E-02     5.533E-70     1.000E+01
3.00E-02     4.542E-60     1.000E+01
4.00E-02     3.061E-40     1.000E+01
5.00E-02     2.063E-20     1.000E+01
6.00E-02     5.452E-19     1.000E+01
7.00E-02     1.441E-17     1.000E+01
8.00E-02     3.809E-16     1.000E+01
9.00E-02     1.007E-14     1.000E+01
1.00E-01     2.661E-13     1.000E+01
1.10E-01     1.289E-12     1.000E+01
1.20E-01     6.242E-12     1.000E+01
1.30E-01     3.023E-11     1.000E+01
1.40E-01     1.464E-10     1.000E+01
1.50E-01     7.092E-10     1.000E+01
1.60E-01     1.892E-09     1.000E+01
1.80E-01     1.347E-08     1.000E+01
2.00E-01     9.587E-08     1.000E+01
2.50E-01     2.983E-06     1.000E+01
3.00E-01     3.899E-05     1.000E+01
3.50E-01     2.340E-04     1.000E+01
4.00E-01     1.405E-03     1.000E+01
4.50E-01     4.578E-03     1.000E+01
5.00E-01     1.492E-02     1.000E+01
6.00E-01     7.896E-02     1.000E+01
7.00E-01     2.717E-01     1.000E+01
8.00E-01     7.045E-01     1.000E+01
9.00E-01     1.502E+00     1.000E+01
1.00E+00     2.781E+00     1.000E+01
1.25E+00     7.243E+00     1.000E+01
1.50E+00     1.886E+01     1.000E+01
1.75E+00     3.119E+01     1.000E+01
2.00E+00     5.157E+01     1.000E+01
2.50E+00     9.667E+01     1.000E+01
3.00E+00     1.492E+02     1.000E+01
3.50E+00     2.054E+02     1.000E+01
4.00E+00     2.625E+02     1.000E+01
5.00E+00     3.736E+02     1.000E+01
6.00E+00     4.775E+02     1.000E+01
7.00E+00     5.757E+02     1.000E+01
8.00E+00     6.626E+02     1.000E+01
9.00E+00     7.143E+02     1.000E+01
1.00E+01     7.002E+02     1.000E+01
