5        n  k38  he4 cl35                  taly      5.85900E+00      
1.00E-03     1.377E+08     1.000E+01
2.00E-03     1.379E+08     1.000E+01
3.00E-03     1.380E+08     1.000E+01
4.00E-03     1.382E+08     1.000E+01
5.00E-03     1.384E+08     1.000E+01
6.00E-03     1.371E+08     1.000E+01
7.00E-03     1.359E+08     1.000E+01
8.00E-03     1.346E+08     1.000E+01
9.00E-03     1.334E+08     1.000E+01
1.00E-02     1.321E+08     1.000E+01
1.10E-02     1.319E+08     1.000E+01
1.20E-02     1.317E+08     1.000E+01
1.30E-02     1.314E+08     1.000E+01
1.40E-02     1.312E+08     1.000E+01
1.50E-02     1.310E+08     1.000E+01
1.60E-02     1.307E+08     1.000E+01
1.80E-02     1.303E+08     1.000E+01
2.00E-02     1.298E+08     1.000E+01
2.50E-02     1.286E+08     1.000E+01
3.00E-02     1.275E+08     1.000E+01
4.00E-02     1.252E+08     1.000E+01
5.00E-02     1.230E+08     1.000E+01
6.00E-02     1.224E+08     1.000E+01
7.00E-02     1.217E+08     1.000E+01
8.00E-02     1.211E+08     1.000E+01
9.00E-02     1.205E+08     1.000E+01
1.00E-01     1.199E+08     1.000E+01
1.10E-01     1.197E+08     1.000E+01
1.20E-01     1.195E+08     1.000E+01
1.30E-01     1.193E+08     1.000E+01
1.40E-01     1.191E+08     1.000E+01
1.50E-01     1.189E+08     1.000E+01
1.60E-01     1.189E+08     1.000E+01
1.80E-01     1.190E+08     1.000E+01
2.00E-01     1.190E+08     1.000E+01
2.50E-01     1.198E+08     1.000E+01
3.00E-01     1.207E+08     1.000E+01
3.50E-01     1.216E+08     1.000E+01
4.00E-01     1.225E+08     1.000E+01
4.50E-01     1.234E+08     1.000E+01
5.00E-01     1.243E+08     1.000E+01
6.00E-01     1.262E+08     1.000E+01
7.00E-01     1.280E+08     1.000E+01
8.00E-01     1.298E+08     1.000E+01
9.00E-01     1.317E+08     1.000E+01
1.00E+00     1.336E+08     1.000E+01
1.25E+00     1.385E+08     1.000E+01
1.50E+00     1.434E+08     1.000E+01
1.75E+00     1.483E+08     1.000E+01
2.00E+00     1.533E+08     1.000E+01
2.50E+00     1.630E+08     1.000E+01
3.00E+00     1.723E+08     1.000E+01
3.50E+00     1.812E+08     1.000E+01
4.00E+00     1.900E+08     1.000E+01
5.00E+00     2.064E+08     1.000E+01
6.00E+00     2.189E+08     1.000E+01
7.00E+00     2.213E+08     1.000E+01
8.00E+00     2.070E+08     1.000E+01
9.00E+00     1.771E+08     1.000E+01
1.00E+01     1.412E+08     1.000E+01
