4        n  k35  k36                       taly      1.43150E+01      
1.00E-03     4.373E+03     1.000E+01
2.00E-03     4.407E+03     1.000E+01
3.00E-03     4.441E+03     1.000E+01
4.00E-03     4.476E+03     1.000E+01
5.00E-03     4.510E+03     1.000E+01
6.00E-03     4.485E+03     1.000E+01
7.00E-03     4.461E+03     1.000E+01
8.00E-03     4.436E+03     1.000E+01
9.00E-03     4.411E+03     1.000E+01
1.00E-02     4.386E+03     1.000E+01
1.10E-02     4.388E+03     1.000E+01
1.20E-02     4.390E+03     1.000E+01
1.30E-02     4.392E+03     1.000E+01
1.40E-02     4.394E+03     1.000E+01
1.50E-02     4.396E+03     1.000E+01
1.60E-02     4.398E+03     1.000E+01
1.80E-02     4.401E+03     1.000E+01
2.00E-02     4.405E+03     1.000E+01
2.50E-02     4.415E+03     1.000E+01
3.00E-02     4.424E+03     1.000E+01
4.00E-02     4.443E+03     1.000E+01
5.00E-02     4.462E+03     1.000E+01
6.00E-02     4.503E+03     1.000E+01
7.00E-02     4.543E+03     1.000E+01
8.00E-02     4.584E+03     1.000E+01
9.00E-02     4.624E+03     1.000E+01
1.00E-01     4.665E+03     1.000E+01
1.10E-01     4.710E+03     1.000E+01
1.20E-01     4.755E+03     1.000E+01
1.30E-01     4.800E+03     1.000E+01
1.40E-01     4.845E+03     1.000E+01
1.50E-01     4.890E+03     1.000E+01
1.60E-01     4.939E+03     1.000E+01
1.80E-01     5.036E+03     1.000E+01
2.00E-01     5.134E+03     1.000E+01
2.50E-01     5.379E+03     1.000E+01
3.00E-01     5.612E+03     1.000E+01
3.50E-01     5.824E+03     1.000E+01
4.00E-01     6.036E+03     1.000E+01
4.50E-01     6.224E+03     1.000E+01
5.00E-01     6.412E+03     1.000E+01
6.00E-01     6.756E+03     1.000E+01
7.00E-01     7.075E+03     1.000E+01
8.00E-01     7.375E+03     1.000E+01
9.00E-01     7.657E+03     1.000E+01
1.00E+00     7.924E+03     1.000E+01
1.25E+00     8.495E+03     1.000E+01
1.50E+00     9.065E+03     1.000E+01
1.75E+00     9.510E+03     1.000E+01
2.00E+00     9.955E+03     1.000E+01
2.50E+00     1.066E+04     1.000E+01
3.00E+00     1.122E+04     1.000E+01
3.50E+00     1.167E+04     1.000E+01
4.00E+00     1.204E+04     1.000E+01
5.00E+00     1.257E+04     1.000E+01
6.00E+00     1.290E+04     1.000E+01
7.00E+00     1.305E+04     1.000E+01
8.00E+00     1.302E+04     1.000E+01
9.00E+00     1.273E+04     1.000E+01
1.00E+01     1.199E+04     1.000E+01
