4      he4  k35 sc39                       taly      5.42500E+00      
1.00E-03     0.000E+00     1.000E+00
2.00E-03     0.000E+00     1.000E+00
3.00E-03     0.000E+00     1.000E+00
4.00E-03     0.000E+00     1.000E+00
5.00E-03     0.000E+00     1.000E+00
6.00E-03     0.000E+00     1.000E+00
7.00E-03     0.000E+00     1.000E+00
8.00E-03     0.000E+00     1.000E+00
9.00E-03     0.000E+00     1.000E+00
1.00E-02     0.000E+00     1.000E+00
1.10E-02     0.000E+00     1.000E+00
1.20E-02     0.000E+00     1.000E+00
1.30E-02     0.000E+00     1.000E+00
1.40E-02     0.000E+00     1.000E+00
1.50E-02     0.000E+00     1.000E+00
1.60E-02     0.000E+00     1.000E+00
1.80E-02     0.000E+00     1.000E+00
2.00E-02     0.000E+00     1.000E+00
2.50E-02     0.000E+00     1.000E+00
3.00E-02     0.000E+00     1.000E+00
4.00E-02     0.000E+00     1.000E+00
5.00E-02     0.000E+00     1.000E+00
6.00E-02     0.000E+00     1.000E+00
7.00E-02     0.000E+00     1.000E+00
8.00E-02     0.000E+00     1.000E+00
9.00E-02     0.000E+00     1.000E+00
1.00E-01     0.000E+00     1.000E+00
1.10E-01     3.498E-88     1.000E+01
1.20E-01     1.224E-76     1.000E+01
1.30E-01     4.281E-65     1.000E+01
1.40E-01     1.497E-53     1.000E+01
1.50E-01     5.238E-42     1.000E+01
1.60E-01     7.319E-41     1.000E+01
1.80E-01     1.429E-38     1.000E+01
2.00E-01     2.790E-36     1.000E+01
2.50E-01     9.946E-33     1.000E+01
3.00E-01     4.671E-30     1.000E+01
3.50E-01     5.300E-28     1.000E+01
4.00E-01     6.012E-26     1.000E+01
4.50E-01     1.833E-24     1.000E+01
5.00E-01     5.585E-23     1.000E+01
6.00E-01     1.013E-20     1.000E+01
7.00E-01     6.361E-19     1.000E+01
8.00E-01     1.921E-17     1.000E+01
9.00E-01     3.420E-16     1.000E+01
1.00E+00     4.084E-15     1.000E+01
1.25E+00     3.234E-13     1.000E+01
1.50E+00     2.561E-11     1.000E+01
1.75E+00     3.976E-10     1.000E+01
2.00E+00     6.173E-09     1.000E+01
2.50E+00     2.967E-07     1.000E+01
3.00E+00     5.498E-06     1.000E+01
3.50E+00     5.416E-05     1.000E+01
4.00E+00     3.403E-04     1.000E+01
5.00E+00     5.341E-03     1.000E+01
6.00E+00     3.742E-02     1.000E+01
7.00E+00     1.575E-01     1.000E+01
8.00E+00     4.708E-01     1.000E+01
9.00E+00     1.098E+00     1.000E+01
1.00E+01     2.094E+00     1.000E+01
