4        n  k37  k38                       taly      1.20720E+01      
1.00E-03     2.783E+04     1.000E+01
2.00E-03     2.800E+04     1.000E+01
3.00E-03     2.816E+04     1.000E+01
4.00E-03     2.833E+04     1.000E+01
5.00E-03     2.850E+04     1.000E+01
6.00E-03     2.830E+04     1.000E+01
7.00E-03     2.811E+04     1.000E+01
8.00E-03     2.792E+04     1.000E+01
9.00E-03     2.773E+04     1.000E+01
1.00E-02     2.753E+04     1.000E+01
1.10E-02     2.752E+04     1.000E+01
1.20E-02     2.750E+04     1.000E+01
1.30E-02     2.749E+04     1.000E+01
1.40E-02     2.747E+04     1.000E+01
1.50E-02     2.745E+04     1.000E+01
1.60E-02     2.744E+04     1.000E+01
1.80E-02     2.740E+04     1.000E+01
2.00E-02     2.737E+04     1.000E+01
2.50E-02     2.729E+04     1.000E+01
3.00E-02     2.721E+04     1.000E+01
4.00E-02     2.705E+04     1.000E+01
5.00E-02     2.688E+04     1.000E+01
6.00E-02     2.690E+04     1.000E+01
7.00E-02     2.693E+04     1.000E+01
8.00E-02     2.695E+04     1.000E+01
9.00E-02     2.697E+04     1.000E+01
1.00E-01     2.699E+04     1.000E+01
1.10E-01     2.706E+04     1.000E+01
1.20E-01     2.713E+04     1.000E+01
1.30E-01     2.720E+04     1.000E+01
1.40E-01     2.727E+04     1.000E+01
1.50E-01     2.733E+04     1.000E+01
1.60E-01     2.743E+04     1.000E+01
1.80E-01     2.763E+04     1.000E+01
2.00E-01     2.782E+04     1.000E+01
2.50E-01     2.836E+04     1.000E+01
3.00E-01     2.889E+04     1.000E+01
3.50E-01     2.937E+04     1.000E+01
4.00E-01     2.984E+04     1.000E+01
4.50E-01     3.025E+04     1.000E+01
5.00E-01     3.066E+04     1.000E+01
6.00E-01     3.140E+04     1.000E+01
7.00E-01     3.209E+04     1.000E+01
8.00E-01     3.275E+04     1.000E+01
9.00E-01     3.337E+04     1.000E+01
1.00E+00     3.397E+04     1.000E+01
1.25E+00     3.528E+04     1.000E+01
1.50E+00     3.660E+04     1.000E+01
1.75E+00     3.769E+04     1.000E+01
2.00E+00     3.879E+04     1.000E+01
2.50E+00     4.063E+04     1.000E+01
3.00E+00     4.221E+04     1.000E+01
3.50E+00     4.357E+04     1.000E+01
4.00E+00     4.473E+04     1.000E+01
5.00E+00     4.653E+04     1.000E+01
6.00E+00     4.753E+04     1.000E+01
7.00E+00     4.714E+04     1.000E+01
8.00E+00     4.452E+04     1.000E+01
9.00E+00     3.934E+04     1.000E+01
1.00E+01     3.242E+04     1.000E+01
