4      he4  k39 sc43                       taly      4.80600E+00      
1.00E-03     0.000E+00     1.000E+00
2.00E-03     0.000E+00     1.000E+00
3.00E-03     0.000E+00     1.000E+00
4.00E-03     0.000E+00     1.000E+00
5.00E-03     0.000E+00     1.000E+00
6.00E-03     0.000E+00     1.000E+00
7.00E-03     0.000E+00     1.000E+00
8.00E-03     0.000E+00     1.000E+00
9.00E-03     0.000E+00     1.000E+00
1.00E-02     0.000E+00     1.000E+00
1.10E-02     0.000E+00     1.000E+00
1.20E-02     0.000E+00     1.000E+00
1.30E-02     0.000E+00     1.000E+00
1.40E-02     0.000E+00     1.000E+00
1.50E-02     0.000E+00     1.000E+00
1.60E-02     0.000E+00     1.000E+00
1.80E-02     0.000E+00     1.000E+00
2.00E-02     0.000E+00     1.000E+00
2.50E-02     0.000E+00     1.000E+00
3.00E-02     0.000E+00     1.000E+00
4.00E-02     0.000E+00     1.000E+00
5.00E-02     0.000E+00     1.000E+00
6.00E-02     1.972E-89     1.000E+01
7.00E-02     3.890E-79     1.000E+01
8.00E-02     7.672E-69     1.000E+01
9.00E-02     1.513E-58     1.000E+01
1.00E-01     2.985E-48     1.000E+01
1.10E-01     4.670E-46     1.000E+01
1.20E-01     7.307E-44     1.000E+01
1.30E-01     1.143E-41     1.000E+01
1.40E-01     1.789E-39     1.000E+01
1.50E-01     2.799E-37     1.000E+01
1.60E-01     4.035E-36     1.000E+01
1.80E-01     8.384E-34     1.000E+01
2.00E-01     1.742E-31     1.000E+01
2.50E-01     1.312E-27     1.000E+01
3.00E-01     1.070E-24     1.000E+01
3.50E-01     1.348E-22     1.000E+01
4.00E-01     1.699E-20     1.000E+01
4.50E-01     5.065E-19     1.000E+01
5.00E-01     1.510E-17     1.000E+01
6.00E-01     2.528E-15     1.000E+01
7.00E-01     1.454E-13     1.000E+01
8.00E-01     4.019E-12     1.000E+01
9.00E-01     6.531E-11     1.000E+01
1.00E+00     7.096E-10     1.000E+01
1.25E+00     4.187E-08     1.000E+01
1.50E+00     2.471E-06     1.000E+01
1.75E+00     2.632E-05     1.000E+01
2.00E+00     2.803E-04     1.000E+01
2.50E+00     6.275E-03     1.000E+01
3.00E+00     5.786E-02     1.000E+01
3.50E+00     3.100E-01     1.000E+01
4.00E+00     1.160E+00     1.000E+01
5.00E+00     8.239E+00     1.000E+01
6.00E+00     3.349E+01     1.000E+01
7.00E+00     9.613E+01     1.000E+01
8.00E+00     2.136E+02     1.000E+01
9.00E+00     3.821E+02     1.000E+01
1.00E+01     5.633E+02     1.000E+01
