5      he4  k38    p ca41                  taly      1.47300E+00      
1.00E-03     0.000E+00     1.000E+00
2.00E-03     0.000E+00     1.000E+00
3.00E-03     0.000E+00     1.000E+00
4.00E-03     0.000E+00     1.000E+00
5.00E-03     0.000E+00     1.000E+00
6.00E-03     0.000E+00     1.000E+00
7.00E-03     0.000E+00     1.000E+00
8.00E-03     0.000E+00     1.000E+00
9.00E-03     0.000E+00     1.000E+00
1.00E-02     0.000E+00     1.000E+00
1.10E-02     0.000E+00     1.000E+00
1.20E-02     0.000E+00     1.000E+00
1.30E-02     0.000E+00     1.000E+00
1.40E-02     0.000E+00     1.000E+00
1.50E-02     0.000E+00     1.000E+00
1.60E-02     0.000E+00     1.000E+00
1.80E-02     0.000E+00     1.000E+00
2.00E-02     0.000E+00     1.000E+00
2.50E-02     0.000E+00     1.000E+00
3.00E-02     0.000E+00     1.000E+00
4.00E-02     0.000E+00     1.000E+00
5.00E-02     0.000E+00     1.000E+00
6.00E-02     0.000E+00     1.000E+00
7.00E-02     0.000E+00     1.000E+00
8.00E-02     0.000E+00     1.000E+00
9.00E-02     0.000E+00     1.000E+00
1.00E-01     0.000E+00     1.000E+00
1.10E-01     2.578E-87     1.000E+01
1.20E-01     6.645E-75     1.000E+01
1.30E-01     1.713E-62     1.000E+01
1.40E-01     4.416E-50     1.000E+01
1.50E-01     1.138E-37     1.000E+01
1.60E-01     1.829E-36     1.000E+01
1.80E-01     4.718E-34     1.000E+01
2.00E-01     1.217E-31     1.000E+01
2.50E-01     1.085E-27     1.000E+01
3.00E-01     9.566E-25     1.000E+01
3.50E-01     1.300E-22     1.000E+01
4.00E-01     1.767E-20     1.000E+01
4.50E-01     5.740E-19     1.000E+01
5.00E-01     1.864E-17     1.000E+01
6.00E-01     3.696E-15     1.000E+01
7.00E-01     2.478E-13     1.000E+01
8.00E-01     7.849E-12     1.000E+01
9.00E-01     1.444E-10     1.000E+01
1.00E+00     1.760E-09     1.000E+01
1.25E+00     1.388E-07     1.000E+01
1.50E+00     1.095E-05     1.000E+01
1.75E+00     1.642E-04     1.000E+01
2.00E+00     2.462E-03     1.000E+01
2.50E+00     1.117E-01     1.000E+01
3.00E+00     1.995E+00     1.000E+01
3.50E+00     1.925E+01     1.000E+01
4.00E+00     1.197E+02     1.000E+01
5.00E+00     1.874E+03     1.000E+01
6.00E+00     1.317E+04     1.000E+01
7.00E+00     5.420E+04     1.000E+01
8.00E+00     1.495E+05     1.000E+01
9.00E+00     3.017E+05     1.000E+01
1.00E+01     4.823E+05     1.000E+01
