5      he4  k36    p ca39                  taly      5.00200E+00      
1.00E-03     0.000E+00     1.000E+00
2.00E-03     0.000E+00     1.000E+00
3.00E-03     0.000E+00     1.000E+00
4.00E-03     0.000E+00     1.000E+00
5.00E-03     0.000E+00     1.000E+00
6.00E-03     0.000E+00     1.000E+00
7.00E-03     0.000E+00     1.000E+00
8.00E-03     0.000E+00     1.000E+00
9.00E-03     0.000E+00     1.000E+00
1.00E-02     0.000E+00     1.000E+00
1.10E-02     0.000E+00     1.000E+00
1.20E-02     0.000E+00     1.000E+00
1.30E-02     0.000E+00     1.000E+00
1.40E-02     0.000E+00     1.000E+00
1.50E-02     0.000E+00     1.000E+00
1.60E-02     0.000E+00     1.000E+00
1.80E-02     0.000E+00     1.000E+00
2.00E-02     0.000E+00     1.000E+00
2.50E-02     0.000E+00     1.000E+00
3.00E-02     0.000E+00     1.000E+00
4.00E-02     0.000E+00     1.000E+00
5.00E-02     0.000E+00     1.000E+00
6.00E-02     0.000E+00     1.000E+00
7.00E-02     0.000E+00     1.000E+00
8.00E-02     0.000E+00     1.000E+00
9.00E-02     0.000E+00     1.000E+00
1.00E-01     0.000E+00     1.000E+00
1.10E-01     2.235E-87     1.000E+01
1.20E-01     4.996E-75     1.000E+01
1.30E-01     1.117E-62     1.000E+01
1.40E-01     2.496E-50     1.000E+01
1.50E-01     5.580E-38     1.000E+01
1.60E-01     8.934E-37     1.000E+01
1.80E-01     2.290E-34     1.000E+01
2.00E-01     5.872E-32     1.000E+01
2.50E-01     5.210E-28     1.000E+01
3.00E-01     4.599E-25     1.000E+01
3.50E-01     6.289E-23     1.000E+01
4.00E-01     8.601E-21     1.000E+01
4.50E-01     2.823E-19     1.000E+01
5.00E-01     9.265E-18     1.000E+01
6.00E-01     1.886E-15     1.000E+01
7.00E-01     1.305E-13     1.000E+01
8.00E-01     4.280E-12     1.000E+01
9.00E-01     8.172E-11     1.000E+01
1.00E+00     1.036E-09     1.000E+01
1.25E+00     8.980E-08     1.000E+01
1.50E+00     7.784E-06     1.000E+01
1.75E+00     1.246E-04     1.000E+01
2.00E+00     1.995E-03     1.000E+01
2.50E+00     9.418E-02     1.000E+01
3.00E+00     1.626E+00     1.000E+01
3.50E+00     1.456E+01     1.000E+01
4.00E+00     8.257E+01     1.000E+01
5.00E+00     1.069E+03     1.000E+01
6.00E+00     6.357E+03     1.000E+01
7.00E+00     2.316E+04     1.000E+01
8.00E+00     5.977E+04     1.000E+01
9.00E+00     1.162E+05     1.000E+01
1.00E+01     1.746E+05     1.000E+01
