4        n  k38  k39                       taly      1.30770E+01      
1.00E-03     2.704E+05     1.000E+01
2.00E-03     2.704E+05     1.000E+01
3.00E-03     2.704E+05     1.000E+01
4.00E-03     2.704E+05     1.000E+01
5.00E-03     2.704E+05     1.000E+01
6.00E-03     2.678E+05     1.000E+01
7.00E-03     2.652E+05     1.000E+01
8.00E-03     2.627E+05     1.000E+01
9.00E-03     2.601E+05     1.000E+01
1.00E-02     2.575E+05     1.000E+01
1.10E-02     2.570E+05     1.000E+01
1.20E-02     2.565E+05     1.000E+01
1.30E-02     2.560E+05     1.000E+01
1.40E-02     2.555E+05     1.000E+01
1.50E-02     2.550E+05     1.000E+01
1.60E-02     2.545E+05     1.000E+01
1.80E-02     2.535E+05     1.000E+01
2.00E-02     2.525E+05     1.000E+01
2.50E-02     2.501E+05     1.000E+01
3.00E-02     2.476E+05     1.000E+01
4.00E-02     2.426E+05     1.000E+01
5.00E-02     2.377E+05     1.000E+01
6.00E-02     2.363E+05     1.000E+01
7.00E-02     2.349E+05     1.000E+01
8.00E-02     2.336E+05     1.000E+01
9.00E-02     2.322E+05     1.000E+01
1.00E-01     2.309E+05     1.000E+01
1.10E-01     2.304E+05     1.000E+01
1.20E-01     2.299E+05     1.000E+01
1.30E-01     2.294E+05     1.000E+01
1.40E-01     2.289E+05     1.000E+01
1.50E-01     2.284E+05     1.000E+01
1.60E-01     2.284E+05     1.000E+01
1.80E-01     2.283E+05     1.000E+01
2.00E-01     2.282E+05     1.000E+01
2.50E-01     2.291E+05     1.000E+01
3.00E-01     2.302E+05     1.000E+01
3.50E-01     2.312E+05     1.000E+01
4.00E-01     2.323E+05     1.000E+01
4.50E-01     2.331E+05     1.000E+01
5.00E-01     2.339E+05     1.000E+01
6.00E-01     2.353E+05     1.000E+01
7.00E-01     2.366E+05     1.000E+01
8.00E-01     2.378E+05     1.000E+01
9.00E-01     2.390E+05     1.000E+01
1.00E+00     2.402E+05     1.000E+01
1.25E+00     2.428E+05     1.000E+01
1.50E+00     2.455E+05     1.000E+01
1.75E+00     2.479E+05     1.000E+01
2.00E+00     2.502E+05     1.000E+01
2.50E+00     2.546E+05     1.000E+01
3.00E+00     2.587E+05     1.000E+01
3.50E+00     2.625E+05     1.000E+01
4.00E+00     2.661E+05     1.000E+01
5.00E+00     2.716E+05     1.000E+01
6.00E+00     2.714E+05     1.000E+01
7.00E+00     2.585E+05     1.000E+01
8.00E+00     2.276E+05     1.000E+01
9.00E+00     1.832E+05     1.000E+01
1.00E+01     1.374E+05     1.000E+01
