5        n kr72  he4 se69                  taly      8.14000E+00      
1.00E-03     1.910E+05     1.000E+01
2.00E-03     1.926E+05     1.000E+01
3.00E-03     1.942E+05     1.000E+01
4.00E-03     1.958E+05     1.000E+01
5.00E-03     1.975E+05     1.000E+01
6.00E-03     1.965E+05     1.000E+01
7.00E-03     1.955E+05     1.000E+01
8.00E-03     1.945E+05     1.000E+01
9.00E-03     1.935E+05     1.000E+01
1.00E-02     1.925E+05     1.000E+01
1.10E-02     1.926E+05     1.000E+01
1.20E-02     1.928E+05     1.000E+01
1.30E-02     1.930E+05     1.000E+01
1.40E-02     1.931E+05     1.000E+01
1.50E-02     1.933E+05     1.000E+01
1.60E-02     1.934E+05     1.000E+01
1.80E-02     1.937E+05     1.000E+01
2.00E-02     1.940E+05     1.000E+01
2.50E-02     1.948E+05     1.000E+01
3.00E-02     1.956E+05     1.000E+01
4.00E-02     1.972E+05     1.000E+01
5.00E-02     1.988E+05     1.000E+01
6.00E-02     2.012E+05     1.000E+01
7.00E-02     2.037E+05     1.000E+01
8.00E-02     2.062E+05     1.000E+01
9.00E-02     2.087E+05     1.000E+01
1.00E-01     2.113E+05     1.000E+01
1.10E-01     2.140E+05     1.000E+01
1.20E-01     2.168E+05     1.000E+01
1.30E-01     2.196E+05     1.000E+01
1.40E-01     2.225E+05     1.000E+01
1.50E-01     2.254E+05     1.000E+01
1.60E-01     2.284E+05     1.000E+01
1.80E-01     2.345E+05     1.000E+01
2.00E-01     2.409E+05     1.000E+01
2.50E-01     2.569E+05     1.000E+01
3.00E-01     2.728E+05     1.000E+01
3.50E-01     2.878E+05     1.000E+01
4.00E-01     3.036E+05     1.000E+01
4.50E-01     3.183E+05     1.000E+01
5.00E-01     3.336E+05     1.000E+01
6.00E-01     3.633E+05     1.000E+01
7.00E-01     3.930E+05     1.000E+01
8.00E-01     4.229E+05     1.000E+01
9.00E-01     4.530E+05     1.000E+01
1.00E+00     4.836E+05     1.000E+01
1.25E+00     5.607E+05     1.000E+01
1.50E+00     6.501E+05     1.000E+01
1.75E+00     7.437E+05     1.000E+01
2.00E+00     8.509E+05     1.000E+01
2.50E+00     1.082E+06     1.000E+01
3.00E+00     1.327E+06     1.000E+01
3.50E+00     1.570E+06     1.000E+01
4.00E+00     1.799E+06     1.000E+01
5.00E+00     2.191E+06     1.000E+01
6.00E+00     2.488E+06     1.000E+01
7.00E+00     2.675E+06     1.000E+01
8.00E+00     2.512E+06     1.000E+01
9.00E+00     1.478E+06     1.000E+01
1.00E+01     5.167E+05     1.000E+01
