5      he4 kr71    p rb74                  taly      7.25000E-01      
1.00E-03     0.000E+00     1.000E+00
2.00E-03     0.000E+00     1.000E+00
3.00E-03     0.000E+00     1.000E+00
4.00E-03     0.000E+00     1.000E+00
5.00E-03     0.000E+00     1.000E+00
6.00E-03     0.000E+00     1.000E+00
7.00E-03     0.000E+00     1.000E+00
8.00E-03     0.000E+00     1.000E+00
9.00E-03     0.000E+00     1.000E+00
1.00E-02     0.000E+00     1.000E+00
1.10E-02     0.000E+00     1.000E+00
1.20E-02     0.000E+00     1.000E+00
1.30E-02     0.000E+00     1.000E+00
1.40E-02     0.000E+00     1.000E+00
1.50E-02     0.000E+00     1.000E+00
1.60E-02     0.000E+00     1.000E+00
1.80E-02     0.000E+00     1.000E+00
2.00E-02     0.000E+00     1.000E+00
2.50E-02     0.000E+00     1.000E+00
3.00E-02     0.000E+00     1.000E+00
4.00E-02     0.000E+00     1.000E+00
5.00E-02     0.000E+00     1.000E+00
6.00E-02     0.000E+00     1.000E+00
7.00E-02     0.000E+00     1.000E+00
8.00E-02     0.000E+00     1.000E+00
9.00E-02     0.000E+00     1.000E+00
1.00E-01     0.000E+00     1.000E+00
1.10E-01     0.000E+00     1.000E+00
1.20E-01     0.000E+00     1.000E+00
1.30E-01     0.000E+00     1.000E+00
1.40E-01     0.000E+00     1.000E+00
1.50E-01     0.000E+00     1.000E+00
1.60E-01     0.000E+00     1.000E+00
1.80E-01     0.000E+00     1.000E+00
2.00E-01     0.000E+00     1.000E+00
2.50E-01     0.000E+00     1.000E+00
3.00E-01     6.394E-47     1.000E+01
3.50E-01     6.533E-43     1.000E+01
4.00E-01     6.675E-39     1.000E+01
4.50E-01     2.456E-36     1.000E+01
5.00E-01     9.040E-34     1.000E+01
6.00E-01     5.189E-30     1.000E+01
7.00E-01     4.617E-27     1.000E+01
8.00E-01     1.165E-24     1.000E+01
9.00E-01     1.186E-22     1.000E+01
1.00E+00     6.118E-21     1.000E+01
1.25E+00     5.404E-18     1.000E+01
1.50E+00     4.772E-15     1.000E+01
1.75E+00     2.962E-13     1.000E+01
2.00E+00     1.838E-11     1.000E+01
2.50E+00     5.498E-09     1.000E+01
3.00E+00     3.793E-07     1.000E+01
3.50E+00     1.026E-05     1.000E+01
4.00E+00     1.453E-04     1.000E+01
5.00E+00     7.824E-03     1.000E+01
6.00E+00     1.317E-01     1.000E+01
7.00E+00     1.042E+00     1.000E+01
8.00E+00     4.892E+00     1.000E+01
9.00E+00     1.569E+01     1.000E+01
1.00E+01     3.746E+01     1.000E+01
