5        n kr72    p br72                  taly      5.90800E+00      
1.00E-03     3.850E+08     1.000E+01
2.00E-03     3.879E+08     1.000E+01
3.00E-03     3.909E+08     1.000E+01
4.00E-03     3.939E+08     1.000E+01
5.00E-03     3.969E+08     1.000E+01
6.00E-03     3.946E+08     1.000E+01
7.00E-03     3.923E+08     1.000E+01
8.00E-03     3.900E+08     1.000E+01
9.00E-03     3.878E+08     1.000E+01
1.00E-02     3.855E+08     1.000E+01
1.10E-02     3.856E+08     1.000E+01
1.20E-02     3.856E+08     1.000E+01
1.30E-02     3.856E+08     1.000E+01
1.40E-02     3.857E+08     1.000E+01
1.50E-02     3.857E+08     1.000E+01
1.60E-02     3.857E+08     1.000E+01
1.80E-02     3.858E+08     1.000E+01
2.00E-02     3.859E+08     1.000E+01
2.50E-02     3.860E+08     1.000E+01
3.00E-02     3.862E+08     1.000E+01
4.00E-02     3.866E+08     1.000E+01
5.00E-02     3.869E+08     1.000E+01
6.00E-02     3.891E+08     1.000E+01
7.00E-02     3.913E+08     1.000E+01
8.00E-02     3.935E+08     1.000E+01
9.00E-02     3.957E+08     1.000E+01
1.00E-01     3.980E+08     1.000E+01
1.10E-01     4.007E+08     1.000E+01
1.20E-01     4.034E+08     1.000E+01
1.30E-01     4.061E+08     1.000E+01
1.40E-01     4.088E+08     1.000E+01
1.50E-01     4.116E+08     1.000E+01
1.60E-01     4.146E+08     1.000E+01
1.80E-01     4.209E+08     1.000E+01
2.00E-01     4.272E+08     1.000E+01
2.50E-01     4.434E+08     1.000E+01
3.00E-01     4.594E+08     1.000E+01
3.50E-01     4.742E+08     1.000E+01
4.00E-01     4.894E+08     1.000E+01
4.50E-01     5.032E+08     1.000E+01
5.00E-01     5.173E+08     1.000E+01
6.00E-01     5.441E+08     1.000E+01
7.00E-01     5.702E+08     1.000E+01
8.00E-01     5.957E+08     1.000E+01
9.00E-01     6.207E+08     1.000E+01
1.00E+00     6.452E+08     1.000E+01
1.25E+00     6.999E+08     1.000E+01
1.50E+00     7.592E+08     1.000E+01
1.75E+00     8.067E+08     1.000E+01
2.00E+00     8.571E+08     1.000E+01
2.50E+00     9.373E+08     1.000E+01
3.00E+00     1.002E+09     1.000E+01
3.50E+00     1.055E+09     1.000E+01
4.00E+00     1.100E+09     1.000E+01
5.00E+00     1.172E+09     1.000E+01
6.00E+00     1.224E+09     1.000E+01
7.00E+00     1.249E+09     1.000E+01
8.00E+00     1.130E+09     1.000E+01
9.00E+00     6.424E+08     1.000E+01
1.00E+01     2.130E+08     1.000E+01
