4      he4 kr72 sr76                       taly      2.73200E+00      
1.00E-03     0.000E+00     1.000E+00
2.00E-03     0.000E+00     1.000E+00
3.00E-03     0.000E+00     1.000E+00
4.00E-03     0.000E+00     1.000E+00
5.00E-03     0.000E+00     1.000E+00
6.00E-03     0.000E+00     1.000E+00
7.00E-03     0.000E+00     1.000E+00
8.00E-03     0.000E+00     1.000E+00
9.00E-03     0.000E+00     1.000E+00
1.00E-02     0.000E+00     1.000E+00
1.10E-02     0.000E+00     1.000E+00
1.20E-02     0.000E+00     1.000E+00
1.30E-02     0.000E+00     1.000E+00
1.40E-02     0.000E+00     1.000E+00
1.50E-02     0.000E+00     1.000E+00
1.60E-02     0.000E+00     1.000E+00
1.80E-02     0.000E+00     1.000E+00
2.00E-02     0.000E+00     1.000E+00
2.50E-02     0.000E+00     1.000E+00
3.00E-02     0.000E+00     1.000E+00
4.00E-02     0.000E+00     1.000E+00
5.00E-02     0.000E+00     1.000E+00
6.00E-02     0.000E+00     1.000E+00
7.00E-02     0.000E+00     1.000E+00
8.00E-02     0.000E+00     1.000E+00
9.00E-02     0.000E+00     1.000E+00
1.00E-01     0.000E+00     1.000E+00
1.10E-01     0.000E+00     1.000E+00
1.20E-01     0.000E+00     1.000E+00
1.30E-01     0.000E+00     1.000E+00
1.40E-01     0.000E+00     1.000E+00
1.50E-01     0.000E+00     1.000E+00
1.60E-01     0.000E+00     1.000E+00
1.80E-01     0.000E+00     1.000E+00
2.00E-01     0.000E+00     1.000E+00
2.50E-01     0.000E+00     1.000E+00
3.00E-01     1.438E-46     1.000E+01
3.50E-01     1.396E-42     1.000E+01
4.00E-01     1.355E-38     1.000E+01
4.50E-01     4.587E-36     1.000E+01
5.00E-01     1.553E-33     1.000E+01
6.00E-01     7.445E-30     1.000E+01
7.00E-01     5.179E-27     1.000E+01
8.00E-01     9.304E-25     1.000E+01
9.00E-01     6.225E-23     1.000E+01
1.00E+00     2.001E-21     1.000E+01
1.25E+00     5.119E-19     1.000E+01
1.50E+00     1.310E-16     1.000E+01
1.75E+00     2.837E-15     1.000E+01
2.00E+00     6.144E-14     1.000E+01
2.50E+00     4.387E-12     1.000E+01
3.00E+00     1.550E-10     1.000E+01
3.50E+00     3.549E-09     1.000E+01
4.00E+00     5.092E-08     1.000E+01
5.00E+00     2.991E-06     1.000E+01
6.00E+00     5.257E-05     1.000E+01
7.00E+00     4.224E-04     1.000E+01
8.00E+00     1.832E-03     1.000E+01
9.00E+00     3.546E-03     1.000E+01
1.00E+01     3.147E-03     1.000E+01
