4        n kr72 kr73                       taly      1.06820E+01      
1.00E-03     2.964E+05     1.000E+01
2.00E-03     2.987E+05     1.000E+01
3.00E-03     3.010E+05     1.000E+01
4.00E-03     3.033E+05     1.000E+01
5.00E-03     3.057E+05     1.000E+01
6.00E-03     3.039E+05     1.000E+01
7.00E-03     3.022E+05     1.000E+01
8.00E-03     3.005E+05     1.000E+01
9.00E-03     2.988E+05     1.000E+01
1.00E-02     2.970E+05     1.000E+01
1.10E-02     2.971E+05     1.000E+01
1.20E-02     2.971E+05     1.000E+01
1.30E-02     2.972E+05     1.000E+01
1.40E-02     2.972E+05     1.000E+01
1.50E-02     2.973E+05     1.000E+01
1.60E-02     2.973E+05     1.000E+01
1.80E-02     2.974E+05     1.000E+01
2.00E-02     2.975E+05     1.000E+01
2.50E-02     2.978E+05     1.000E+01
3.00E-02     2.980E+05     1.000E+01
4.00E-02     2.985E+05     1.000E+01
5.00E-02     2.990E+05     1.000E+01
6.00E-02     3.009E+05     1.000E+01
7.00E-02     3.029E+05     1.000E+01
8.00E-02     3.048E+05     1.000E+01
9.00E-02     3.067E+05     1.000E+01
1.00E-01     3.086E+05     1.000E+01
1.10E-01     3.108E+05     1.000E+01
1.20E-01     3.131E+05     1.000E+01
1.30E-01     3.154E+05     1.000E+01
1.40E-01     3.176E+05     1.000E+01
1.50E-01     3.199E+05     1.000E+01
1.60E-01     3.224E+05     1.000E+01
1.80E-01     3.275E+05     1.000E+01
2.00E-01     3.326E+05     1.000E+01
2.50E-01     3.456E+05     1.000E+01
3.00E-01     3.582E+05     1.000E+01
3.50E-01     3.698E+05     1.000E+01
4.00E-01     3.814E+05     1.000E+01
4.50E-01     3.919E+05     1.000E+01
5.00E-01     4.024E+05     1.000E+01
6.00E-01     4.218E+05     1.000E+01
7.00E-01     4.402E+05     1.000E+01
8.00E-01     4.576E+05     1.000E+01
9.00E-01     4.742E+05     1.000E+01
1.00E+00     4.899E+05     1.000E+01
1.25E+00     5.222E+05     1.000E+01
1.50E+00     5.546E+05     1.000E+01
1.75E+00     5.746E+05     1.000E+01
2.00E+00     5.947E+05     1.000E+01
2.50E+00     6.127E+05     1.000E+01
3.00E+00     6.153E+05     1.000E+01
3.50E+00     6.093E+05     1.000E+01
4.00E+00     5.990E+05     1.000E+01
5.00E+00     5.743E+05     1.000E+01
6.00E+00     5.497E+05     1.000E+01
7.00E+00     5.221E+05     1.000E+01
8.00E+00     4.460E+05     1.000E+01
9.00E+00     2.419E+05     1.000E+01
1.00E+01     7.716E+04     1.000E+01
