4        n kr70 kr71                       taly      1.34500E+01      
1.00E-03     4.484E+03     1.000E+01
2.00E-03     4.515E+03     1.000E+01
3.00E-03     4.547E+03     1.000E+01
4.00E-03     4.579E+03     1.000E+01
5.00E-03     4.610E+03     1.000E+01
6.00E-03     4.581E+03     1.000E+01
7.00E-03     4.551E+03     1.000E+01
8.00E-03     4.522E+03     1.000E+01
9.00E-03     4.492E+03     1.000E+01
1.00E-02     4.463E+03     1.000E+01
1.10E-02     4.460E+03     1.000E+01
1.20E-02     4.457E+03     1.000E+01
1.30E-02     4.454E+03     1.000E+01
1.40E-02     4.451E+03     1.000E+01
1.50E-02     4.448E+03     1.000E+01
1.60E-02     4.445E+03     1.000E+01
1.80E-02     4.439E+03     1.000E+01
2.00E-02     4.433E+03     1.000E+01
2.50E-02     4.419E+03     1.000E+01
3.00E-02     4.404E+03     1.000E+01
4.00E-02     4.375E+03     1.000E+01
5.00E-02     4.345E+03     1.000E+01
6.00E-02     4.338E+03     1.000E+01
7.00E-02     4.331E+03     1.000E+01
8.00E-02     4.323E+03     1.000E+01
9.00E-02     4.316E+03     1.000E+01
1.00E-01     4.308E+03     1.000E+01
1.10E-01     4.306E+03     1.000E+01
1.20E-01     4.304E+03     1.000E+01
1.30E-01     4.302E+03     1.000E+01
1.40E-01     4.300E+03     1.000E+01
1.50E-01     4.298E+03     1.000E+01
1.60E-01     4.300E+03     1.000E+01
1.80E-01     4.304E+03     1.000E+01
2.00E-01     4.308E+03     1.000E+01
2.50E-01     4.327E+03     1.000E+01
3.00E-01     4.347E+03     1.000E+01
3.50E-01     4.363E+03     1.000E+01
4.00E-01     4.378E+03     1.000E+01
4.50E-01     4.376E+03     1.000E+01
5.00E-01     4.375E+03     1.000E+01
6.00E-01     4.281E+03     1.000E+01
7.00E-01     4.017E+03     1.000E+01
8.00E-01     3.563E+03     1.000E+01
9.00E-01     3.002E+03     1.000E+01
1.00E+00     2.454E+03     1.000E+01
1.25E+00     1.760E+03     1.000E+01
1.50E+00     1.067E+03     1.000E+01
1.75E+00     9.432E+02     1.000E+01
2.00E+00     8.197E+02     1.000E+01
2.50E+00     8.196E+02     1.000E+01
3.00E+00     8.721E+02     1.000E+01
3.50E+00     9.274E+02     1.000E+01
4.00E+00     9.702E+02     1.000E+01
5.00E+00     1.005E+03     1.000E+01
6.00E+00     9.755E+02     1.000E+01
7.00E+00     8.974E+02     1.000E+01
8.00E+00     7.867E+02     1.000E+01
9.00E+00     6.572E+02     1.000E+01
1.00E+01     5.215E+02     1.000E+01
