4        p kr74 rb75                       taly      2.17600E+00      
1.00E-03     0.000E+00     1.000E+00
2.00E-03     0.000E+00     1.000E+00
3.00E-03     0.000E+00     1.000E+00
4.00E-03     0.000E+00     1.000E+00
5.00E-03     0.000E+00     1.000E+00
6.00E-03     0.000E+00     1.000E+00
7.00E-03     0.000E+00     1.000E+00
8.00E-03     0.000E+00     1.000E+00
9.00E-03     0.000E+00     1.000E+00
1.00E-02     0.000E+00     1.000E+00
1.10E-02     3.384E-98     1.000E+01
1.20E-02     1.145E-96     1.000E+01
1.30E-02     3.876E-95     1.000E+01
1.40E-02     1.312E-93     1.000E+01
1.50E-02     4.440E-92     1.000E+01
1.60E-02     1.503E-90     1.000E+01
1.80E-02     1.721E-87     1.000E+01
2.00E-02     1.971E-84     1.000E+01
2.50E-02     8.751E-77     1.000E+01
3.00E-02     3.885E-69     1.000E+01
4.00E-02     7.659E-54     1.000E+01
5.00E-02     1.510E-38     1.000E+01
6.00E-02     5.276E-36     1.000E+01
7.00E-02     1.844E-33     1.000E+01
8.00E-02     6.446E-31     1.000E+01
9.00E-02     2.253E-28     1.000E+01
1.00E-01     7.874E-26     1.000E+01
1.10E-01     9.369E-25     1.000E+01
1.20E-01     1.115E-23     1.000E+01
1.30E-01     1.327E-22     1.000E+01
1.40E-01     1.579E-21     1.000E+01
1.50E-01     1.878E-20     1.000E+01
1.60E-01     8.876E-20     1.000E+01
1.80E-01     1.982E-18     1.000E+01
2.00E-01     4.425E-17     1.000E+01
2.50E-01     1.102E-14     1.000E+01
3.00E-01     7.371E-13     1.000E+01
3.50E-01     1.569E-11     1.000E+01
4.00E-01     3.341E-10     1.000E+01
4.50E-01     2.939E-09     1.000E+01
5.00E-01     2.585E-08     1.000E+01
6.00E-01     6.994E-07     1.000E+01
7.00E-01     9.389E-06     1.000E+01
8.00E-01     7.677E-05     1.000E+01
9.00E-01     4.363E-04     1.000E+01
1.00E+00     1.883E-03     1.000E+01
1.25E+00     2.094E-02     1.000E+01
1.50E+00     2.329E-01     1.000E+01
1.75E+00     8.866E-01     1.000E+01
2.00E+00     3.375E+00     1.000E+01
2.50E+00     1.849E+01     1.000E+01
3.00E+00     6.063E+01     1.000E+01
3.50E+00     1.469E+02     1.000E+01
4.00E+00     2.919E+02     1.000E+01
5.00E+00     6.834E+02     1.000E+01
6.00E+00     6.686E+02     1.000E+01
7.00E+00     4.041E+02     1.000E+01
8.00E+00     2.451E+02     1.000E+01
9.00E+00     1.654E+02     1.000E+01
1.00E+01     1.230E+02     1.000E+01
