4      he4 kr74 sr78                       taly      3.26700E+00      
1.00E-03     0.000E+00     1.000E+00
2.00E-03     0.000E+00     1.000E+00
3.00E-03     0.000E+00     1.000E+00
4.00E-03     0.000E+00     1.000E+00
5.00E-03     0.000E+00     1.000E+00
6.00E-03     0.000E+00     1.000E+00
7.00E-03     0.000E+00     1.000E+00
8.00E-03     0.000E+00     1.000E+00
9.00E-03     0.000E+00     1.000E+00
1.00E-02     0.000E+00     1.000E+00
1.10E-02     0.000E+00     1.000E+00
1.20E-02     0.000E+00     1.000E+00
1.30E-02     0.000E+00     1.000E+00
1.40E-02     0.000E+00     1.000E+00
1.50E-02     0.000E+00     1.000E+00
1.60E-02     0.000E+00     1.000E+00
1.80E-02     0.000E+00     1.000E+00
2.00E-02     0.000E+00     1.000E+00
2.50E-02     0.000E+00     1.000E+00
3.00E-02     0.000E+00     1.000E+00
4.00E-02     0.000E+00     1.000E+00
5.00E-02     0.000E+00     1.000E+00
6.00E-02     0.000E+00     1.000E+00
7.00E-02     0.000E+00     1.000E+00
8.00E-02     0.000E+00     1.000E+00
9.00E-02     0.000E+00     1.000E+00
1.00E-01     0.000E+00     1.000E+00
1.10E-01     0.000E+00     1.000E+00
1.20E-01     0.000E+00     1.000E+00
1.30E-01     0.000E+00     1.000E+00
1.40E-01     0.000E+00     1.000E+00
1.50E-01     0.000E+00     1.000E+00
1.60E-01     0.000E+00     1.000E+00
1.80E-01     0.000E+00     1.000E+00
2.00E-01     0.000E+00     1.000E+00
2.50E-01     0.000E+00     1.000E+00
3.00E-01     4.876E-46     1.000E+01
3.50E-01     4.646E-42     1.000E+01
4.00E-01     4.426E-38     1.000E+01
4.50E-01     1.451E-35     1.000E+01
5.00E-01     4.755E-33     1.000E+01
6.00E-01     2.136E-29     1.000E+01
7.00E-01     1.564E-26     1.000E+01
8.00E-01     3.422E-24     1.000E+01
9.00E-01     3.160E-22     1.000E+01
1.00E+00     1.535E-20     1.000E+01
1.25E+00     1.194E-17     1.000E+01
1.50E+00     9.290E-15     1.000E+01
1.75E+00     4.085E-13     1.000E+01
2.00E+00     1.796E-11     1.000E+01
2.50E+00     2.309E-09     1.000E+01
3.00E+00     7.826E-08     1.000E+01
3.50E+00     1.375E-06     1.000E+01
4.00E+00     1.623E-05     1.000E+01
5.00E+00     7.296E-04     1.000E+01
6.00E+00     6.470E-03     1.000E+01
7.00E+00     2.123E-02     1.000E+01
8.00E+00     5.146E-02     1.000E+01
9.00E+00     1.134E-01     1.000E+01
1.00E+01     2.309E-01     1.000E+01
