5        n kr71    p br71                  taly      1.09570E+01      
1.00E-03     1.347E+08     1.000E+01
2.00E-03     1.358E+08     1.000E+01
3.00E-03     1.368E+08     1.000E+01
4.00E-03     1.379E+08     1.000E+01
5.00E-03     1.389E+08     1.000E+01
6.00E-03     1.381E+08     1.000E+01
7.00E-03     1.373E+08     1.000E+01
8.00E-03     1.365E+08     1.000E+01
9.00E-03     1.358E+08     1.000E+01
1.00E-02     1.350E+08     1.000E+01
1.10E-02     1.350E+08     1.000E+01
1.20E-02     1.350E+08     1.000E+01
1.30E-02     1.350E+08     1.000E+01
1.40E-02     1.350E+08     1.000E+01
1.50E-02     1.350E+08     1.000E+01
1.60E-02     1.350E+08     1.000E+01
1.80E-02     1.350E+08     1.000E+01
2.00E-02     1.350E+08     1.000E+01
2.50E-02     1.350E+08     1.000E+01
3.00E-02     1.351E+08     1.000E+01
4.00E-02     1.351E+08     1.000E+01
5.00E-02     1.352E+08     1.000E+01
6.00E-02     1.359E+08     1.000E+01
7.00E-02     1.365E+08     1.000E+01
8.00E-02     1.372E+08     1.000E+01
9.00E-02     1.379E+08     1.000E+01
1.00E-01     1.386E+08     1.000E+01
1.10E-01     1.394E+08     1.000E+01
1.20E-01     1.402E+08     1.000E+01
1.30E-01     1.411E+08     1.000E+01
1.40E-01     1.419E+08     1.000E+01
1.50E-01     1.427E+08     1.000E+01
1.60E-01     1.437E+08     1.000E+01
1.80E-01     1.456E+08     1.000E+01
2.00E-01     1.475E+08     1.000E+01
2.50E-01     1.525E+08     1.000E+01
3.00E-01     1.573E+08     1.000E+01
3.50E-01     1.616E+08     1.000E+01
4.00E-01     1.661E+08     1.000E+01
4.50E-01     1.699E+08     1.000E+01
5.00E-01     1.738E+08     1.000E+01
6.00E-01     1.797E+08     1.000E+01
7.00E-01     1.825E+08     1.000E+01
8.00E-01     1.809E+08     1.000E+01
9.00E-01     1.741E+08     1.000E+01
1.00E+00     1.629E+08     1.000E+01
1.25E+00     1.241E+08     1.000E+01
1.50E+00     9.456E+07     1.000E+01
1.75E+00     7.377E+07     1.000E+01
2.00E+00     5.755E+07     1.000E+01
2.50E+00     4.031E+07     1.000E+01
3.00E+00     3.094E+07     1.000E+01
3.50E+00     2.507E+07     1.000E+01
4.00E+00     2.099E+07     1.000E+01
5.00E+00     1.554E+07     1.000E+01
6.00E+00     1.190E+07     1.000E+01
7.00E+00     9.197E+06     1.000E+01
8.00E+00     7.058E+06     1.000E+01
9.00E+00     5.301E+06     1.000E+01
1.00E+01     3.847E+06     1.000E+01
