4      he4  li7  b11                       nacr      8.66513e+00      
1.00E-03     0.000E+00     1.000E+00
2.00E-03     0.000E+00     1.000E+00
3.00E-03     0.000E+00     1.000E+00
4.00E-03     0.000E+00     1.000E+00
5.00E-03     0.000E+00     1.000E+00
6.00E-03     0.000E+00     1.000E+00
7.00E-03     0.000E+00     1.000E+00
8.00E-03     0.000E+00     1.000E+00
9.00E-03     0.000E+00     1.000E+00
1.00E-02     0.000E+00     1.000E+00
1.10E-02     0.000E+00     1.000E+00
1.20E-02     0.000E+00     1.000E+00
1.30E-02     0.000E+00     1.000E+00
1.40E-02     0.000E+00     1.000E+00
1.50E-02     2.929E-25     1.502E+00
1.60E-02     1.469E-24     1.504E+00
1.80E-02     2.544E-23     1.505E+00
2.00E-02     2.968E-22     1.499E+00
2.50E-02     4.055E-20     1.502E+00
3.00E-02     1.726E-18     1.501E+00
4.00E-02     4.033E-16     1.505E+00
5.00E-02     1.952E-14     1.501E+00
6.00E-02     3.744E-13     1.504E+00
7.00E-02     3.963E-12     1.501E+00
8.00E-02     2.896E-11     1.485E+00
9.00E-02     2.082E-10     1.398E+00
1.00E-01     2.064E-09     1.274E+00
1.10E-01     2.084E-08     1.219E+00
1.20E-01     1.608E-07     1.200E+00
1.30E-01     9.323E-07     1.191E+00
1.40E-01     4.213E-06     1.187E+00
1.50E-01     1.548E-05     1.182E+00
1.60E-01     4.811E-05     1.185E+00
1.80E-01     3.141E-04     1.181E+00
2.00E-01     1.381E-03     1.180E+00
2.50E-01     1.909E-02     1.179E+00
3.00E-01     1.047E-01     1.174E+00
3.50E-01     3.425E-01     1.177E+00
4.00E-01     8.211E-01     1.176E+00
4.50E-01     1.628E+00     1.180E+00
5.00E-01     2.864E+00     1.184E+00
6.00E-01     7.390E+00     1.202E+00
7.00E-01     1.678E+01     1.216E+00
8.00E-01     3.423E+01     1.223E+00
9.00E-01     6.266E+01     1.223E+00
1.00E+00     1.037E+02     1.223E+00
1.25E+00     2.596E+02     1.221E+00
1.50E+00     4.707E+02     1.217E+00
1.75E+00     7.035E+02     1.214E+00
2.00E+00     9.399E+02     1.213E+00
2.50E+00     1.397E+03     1.214E+00
3.00E+00     1.879E+03     1.221E+00
3.50E+00     2.394E+03     1.235E+00
4.00E+00     2.940E+03     1.240E+00
5.00E+00     3.992E+03     1.244E+00
6.00E+00     4.728E+03     1.238E+00
7.00E+00     5.007E+03     1.231E+00
8.00E+00     5.025E+03     1.231E+00
9.00E+00     5.012E+03     1.235E+00
1.00E+01     5.063E+03     1.232E+00
