5      he4 mg23    p al26                  taly      1.87300E+00      
1.00E-03     0.000E+00     1.000E+00
2.00E-03     0.000E+00     1.000E+00
3.00E-03     0.000E+00     1.000E+00
4.00E-03     0.000E+00     1.000E+00
5.00E-03     0.000E+00     1.000E+00
6.00E-03     0.000E+00     1.000E+00
7.00E-03     0.000E+00     1.000E+00
8.00E-03     0.000E+00     1.000E+00
9.00E-03     0.000E+00     1.000E+00
1.00E-02     0.000E+00     1.000E+00
1.10E-02     2.249E-98     1.000E+01
1.20E-02     5.056E-97     1.000E+01
1.30E-02     1.137E-95     1.000E+01
1.40E-02     2.557E-94     1.000E+01
1.50E-02     5.749E-93     1.000E+01
1.60E-02     1.293E-91     1.000E+01
1.80E-02     6.536E-89     1.000E+01
2.00E-02     3.305E-86     1.000E+01
2.50E-02     1.900E-79     1.000E+01
3.00E-02     1.092E-72     1.000E+01
4.00E-02     3.610E-59     1.000E+01
5.00E-02     1.193E-45     1.000E+01
6.00E-02     1.623E-42     1.000E+01
7.00E-02     2.208E-39     1.000E+01
8.00E-02     3.004E-36     1.000E+01
9.00E-02     4.087E-33     1.000E+01
1.00E-01     5.560E-30     1.000E+01
1.10E-01     9.911E-29     1.000E+01
1.20E-01     1.767E-27     1.000E+01
1.30E-01     3.149E-26     1.000E+01
1.40E-01     5.614E-25     1.000E+01
1.50E-01     1.001E-23     1.000E+01
1.60E-01     6.008E-23     1.000E+01
1.80E-01     2.166E-21     1.000E+01
2.00E-01     7.806E-20     1.000E+01
2.50E-01     4.549E-17     1.000E+01
3.00E-01     5.828E-15     1.000E+01
3.50E-01     1.992E-13     1.000E+01
4.00E-01     6.809E-12     1.000E+01
4.50E-01     8.345E-11     1.000E+01
5.00E-01     1.023E-09     1.000E+01
6.00E-01     4.625E-08     1.000E+01
7.00E-01     9.616E-07     1.000E+01
8.00E-01     1.168E-05     1.000E+01
9.00E-01     9.591E-05     1.000E+01
1.00E+00     5.844E-04     1.000E+01
1.25E+00     1.362E-02     1.000E+01
1.50E+00     3.174E-01     1.000E+01
1.75E+00     2.191E+00     1.000E+01
2.00E+00     1.512E+01     1.000E+01
2.50E+00     2.180E+02     1.000E+01
3.00E+00     1.565E+03     1.000E+01
3.50E+00     7.160E+03     1.000E+01
4.00E+00     2.402E+04     1.000E+01
5.00E+00     1.462E+05     1.000E+01
6.00E+00     5.266E+05     1.000E+01
7.00E+00     1.367E+06     1.000E+01
8.00E+00     2.847E+06     1.000E+01
9.00E+00     5.060E+06     1.000E+01
1.00E+01     7.965E+06     1.000E+01
