4        p mg23 al24                       mc10      1.87200e+00      
1.00E-03     0.000E+00     1.000E+00
2.00E-03     0.000E+00     1.000E+00
3.00E-03     0.000E+00     1.000E+00
4.00E-03     0.000E+00     1.000E+00
5.00E-03     0.000E+00     1.000E+00
6.00E-03     0.000E+00     1.000E+00
7.00E-03     0.000E+00     1.000E+00
8.00E-03     0.000E+00     1.000E+00
9.00E-03     0.000E+00     1.000E+00
1.00E-02     3.586E-35     1.462E+00
1.10E-02     8.212E-34     1.462E+00
1.20E-02     1.309E-32     1.468E+00
1.30E-02     1.547E-31     1.468E+00
1.40E-02     1.453E-30     1.463E+00
1.50E-02     1.090E-29     1.467E+00
1.60E-02     7.148E-29     1.467E+00
1.80E-02     1.864E-27     1.468E+00
2.00E-02     3.144E-26     1.466E+00
2.50E-02     9.144E-24     1.467E+00
3.00E-02     6.717E-22     1.466E+00
4.00E-02     3.596E-19     1.460E+00
5.00E-02     3.120E-17     1.462E+00
6.00E-02     9.262E-16     1.465E+00
7.00E-02     1.396E-14     1.458E+00
8.00E-02     1.301E-13     1.468E+00
9.00E-02     8.545E-13     1.475E+00
1.00E-01     4.318E-12     1.456E+00
1.10E-01     1.768E-11     1.481E+00
1.20E-01     6.241E-11     1.468E+00
1.30E-01     1.872E-10     1.465E+00
1.40E-01     5.179E-10     1.463E+00
1.50E-01     1.290E-09     1.464E+00
1.60E-01     3.047E-09     1.446E+00
1.80E-01     1.584E-08     1.384E+00
2.00E-01     9.659E-08     1.339E+00
2.50E-01     8.822E-06     1.472E+00
3.00E-01     2.472E-04     1.495E+00
3.50E-01     2.656E-03     1.493E+00
4.00E-01     1.549E-02     1.486E+00
4.50E-01     6.034E-02     1.477E+00
5.00E-01     1.772E-01     1.467E+00
6.00E-01     8.750E-01     1.444E+00
7.00E-01     2.693E+00     1.422E+00
8.00E-01     6.225E+00     1.401E+00
9.00E-01     1.181E+01     1.384E+00
1.00E+00     1.961E+01     1.370E+00
1.25E+00     4.772E+01     1.344E+00
1.50E+00     8.470E+01     1.328E+00
1.75E+00     1.242E+02     1.320E+00
2.00E+00     1.618E+02     1.320E+00
2.50E+00     2.387E+02     1.320E+00
3.00E+00     3.170E+02     1.320E+00
3.50E+00     3.974E+02     1.320E+00
4.00E+00     4.803E+02     1.320E+00
5.00E+00     6.566E+02     1.320E+00
6.00E+00     8.517E+02     1.320E+00
7.00E+00     1.073E+03     1.320E+00
8.00E+00     1.321E+03     1.320E+00
9.00E+00     1.603E+03     1.320E+00
1.00E+01     1.948E+03     1.320E+00
