4        n mg22 mg23                       taly      1.31440E+01      
1.00E-03     2.386E+04     1.000E+01
2.00E-03     2.406E+04     1.000E+01
3.00E-03     2.426E+04     1.000E+01
4.00E-03     2.446E+04     1.000E+01
5.00E-03     2.466E+04     1.000E+01
6.00E-03     2.453E+04     1.000E+01
7.00E-03     2.441E+04     1.000E+01
8.00E-03     2.428E+04     1.000E+01
9.00E-03     2.416E+04     1.000E+01
1.00E-02     2.403E+04     1.000E+01
1.10E-02     2.405E+04     1.000E+01
1.20E-02     2.407E+04     1.000E+01
1.30E-02     2.409E+04     1.000E+01
1.40E-02     2.411E+04     1.000E+01
1.50E-02     2.414E+04     1.000E+01
1.60E-02     2.416E+04     1.000E+01
1.80E-02     2.420E+04     1.000E+01
2.00E-02     2.424E+04     1.000E+01
2.50E-02     2.434E+04     1.000E+01
3.00E-02     2.445E+04     1.000E+01
4.00E-02     2.466E+04     1.000E+01
5.00E-02     2.487E+04     1.000E+01
6.00E-02     2.520E+04     1.000E+01
7.00E-02     2.553E+04     1.000E+01
8.00E-02     2.586E+04     1.000E+01
9.00E-02     2.619E+04     1.000E+01
1.00E-01     2.652E+04     1.000E+01
1.10E-01     2.688E+04     1.000E+01
1.20E-01     2.725E+04     1.000E+01
1.30E-01     2.761E+04     1.000E+01
1.40E-01     2.798E+04     1.000E+01
1.50E-01     2.835E+04     1.000E+01
1.60E-01     2.874E+04     1.000E+01
1.80E-01     2.953E+04     1.000E+01
2.00E-01     3.032E+04     1.000E+01
2.50E-01     3.233E+04     1.000E+01
3.00E-01     3.429E+04     1.000E+01
3.50E-01     3.614E+04     1.000E+01
4.00E-01     3.798E+04     1.000E+01
4.50E-01     3.971E+04     1.000E+01
5.00E-01     4.144E+04     1.000E+01
6.00E-01     4.474E+04     1.000E+01
7.00E-01     4.791E+04     1.000E+01
8.00E-01     5.097E+04     1.000E+01
9.00E-01     5.393E+04     1.000E+01
1.00E+00     5.679E+04     1.000E+01
1.25E+00     6.319E+04     1.000E+01
1.50E+00     6.959E+04     1.000E+01
1.75E+00     7.487E+04     1.000E+01
2.00E+00     8.014E+04     1.000E+01
2.50E+00     8.870E+04     1.000E+01
3.00E+00     9.549E+04     1.000E+01
3.50E+00     1.008E+05     1.000E+01
4.00E+00     1.049E+05     1.000E+01
5.00E+00     1.105E+05     1.000E+01
6.00E+00     1.138E+05     1.000E+01
7.00E+00     1.155E+05     1.000E+01
8.00E+00     1.157E+05     1.000E+01
9.00E+00     1.143E+05     1.000E+01
1.00E+01     1.106E+05     1.000E+01
