5        n mg21    p na21                  taly      1.38810E+01      
1.00E-03     2.929E+07     1.000E+01
2.00E-03     2.953E+07     1.000E+01
3.00E-03     2.977E+07     1.000E+01
4.00E-03     3.002E+07     1.000E+01
5.00E-03     3.027E+07     1.000E+01
6.00E-03     3.010E+07     1.000E+01
7.00E-03     2.994E+07     1.000E+01
8.00E-03     2.978E+07     1.000E+01
9.00E-03     2.962E+07     1.000E+01
1.00E-02     2.945E+07     1.000E+01
1.10E-02     2.947E+07     1.000E+01
1.20E-02     2.948E+07     1.000E+01
1.30E-02     2.949E+07     1.000E+01
1.40E-02     2.950E+07     1.000E+01
1.50E-02     2.951E+07     1.000E+01
1.60E-02     2.952E+07     1.000E+01
1.80E-02     2.954E+07     1.000E+01
2.00E-02     2.956E+07     1.000E+01
2.50E-02     2.962E+07     1.000E+01
3.00E-02     2.967E+07     1.000E+01
4.00E-02     2.978E+07     1.000E+01
5.00E-02     2.989E+07     1.000E+01
6.00E-02     3.012E+07     1.000E+01
7.00E-02     3.035E+07     1.000E+01
8.00E-02     3.059E+07     1.000E+01
9.00E-02     3.082E+07     1.000E+01
1.00E-01     3.106E+07     1.000E+01
1.10E-01     3.132E+07     1.000E+01
1.20E-01     3.158E+07     1.000E+01
1.30E-01     3.185E+07     1.000E+01
1.40E-01     3.212E+07     1.000E+01
1.50E-01     3.239E+07     1.000E+01
1.60E-01     3.267E+07     1.000E+01
1.80E-01     3.326E+07     1.000E+01
2.00E-01     3.385E+07     1.000E+01
2.50E-01     3.535E+07     1.000E+01
3.00E-01     3.681E+07     1.000E+01
3.50E-01     3.814E+07     1.000E+01
4.00E-01     3.952E+07     1.000E+01
4.50E-01     4.074E+07     1.000E+01
5.00E-01     4.200E+07     1.000E+01
6.00E-01     4.432E+07     1.000E+01
7.00E-01     4.653E+07     1.000E+01
8.00E-01     4.864E+07     1.000E+01
9.00E-01     5.065E+07     1.000E+01
1.00E+00     5.258E+07     1.000E+01
1.25E+00     5.662E+07     1.000E+01
1.50E+00     6.097E+07     1.000E+01
1.75E+00     6.414E+07     1.000E+01
2.00E+00     6.748E+07     1.000E+01
2.50E+00     7.241E+07     1.000E+01
3.00E+00     7.601E+07     1.000E+01
3.50E+00     7.852E+07     1.000E+01
4.00E+00     8.016E+07     1.000E+01
5.00E+00     8.145E+07     1.000E+01
6.00E+00     8.084E+07     1.000E+01
7.00E+00     7.885E+07     1.000E+01
8.00E+00     7.569E+07     1.000E+01
9.00E+00     7.127E+07     1.000E+01
1.00E+01     6.536E+07     1.000E+01
