5        n mg23    p na23                  taly      4.83900E+00      
1.00E-03     1.608E+08     1.000E+01
2.00E-03     1.621E+08     1.000E+01
3.00E-03     1.634E+08     1.000E+01
4.00E-03     1.647E+08     1.000E+01
5.00E-03     1.660E+08     1.000E+01
6.00E-03     1.651E+08     1.000E+01
7.00E-03     1.642E+08     1.000E+01
8.00E-03     1.633E+08     1.000E+01
9.00E-03     1.625E+08     1.000E+01
1.00E-02     1.616E+08     1.000E+01
1.10E-02     1.617E+08     1.000E+01
1.20E-02     1.618E+08     1.000E+01
1.30E-02     1.619E+08     1.000E+01
1.40E-02     1.620E+08     1.000E+01
1.50E-02     1.621E+08     1.000E+01
1.60E-02     1.622E+08     1.000E+01
1.80E-02     1.625E+08     1.000E+01
2.00E-02     1.627E+08     1.000E+01
2.50E-02     1.632E+08     1.000E+01
3.00E-02     1.638E+08     1.000E+01
4.00E-02     1.649E+08     1.000E+01
5.00E-02     1.660E+08     1.000E+01
6.00E-02     1.679E+08     1.000E+01
7.00E-02     1.698E+08     1.000E+01
8.00E-02     1.718E+08     1.000E+01
9.00E-02     1.738E+08     1.000E+01
1.00E-01     1.758E+08     1.000E+01
1.10E-01     1.779E+08     1.000E+01
1.20E-01     1.801E+08     1.000E+01
1.30E-01     1.823E+08     1.000E+01
1.40E-01     1.845E+08     1.000E+01
1.50E-01     1.868E+08     1.000E+01
1.60E-01     1.892E+08     1.000E+01
1.80E-01     1.939E+08     1.000E+01
2.00E-01     1.988E+08     1.000E+01
2.50E-01     2.111E+08     1.000E+01
3.00E-01     2.231E+08     1.000E+01
3.50E-01     2.342E+08     1.000E+01
4.00E-01     2.458E+08     1.000E+01
4.50E-01     2.562E+08     1.000E+01
5.00E-01     2.670E+08     1.000E+01
6.00E-01     2.872E+08     1.000E+01
7.00E-01     3.066E+08     1.000E+01
8.00E-01     3.253E+08     1.000E+01
9.00E-01     3.434E+08     1.000E+01
1.00E+00     3.608E+08     1.000E+01
1.25E+00     3.976E+08     1.000E+01
1.50E+00     4.383E+08     1.000E+01
1.75E+00     4.688E+08     1.000E+01
2.00E+00     5.014E+08     1.000E+01
2.50E+00     5.525E+08     1.000E+01
3.00E+00     5.938E+08     1.000E+01
3.50E+00     6.276E+08     1.000E+01
4.00E+00     6.556E+08     1.000E+01
5.00E+00     6.987E+08     1.000E+01
6.00E+00     7.299E+08     1.000E+01
7.00E+00     7.530E+08     1.000E+01
8.00E+00     7.692E+08     1.000E+01
9.00E+00     7.776E+08     1.000E+01
1.00E+01     7.753E+08     1.000E+01
