4        n mg24 mg25                       taex      7.33000E+00      
1.00E-03     1.310E+06     1.121E+00
2.00E-03     1.286E+06     1.121E+00
3.00E-03     1.262E+06     1.121E+00
4.00E-03     1.237E+06     1.121E+00
5.00E-03     1.213E+06     1.121E+00
6.00E-03     1.187E+06     1.121E+00
7.00E-03     1.162E+06     1.121E+00
8.00E-03     1.136E+06     1.121E+00
9.00E-03     1.110E+06     1.121E+00
1.00E-02     1.084E+06     1.121E+00
1.10E-02     1.076E+06     1.121E+00
1.20E-02     1.067E+06     1.121E+00
1.30E-02     1.058E+06     1.121E+00
1.40E-02     1.049E+06     1.121E+00
1.50E-02     1.040E+06     1.121E+00
1.60E-02     1.032E+06     1.121E+00
1.80E-02     1.014E+06     1.121E+00
2.00E-02     9.965E+05     1.121E+00
2.50E-02     9.526E+05     1.121E+00
3.00E-02     9.087E+05     1.121E+00
4.00E-02     8.208E+05     1.121E+00
5.00E-02     7.330E+05     1.121E+00
6.00E-02     7.089E+05     1.121E+00
7.00E-02     6.848E+05     1.121E+00
8.00E-02     6.607E+05     1.121E+00
9.00E-02     6.366E+05     1.121E+00
1.00E-01     6.124E+05     1.121E+00
1.10E-01     6.014E+05     1.121E+00
1.20E-01     5.904E+05     1.121E+00
1.30E-01     5.794E+05     1.121E+00
1.40E-01     5.683E+05     1.121E+00
1.50E-01     5.573E+05     1.121E+00
1.60E-01     5.509E+05     1.121E+00
1.80E-01     5.381E+05     1.121E+00
2.00E-01     5.252E+05     1.121E+00
2.50E-01     5.040E+05     1.121E+00
3.00E-01     4.885E+05     1.121E+00
3.50E-01     4.776E+05     1.121E+00
4.00E-01     4.666E+05     1.121E+00
4.50E-01     4.591E+05     1.121E+00
5.00E-01     4.516E+05     1.121E+00
6.00E-01     4.406E+05     1.121E+00
7.00E-01     4.324E+05     1.121E+00
8.00E-01     4.262E+05     1.121E+00
9.00E-01     4.215E+05     1.121E+00
1.00E+00     4.179E+05     1.121E+00
1.25E+00     4.140E+05     1.121E+00
1.50E+00     4.101E+05     1.121E+00
1.75E+00     4.103E+05     1.121E+00
2.00E+00     4.105E+05     1.121E+00
2.50E+00     4.134E+05     1.121E+00
3.00E+00     4.157E+05     1.121E+00
3.50E+00     4.159E+05     1.121E+00
4.00E+00     4.139E+05     1.121E+00
5.00E+00     4.054E+05     1.121E+00
6.00E+00     3.964E+05     1.121E+00
7.00E+00     3.911E+05     1.121E+00
8.00E+00     3.908E+05     1.121E+00
9.00E+00     3.955E+05     1.121E+00
1.00E+01     4.040E+05     1.121E+00
