5        n mg22    p na22                  taly      5.56400E+00      
1.00E-03     2.658E+08     1.000E+01
2.00E-03     2.678E+08     1.000E+01
3.00E-03     2.699E+08     1.000E+01
4.00E-03     2.720E+08     1.000E+01
5.00E-03     2.741E+08     1.000E+01
6.00E-03     2.725E+08     1.000E+01
7.00E-03     2.710E+08     1.000E+01
8.00E-03     2.695E+08     1.000E+01
9.00E-03     2.680E+08     1.000E+01
1.00E-02     2.664E+08     1.000E+01
1.10E-02     2.665E+08     1.000E+01
1.20E-02     2.666E+08     1.000E+01
1.30E-02     2.667E+08     1.000E+01
1.40E-02     2.668E+08     1.000E+01
1.50E-02     2.669E+08     1.000E+01
1.60E-02     2.670E+08     1.000E+01
1.80E-02     2.672E+08     1.000E+01
2.00E-02     2.674E+08     1.000E+01
2.50E-02     2.678E+08     1.000E+01
3.00E-02     2.683E+08     1.000E+01
4.00E-02     2.692E+08     1.000E+01
5.00E-02     2.701E+08     1.000E+01
6.00E-02     2.723E+08     1.000E+01
7.00E-02     2.746E+08     1.000E+01
8.00E-02     2.768E+08     1.000E+01
9.00E-02     2.791E+08     1.000E+01
1.00E-01     2.815E+08     1.000E+01
1.10E-01     2.841E+08     1.000E+01
1.20E-01     2.867E+08     1.000E+01
1.30E-01     2.894E+08     1.000E+01
1.40E-01     2.920E+08     1.000E+01
1.50E-01     2.947E+08     1.000E+01
1.60E-01     2.976E+08     1.000E+01
1.80E-01     3.035E+08     1.000E+01
2.00E-01     3.095E+08     1.000E+01
2.50E-01     3.248E+08     1.000E+01
3.00E-01     3.398E+08     1.000E+01
3.50E-01     3.536E+08     1.000E+01
4.00E-01     3.680E+08     1.000E+01
4.50E-01     3.809E+08     1.000E+01
5.00E-01     3.943E+08     1.000E+01
6.00E-01     4.194E+08     1.000E+01
7.00E-01     4.436E+08     1.000E+01
8.00E-01     4.672E+08     1.000E+01
9.00E-01     4.900E+08     1.000E+01
1.00E+00     5.120E+08     1.000E+01
1.25E+00     5.597E+08     1.000E+01
1.50E+00     6.119E+08     1.000E+01
1.75E+00     6.523E+08     1.000E+01
2.00E+00     6.953E+08     1.000E+01
2.50E+00     7.644E+08     1.000E+01
3.00E+00     8.215E+08     1.000E+01
3.50E+00     8.687E+08     1.000E+01
4.00E+00     9.083E+08     1.000E+01
5.00E+00     9.705E+08     1.000E+01
6.00E+00     1.016E+09     1.000E+01
7.00E+00     1.047E+09     1.000E+01
8.00E+00     1.064E+09     1.000E+01
9.00E+00     1.062E+09     1.000E+01
1.00E+01     1.036E+09     1.000E+01
