4      he4 mg23 si27                       taly      9.33600E+00      
1.00E-03     0.000E+00     1.000E+00
2.00E-03     0.000E+00     1.000E+00
3.00E-03     0.000E+00     1.000E+00
4.00E-03     0.000E+00     1.000E+00
5.00E-03     0.000E+00     1.000E+00
6.00E-03     0.000E+00     1.000E+00
7.00E-03     0.000E+00     1.000E+00
8.00E-03     0.000E+00     1.000E+00
9.00E-03     0.000E+00     1.000E+00
1.00E-02     0.000E+00     1.000E+00
1.10E-02     1.925E-98     1.000E+01
1.20E-02     3.704E-97     1.000E+01
1.30E-02     7.129E-96     1.000E+01
1.40E-02     1.372E-94     1.000E+01
1.50E-02     2.641E-93     1.000E+01
1.60E-02     5.082E-92     1.000E+01
1.80E-02     1.883E-89     1.000E+01
2.00E-02     6.973E-87     1.000E+01
2.50E-02     1.842E-80     1.000E+01
3.00E-02     4.863E-74     1.000E+01
4.00E-02     3.391E-61     1.000E+01
5.00E-02     2.365E-48     1.000E+01
6.00E-02     3.141E-45     1.000E+01
7.00E-02     4.171E-42     1.000E+01
8.00E-02     5.540E-39     1.000E+01
9.00E-02     7.358E-36     1.000E+01
1.00E-01     9.773E-33     1.000E+01
1.10E-01     1.663E-31     1.000E+01
1.20E-01     2.828E-30     1.000E+01
1.30E-01     4.812E-29     1.000E+01
1.40E-01     8.186E-28     1.000E+01
1.50E-01     1.393E-26     1.000E+01
1.60E-01     8.012E-26     1.000E+01
1.80E-01     2.652E-24     1.000E+01
2.00E-01     8.776E-23     1.000E+01
2.50E-01     4.253E-20     1.000E+01
3.00E-01     4.630E-18     1.000E+01
3.50E-01     1.377E-16     1.000E+01
4.00E-01     4.094E-15     1.000E+01
4.50E-01     4.472E-14     1.000E+01
5.00E-01     4.884E-13     1.000E+01
6.00E-01     1.820E-11     1.000E+01
7.00E-01     3.209E-10     1.000E+01
8.00E-01     3.382E-09     1.000E+01
9.00E-01     2.457E-08     1.000E+01
1.00E+00     1.347E-07     1.000E+01
1.25E+00     2.614E-06     1.000E+01
1.50E+00     5.074E-05     1.000E+01
1.75E+00     3.154E-04     1.000E+01
2.00E+00     1.960E-03     1.000E+01
2.50E+00     2.535E-02     1.000E+01
3.00E+00     1.734E-01     1.000E+01
3.50E+00     7.793E-01     1.000E+01
4.00E+00     2.602E+00     1.000E+01
5.00E+00     1.588E+01     1.000E+01
6.00E+00     5.755E+01     1.000E+01
7.00E+00     1.502E+02     1.000E+01
8.00E+00     3.144E+02     1.000E+01
9.00E+00     5.626E+02     1.000E+01
1.00E+01     8.938E+02     1.000E+01
