4        n mg23 mg24                       taly      1.65320E+01      
1.00E-03     2.652E+04     1.000E+01
2.00E-03     2.678E+04     1.000E+01
3.00E-03     2.703E+04     1.000E+01
4.00E-03     2.729E+04     1.000E+01
5.00E-03     2.755E+04     1.000E+01
6.00E-03     2.745E+04     1.000E+01
7.00E-03     2.735E+04     1.000E+01
8.00E-03     2.725E+04     1.000E+01
9.00E-03     2.715E+04     1.000E+01
1.00E-02     2.705E+04     1.000E+01
1.10E-02     2.712E+04     1.000E+01
1.20E-02     2.718E+04     1.000E+01
1.30E-02     2.725E+04     1.000E+01
1.40E-02     2.732E+04     1.000E+01
1.50E-02     2.738E+04     1.000E+01
1.60E-02     2.745E+04     1.000E+01
1.80E-02     2.758E+04     1.000E+01
2.00E-02     2.772E+04     1.000E+01
2.50E-02     2.805E+04     1.000E+01
3.00E-02     2.838E+04     1.000E+01
4.00E-02     2.905E+04     1.000E+01
5.00E-02     2.972E+04     1.000E+01
6.00E-02     3.053E+04     1.000E+01
7.00E-02     3.133E+04     1.000E+01
8.00E-02     3.214E+04     1.000E+01
9.00E-02     3.295E+04     1.000E+01
1.00E-01     3.376E+04     1.000E+01
1.10E-01     3.461E+04     1.000E+01
1.20E-01     3.547E+04     1.000E+01
1.30E-01     3.633E+04     1.000E+01
1.40E-01     3.718E+04     1.000E+01
1.50E-01     3.804E+04     1.000E+01
1.60E-01     3.894E+04     1.000E+01
1.80E-01     4.073E+04     1.000E+01
2.00E-01     4.253E+04     1.000E+01
2.50E-01     4.705E+04     1.000E+01
3.00E-01     5.145E+04     1.000E+01
3.50E-01     5.562E+04     1.000E+01
4.00E-01     5.979E+04     1.000E+01
4.50E-01     6.371E+04     1.000E+01
5.00E-01     6.762E+04     1.000E+01
6.00E-01     7.509E+04     1.000E+01
7.00E-01     8.225E+04     1.000E+01
8.00E-01     8.912E+04     1.000E+01
9.00E-01     9.571E+04     1.000E+01
1.00E+00     1.020E+05     1.000E+01
1.25E+00     1.157E+05     1.000E+01
1.50E+00     1.295E+05     1.000E+01
1.75E+00     1.402E+05     1.000E+01
2.00E+00     1.509E+05     1.000E+01
2.50E+00     1.675E+05     1.000E+01
3.00E+00     1.805E+05     1.000E+01
3.50E+00     1.907E+05     1.000E+01
4.00E+00     1.987E+05     1.000E+01
5.00E+00     2.099E+05     1.000E+01
6.00E+00     2.167E+05     1.000E+01
7.00E+00     2.202E+05     1.000E+01
8.00E+00     2.214E+05     1.000E+01
9.00E+00     2.200E+05     1.000E+01
1.00E+01     2.158E+05     1.000E+01
