5      he4 mg25    n si28                  nacr      2.65357E+00      
1.00E-03     0.000E+00     1.000E+00
2.00E-03     0.000E+00     1.000E+00
3.00E-03     0.000E+00     1.000E+00
4.00E-03     0.000E+00     1.000E+00
5.00E-03     0.000E+00     1.000E+00
6.00E-03     0.000E+00     1.000E+00
7.00E-03     0.000E+00     1.000E+00
8.00E-03     0.000E+00     1.000E+00
9.00E-03     0.000E+00     1.000E+00
1.00E-02     0.000E+00     1.000E+00
1.10E-02     0.000E+00     1.000E+00
1.20E-02     0.000E+00     1.000E+00
1.30E-02     0.000E+00     1.000E+00
1.40E-02     0.000E+00     1.000E+00
1.50E-02     0.000E+00     1.000E+00
1.60E-02     0.000E+00     1.000E+00
1.80E-02     0.000E+00     1.000E+00
2.00E-02     0.000E+00     1.000E+00
2.50E-02     0.000E+00     1.000E+00
3.00E-02     0.000E+00     1.000E+00
4.00E-02     0.000E+00     1.000E+00
5.00E-02     0.000E+00     1.000E+00
6.00E-02     0.000E+00     1.000E+00
7.00E-02     0.000E+00     1.000E+00
8.00E-02     0.000E+00     1.000E+00
9.00E-02     0.000E+00     1.000E+00
1.00E-01     0.000E+00     1.000E+00
1.10E-01     0.000E+00     1.000E+00
1.20E-01     0.000E+00     1.000E+00
1.30E-01     5.781E-27     1.671E+02
1.40E-01     7.348E-26     1.633E+02
1.50E-01     7.431E-25     1.601E+02
1.60E-01     6.174E-24     1.571E+02
1.80E-01     2.625E-22     1.509E+02
2.00E-01     6.681E-21     1.446E+02
2.50E-01     4.480E-18     1.295E+02
3.00E-01     6.590E-16     1.156E+02
3.50E-01     3.669E-14     1.019E+02
4.00E-01     1.080E-12     8.568E+01
4.50E-01     2.105E-11     6.557E+01
5.00E-01     3.043E-10     4.568E+01
6.00E-01     2.651E-08     2.191E+01
7.00E-01     8.112E-07     1.233E+01
8.00E-01     1.177E-05     7.900E+00
9.00E-01     1.011E-04     5.522E+00
1.00E+00     6.022E-04     4.069E+00
1.25E+00     1.894E-02     2.280E+00
1.50E+00     2.533E-01     1.588E+00
1.75E+00     2.049E+00     1.306E+00
2.00E+00     1.170E+01     1.182E+00
2.50E+00     1.603E+02     1.175E+00
3.00E+00     1.093E+03     1.173E+00
3.50E+00     4.773E+03     1.168E+00
4.00E+00     1.534E+04     1.163E+00
5.00E+00     8.725E+04     1.155E+00
6.00E+00     2.989E+05     1.146E+00
7.00E+00     7.471E+05     1.136E+00
8.00E+00     1.517E+06     1.125E+00
9.00E+00     2.669E+06     1.118E+00
1.00E+01     4.216E+06     1.108E+00
