4        p mg25 al26                       mc10      6.30645e+00      
1.00E-03     0.000E+00     1.000E+00
2.00E-03     0.000E+00     1.000E+00
3.00E-03     0.000E+00     1.000E+00
4.00E-03     0.000E+00     1.000E+00
5.00E-03     0.000E+00     1.000E+00
6.00E-03     0.000E+00     1.000E+00
7.00E-03     0.000E+00     1.000E+00
8.00E-03     0.000E+00     1.000E+00
9.00E-03     0.000E+00     1.000E+00
1.00E-02     1.557E-32     1.452E+00
1.10E-02     8.198E-31     1.373E+00
1.20E-02     3.772E-29     1.324E+00
1.30E-02     1.616E-27     1.400E+00
1.40E-02     5.099E-26     1.446E+00
1.50E-02     1.074E-24     1.461E+00
1.60E-02     1.562E-23     1.465E+00
1.80E-02     1.346E-21     1.467E+00
2.00E-02     4.690E-20     1.467E+00
2.50E-02     2.666E-17     1.467E+00
3.00E-02     1.740E-15     1.466E+00
4.00E-02     3.005E-13     1.456E+00
5.00E-02     6.824E-12     1.402E+00
6.00E-02     6.563E-11     1.331E+00
7.00E-02     3.986E-10     1.317E+00
8.00E-02     1.724E-09     1.340E+00
9.00E-02     5.733E-09     1.359E+00
1.00E-01     1.597E-08     1.354E+00
1.10E-01     4.143E-08     1.307E+00
1.20E-01     1.167E-07     1.214E+00
1.30E-01     4.046E-07     1.125E+00
1.40E-01     1.617E-06     1.096E+00
1.50E-01     6.398E-06     1.101E+00
1.60E-01     2.306E-05     1.108E+00
1.80E-01     2.103E-04     1.114E+00
2.00E-01     1.263E-03     1.115E+00
2.50E-01     3.204E-02     1.110E+00
3.00E-01     2.765E-01     1.102E+00
3.50E-01     1.295E+00     1.094E+00
4.00E-01     4.161E+00     1.085E+00
4.50E-01     1.042E+01     1.077E+00
5.00E-01     2.191E+01     1.071E+00
6.00E-01     6.836E+01     1.061E+00
7.00E-01     1.576E+02     1.055E+00
8.00E-01     2.991E+02     1.051E+00
9.00E-01     4.976E+02     1.050E+00
1.00E+00     7.532E+02     1.050E+00
1.25E+00     1.620E+03     1.051E+00
1.50E+00     2.759E+03     1.050E+00
1.75E+00     4.089E+03     1.049E+00
2.00E+00     5.556E+03     1.046E+00
2.50E+00     8.670E+03     1.041E+00
3.00E+00     1.174E+04     1.036E+00
3.50E+00     1.434E+04     1.034E+00
4.00E+00     1.648E+04     1.034E+00
5.00E+00     2.000E+04     1.034E+00
6.00E+00     2.281E+04     1.034E+00
7.00E+00     2.511E+04     1.034E+00
8.00E+00     2.719E+04     1.034E+00
9.00E+00     2.917E+04     1.034E+00
1.00E+01     3.161E+04     1.034E+00
