4      he4 mg22 si26                       taly      9.16600E+00      
1.00E-03     0.000E+00     1.000E+00
2.00E-03     0.000E+00     1.000E+00
3.00E-03     0.000E+00     1.000E+00
4.00E-03     0.000E+00     1.000E+00
5.00E-03     0.000E+00     1.000E+00
6.00E-03     0.000E+00     1.000E+00
7.00E-03     0.000E+00     1.000E+00
8.00E-03     0.000E+00     1.000E+00
9.00E-03     0.000E+00     1.000E+00
1.00E-02     0.000E+00     1.000E+00
1.10E-02     1.790E-98     1.000E+01
1.20E-02     3.205E-97     1.000E+01
1.30E-02     5.738E-96     1.000E+01
1.40E-02     1.027E-94     1.000E+01
1.50E-02     1.839E-93     1.000E+01
1.60E-02     3.293E-92     1.000E+01
1.80E-02     1.055E-89     1.000E+01
2.00E-02     3.383E-87     1.000E+01
2.50E-02     6.222E-81     1.000E+01
3.00E-02     1.144E-74     1.000E+01
4.00E-02     3.871E-62     1.000E+01
5.00E-02     1.309E-49     1.000E+01
6.00E-02     1.497E-46     1.000E+01
7.00E-02     1.711E-43     1.000E+01
8.00E-02     1.955E-40     1.000E+01
9.00E-02     2.235E-37     1.000E+01
1.00E-01     2.554E-34     1.000E+01
1.10E-01     3.999E-33     1.000E+01
1.20E-01     6.263E-32     1.000E+01
1.30E-01     9.806E-31     1.000E+01
1.40E-01     1.536E-29     1.000E+01
1.50E-01     2.404E-28     1.000E+01
1.60E-01     1.422E-27     1.000E+01
1.80E-01     4.971E-26     1.000E+01
2.00E-01     1.738E-24     1.000E+01
2.50E-01     9.837E-22     1.000E+01
3.00E-01     1.233E-19     1.000E+01
3.50E-01     4.152E-18     1.000E+01
4.00E-01     1.398E-16     1.000E+01
4.50E-01     1.700E-15     1.000E+01
5.00E-01     2.066E-14     1.000E+01
6.00E-01     9.268E-13     1.000E+01
7.00E-01     1.924E-11     1.000E+01
8.00E-01     2.347E-10     1.000E+01
9.00E-01     1.944E-09     1.000E+01
1.00E+00     1.199E-08     1.000E+01
1.25E+00     2.925E-07     1.000E+01
1.50E+00     7.138E-06     1.000E+01
1.75E+00     5.258E-05     1.000E+01
2.00E+00     3.874E-04     1.000E+01
2.50E+00     6.366E-03     1.000E+01
3.00E+00     5.066E-02     1.000E+01
3.50E+00     2.489E-01     1.000E+01
4.00E+00     8.747E-01     1.000E+01
5.00E+00     5.591E+00     1.000E+01
6.00E+00     2.055E+01     1.000E+01
7.00E+00     5.370E+01     1.000E+01
8.00E+00     1.116E+02     1.000E+01
9.00E+00     1.967E+02     1.000E+01
1.00E+01     3.048E+02     1.000E+01
