4      he4 mn48 co52                       taly      7.09200E+00      
1.00E-03     0.000E+00     1.000E+00
2.00E-03     0.000E+00     1.000E+00
3.00E-03     0.000E+00     1.000E+00
4.00E-03     0.000E+00     1.000E+00
5.00E-03     0.000E+00     1.000E+00
6.00E-03     0.000E+00     1.000E+00
7.00E-03     0.000E+00     1.000E+00
8.00E-03     0.000E+00     1.000E+00
9.00E-03     0.000E+00     1.000E+00
1.00E-02     0.000E+00     1.000E+00
1.10E-02     0.000E+00     1.000E+00
1.20E-02     0.000E+00     1.000E+00
1.30E-02     0.000E+00     1.000E+00
1.40E-02     0.000E+00     1.000E+00
1.50E-02     0.000E+00     1.000E+00
1.60E-02     0.000E+00     1.000E+00
1.80E-02     0.000E+00     1.000E+00
2.00E-02     0.000E+00     1.000E+00
2.50E-02     0.000E+00     1.000E+00
3.00E-02     0.000E+00     1.000E+00
4.00E-02     0.000E+00     1.000E+00
5.00E-02     0.000E+00     1.000E+00
6.00E-02     0.000E+00     1.000E+00
7.00E-02     0.000E+00     1.000E+00
8.00E-02     0.000E+00     1.000E+00
9.00E-02     0.000E+00     1.000E+00
1.00E-01     0.000E+00     1.000E+00
1.10E-01     0.000E+00     1.000E+00
1.20E-01     0.000E+00     1.000E+00
1.30E-01     0.000E+00     1.000E+00
1.40E-01     0.000E+00     1.000E+00
1.50E-01     0.000E+00     1.000E+00
1.60E-01     7.293E-89     1.000E+01
1.80E-01     3.880E-67     1.000E+01
2.00E-01     2.064E-45     1.000E+01
2.50E-01     3.808E-40     1.000E+01
3.00E-01     1.213E-36     1.000E+01
3.50E-01     2.195E-34     1.000E+01
4.00E-01     3.971E-32     1.000E+01
4.50E-01     1.770E-30     1.000E+01
5.00E-01     7.889E-29     1.000E+01
6.00E-01     3.996E-26     1.000E+01
7.00E-01     6.055E-24     1.000E+01
8.00E-01     3.762E-22     1.000E+01
9.00E-01     1.219E-20     1.000E+01
1.00E+00     2.420E-19     1.000E+01
1.25E+00     4.602E-17     1.000E+01
1.50E+00     8.752E-15     1.000E+01
1.75E+00     2.335E-13     1.000E+01
2.00E+00     6.227E-12     1.000E+01
2.50E+00     6.435E-10     1.000E+01
3.00E+00     2.081E-08     1.000E+01
3.50E+00     3.124E-07     1.000E+01
4.00E+00     2.751E-06     1.000E+01
5.00E+00     7.325E-05     1.000E+01
6.00E+00     7.666E-04     1.000E+01
7.00E+00     4.326E-03     1.000E+01
8.00E+00     1.515E-02     1.000E+01
9.00E+00     3.453E-02     1.000E+01
1.00E+01     5.417E-02     1.000E+01
