4        p mn52 fe53                       taly      7.52900E+00      
1.00E-03     0.000E+00     1.000E+00
2.00E-03     0.000E+00     1.000E+00
3.00E-03     0.000E+00     1.000E+00
4.00E-03     0.000E+00     1.000E+00
5.00E-03     0.000E+00     1.000E+00
6.00E-03     0.000E+00     1.000E+00
7.00E-03     0.000E+00     1.000E+00
8.00E-03     0.000E+00     1.000E+00
9.00E-03     0.000E+00     1.000E+00
1.00E-02     0.000E+00     1.000E+00
1.10E-02     6.774E-98     1.000E+01
1.20E-02     4.588E-96     1.000E+01
1.30E-02     3.108E-94     1.000E+01
1.40E-02     2.105E-92     1.000E+01
1.50E-02     1.426E-90     1.000E+01
1.60E-02     9.659E-89     1.000E+01
1.80E-02     4.432E-85     1.000E+01
2.00E-02     2.033E-81     1.000E+01
2.50E-02     2.899E-72     1.000E+01
3.00E-02     4.135E-63     1.000E+01
4.00E-02     8.407E-45     1.000E+01
5.00E-02     1.709E-26     1.000E+01
6.00E-02     9.105E-25     1.000E+01
7.00E-02     4.850E-23     1.000E+01
8.00E-02     2.583E-21     1.000E+01
9.00E-02     1.376E-19     1.000E+01
1.00E-01     7.329E-18     1.000E+01
1.10E-01     4.952E-17     1.000E+01
1.20E-01     3.346E-16     1.000E+01
1.30E-01     2.261E-15     1.000E+01
1.40E-01     1.528E-14     1.000E+01
1.50E-01     1.032E-13     1.000E+01
1.60E-01     3.430E-13     1.000E+01
1.80E-01     3.785E-12     1.000E+01
2.00E-01     4.176E-11     1.000E+01
2.50E-01     2.971E-09     1.000E+01
3.00E-01     7.664E-08     1.000E+01
3.50E-01     8.080E-07     1.000E+01
4.00E-01     8.519E-06     1.000E+01
4.50E-01     4.471E-05     1.000E+01
5.00E-01     2.347E-04     1.000E+01
6.00E-01     2.849E-03     1.000E+01
7.00E-01     2.018E-02     1.000E+01
8.00E-01     9.784E-02     1.000E+01
9.00E-01     3.590E-01     1.000E+01
1.00E+00     1.067E+00     1.000E+01
1.25E+00     6.336E+00     1.000E+01
1.50E+00     3.762E+01     1.000E+01
1.75E+00     1.009E+02     1.000E+01
2.00E+00     2.705E+02     1.000E+01
2.50E+00     9.434E+02     1.000E+01
3.00E+00     2.216E+03     1.000E+01
3.50E+00     4.085E+03     1.000E+01
4.00E+00     6.403E+03     1.000E+01
5.00E+00     1.125E+04     1.000E+01
6.00E+00     1.433E+04     1.000E+01
7.00E+00     1.472E+04     1.000E+01
8.00E+00     1.346E+04     1.000E+01
9.00E+00     1.174E+04     1.000E+01
1.00E+01     1.014E+04     1.000E+01
