4      he4 mn52 co56                       taly      7.75800E+00      
1.00E-03     0.000E+00     1.000E+00
2.00E-03     0.000E+00     1.000E+00
3.00E-03     0.000E+00     1.000E+00
4.00E-03     0.000E+00     1.000E+00
5.00E-03     0.000E+00     1.000E+00
6.00E-03     0.000E+00     1.000E+00
7.00E-03     0.000E+00     1.000E+00
8.00E-03     0.000E+00     1.000E+00
9.00E-03     0.000E+00     1.000E+00
1.00E-02     0.000E+00     1.000E+00
1.10E-02     0.000E+00     1.000E+00
1.20E-02     0.000E+00     1.000E+00
1.30E-02     0.000E+00     1.000E+00
1.40E-02     0.000E+00     1.000E+00
1.50E-02     0.000E+00     1.000E+00
1.60E-02     0.000E+00     1.000E+00
1.80E-02     0.000E+00     1.000E+00
2.00E-02     0.000E+00     1.000E+00
2.50E-02     0.000E+00     1.000E+00
3.00E-02     0.000E+00     1.000E+00
4.00E-02     0.000E+00     1.000E+00
5.00E-02     0.000E+00     1.000E+00
6.00E-02     0.000E+00     1.000E+00
7.00E-02     0.000E+00     1.000E+00
8.00E-02     0.000E+00     1.000E+00
9.00E-02     0.000E+00     1.000E+00
1.00E-01     0.000E+00     1.000E+00
1.10E-01     0.000E+00     1.000E+00
1.20E-01     0.000E+00     1.000E+00
1.30E-01     0.000E+00     1.000E+00
1.40E-01     0.000E+00     1.000E+00
1.50E-01     0.000E+00     1.000E+00
1.60E-01     4.417E-88     1.000E+01
1.80E-01     8.621E-65     1.000E+01
2.00E-01     1.682E-41     1.000E+01
2.50E-01     3.500E-36     1.000E+01
3.00E-01     1.801E-32     1.000E+01
3.50E-01     6.742E-30     1.000E+01
4.00E-01     2.523E-27     1.000E+01
4.50E-01     1.552E-25     1.000E+01
5.00E-01     9.542E-24     1.000E+01
6.00E-01     4.610E-21     1.000E+01
7.00E-01     5.922E-19     1.000E+01
8.00E-01     3.047E-17     1.000E+01
9.00E-01     8.038E-16     1.000E+01
1.00E+00     1.280E-14     1.000E+01
1.25E+00     1.383E-12     1.000E+01
1.50E+00     1.495E-10     1.000E+01
1.75E+00     2.452E-09     1.000E+01
2.00E+00     4.023E-08     1.000E+01
2.50E+00     1.907E-06     1.000E+01
3.00E+00     3.464E-05     1.000E+01
3.50E+00     3.462E-04     1.000E+01
4.00E+00     2.281E-03     1.000E+01
5.00E+00     4.013E-02     1.000E+01
6.00E+00     2.894E-01     1.000E+01
7.00E+00     1.120E+00     1.000E+01
8.00E+00     2.873E+00     1.000E+01
9.00E+00     5.667E+00     1.000E+01
1.00E+01     9.409E+00     1.000E+01
