5      he4 mn50    p fe53                  taly      3.45600E+00      
1.00E-03     0.000E+00     1.000E+00
2.00E-03     0.000E+00     1.000E+00
3.00E-03     0.000E+00     1.000E+00
4.00E-03     0.000E+00     1.000E+00
5.00E-03     0.000E+00     1.000E+00
6.00E-03     0.000E+00     1.000E+00
7.00E-03     0.000E+00     1.000E+00
8.00E-03     0.000E+00     1.000E+00
9.00E-03     0.000E+00     1.000E+00
1.00E-02     0.000E+00     1.000E+00
1.10E-02     0.000E+00     1.000E+00
1.20E-02     0.000E+00     1.000E+00
1.30E-02     0.000E+00     1.000E+00
1.40E-02     0.000E+00     1.000E+00
1.50E-02     0.000E+00     1.000E+00
1.60E-02     0.000E+00     1.000E+00
1.80E-02     0.000E+00     1.000E+00
2.00E-02     0.000E+00     1.000E+00
2.50E-02     0.000E+00     1.000E+00
3.00E-02     0.000E+00     1.000E+00
4.00E-02     0.000E+00     1.000E+00
5.00E-02     0.000E+00     1.000E+00
6.00E-02     0.000E+00     1.000E+00
7.00E-02     0.000E+00     1.000E+00
8.00E-02     0.000E+00     1.000E+00
9.00E-02     0.000E+00     1.000E+00
1.00E-01     0.000E+00     1.000E+00
1.10E-01     0.000E+00     1.000E+00
1.20E-01     0.000E+00     1.000E+00
1.30E-01     0.000E+00     1.000E+00
1.40E-01     0.000E+00     1.000E+00
1.50E-01     0.000E+00     1.000E+00
1.60E-01     3.760E-88     1.000E+01
1.80E-01     5.315E-65     1.000E+01
2.00E-01     7.513E-42     1.000E+01
2.50E-01     2.070E-36     1.000E+01
3.00E-01     1.290E-32     1.000E+01
3.50E-01     5.549E-30     1.000E+01
4.00E-01     2.388E-27     1.000E+01
4.50E-01     1.692E-25     1.000E+01
5.00E-01     1.198E-23     1.000E+01
6.00E-01     7.986E-21     1.000E+01
7.00E-01     1.451E-18     1.000E+01
8.00E-01     1.058E-16     1.000E+01
9.00E-01     3.932E-15     1.000E+01
1.00E+00     8.773E-14     1.000E+01
1.25E+00     2.039E-11     1.000E+01
1.50E+00     4.740E-09     1.000E+01
1.75E+00     1.427E-07     1.000E+01
2.00E+00     4.293E-06     1.000E+01
2.50E+00     4.900E-04     1.000E+01
3.00E+00     1.647E-02     1.000E+01
3.50E+00     2.544E-01     1.000E+01
4.00E+00     2.293E+00     1.000E+01
5.00E+00     6.005E+01     1.000E+01
6.00E+00     5.265E+02     1.000E+01
7.00E+00     2.173E+03     1.000E+01
8.00E+00     5.589E+03     1.000E+01
9.00E+00     1.085E+04     1.000E+01
1.00E+01     1.769E+04     1.000E+01
