5        n mn47  he4  v44                  taly      7.19700E+00      
1.00E-03     1.717E+06     1.000E+01
2.00E-03     1.719E+06     1.000E+01
3.00E-03     1.722E+06     1.000E+01
4.00E-03     1.724E+06     1.000E+01
5.00E-03     1.726E+06     1.000E+01
6.00E-03     1.710E+06     1.000E+01
7.00E-03     1.694E+06     1.000E+01
8.00E-03     1.678E+06     1.000E+01
9.00E-03     1.662E+06     1.000E+01
1.00E-02     1.646E+06     1.000E+01
1.10E-02     1.642E+06     1.000E+01
1.20E-02     1.639E+06     1.000E+01
1.30E-02     1.635E+06     1.000E+01
1.40E-02     1.631E+06     1.000E+01
1.50E-02     1.627E+06     1.000E+01
1.60E-02     1.624E+06     1.000E+01
1.80E-02     1.616E+06     1.000E+01
2.00E-02     1.609E+06     1.000E+01
2.50E-02     1.591E+06     1.000E+01
3.00E-02     1.573E+06     1.000E+01
4.00E-02     1.537E+06     1.000E+01
5.00E-02     1.503E+06     1.000E+01
6.00E-02     1.487E+06     1.000E+01
7.00E-02     1.472E+06     1.000E+01
8.00E-02     1.457E+06     1.000E+01
9.00E-02     1.442E+06     1.000E+01
1.00E-01     1.427E+06     1.000E+01
1.10E-01     1.418E+06     1.000E+01
1.20E-01     1.408E+06     1.000E+01
1.30E-01     1.399E+06     1.000E+01
1.40E-01     1.389E+06     1.000E+01
1.50E-01     1.380E+06     1.000E+01
1.60E-01     1.374E+06     1.000E+01
1.80E-01     1.361E+06     1.000E+01
2.00E-01     1.349E+06     1.000E+01
2.50E-01     1.327E+06     1.000E+01
3.00E-01     1.310E+06     1.000E+01
3.50E-01     1.296E+06     1.000E+01
4.00E-01     1.283E+06     1.000E+01
4.50E-01     1.273E+06     1.000E+01
5.00E-01     1.262E+06     1.000E+01
6.00E-01     1.247E+06     1.000E+01
7.00E-01     1.236E+06     1.000E+01
8.00E-01     1.229E+06     1.000E+01
9.00E-01     1.227E+06     1.000E+01
1.00E+00     1.227E+06     1.000E+01
1.25E+00     1.249E+06     1.000E+01
1.50E+00     1.271E+06     1.000E+01
1.75E+00     1.318E+06     1.000E+01
2.00E+00     1.367E+06     1.000E+01
2.50E+00     1.504E+06     1.000E+01
3.00E+00     1.673E+06     1.000E+01
3.50E+00     1.869E+06     1.000E+01
4.00E+00     2.086E+06     1.000E+01
5.00E+00     2.564E+06     1.000E+01
6.00E+00     3.067E+06     1.000E+01
7.00E+00     3.512E+06     1.000E+01
8.00E+00     3.631E+06     1.000E+01
9.00E+00     3.039E+06     1.000E+01
1.00E+01     1.991E+06     1.000E+01
