5        n mn49    p cr49                  taly      8.47800E+00      
1.00E-03     2.493E+09     1.000E+01
2.00E-03     2.494E+09     1.000E+01
3.00E-03     2.495E+09     1.000E+01
4.00E-03     2.496E+09     1.000E+01
5.00E-03     2.497E+09     1.000E+01
6.00E-03     2.472E+09     1.000E+01
7.00E-03     2.447E+09     1.000E+01
8.00E-03     2.422E+09     1.000E+01
9.00E-03     2.398E+09     1.000E+01
1.00E-02     2.374E+09     1.000E+01
1.10E-02     2.368E+09     1.000E+01
1.20E-02     2.361E+09     1.000E+01
1.30E-02     2.355E+09     1.000E+01
1.40E-02     2.349E+09     1.000E+01
1.50E-02     2.343E+09     1.000E+01
1.60E-02     2.336E+09     1.000E+01
1.80E-02     2.324E+09     1.000E+01
2.00E-02     2.312E+09     1.000E+01
2.50E-02     2.282E+09     1.000E+01
3.00E-02     2.252E+09     1.000E+01
4.00E-02     2.193E+09     1.000E+01
5.00E-02     2.136E+09     1.000E+01
6.00E-02     2.108E+09     1.000E+01
7.00E-02     2.082E+09     1.000E+01
8.00E-02     2.055E+09     1.000E+01
9.00E-02     2.029E+09     1.000E+01
1.00E-01     2.003E+09     1.000E+01
1.10E-01     1.986E+09     1.000E+01
1.20E-01     1.968E+09     1.000E+01
1.30E-01     1.951E+09     1.000E+01
1.40E-01     1.934E+09     1.000E+01
1.50E-01     1.916E+09     1.000E+01
1.60E-01     1.904E+09     1.000E+01
1.80E-01     1.879E+09     1.000E+01
2.00E-01     1.855E+09     1.000E+01
2.50E-01     1.808E+09     1.000E+01
3.00E-01     1.769E+09     1.000E+01
3.50E-01     1.735E+09     1.000E+01
4.00E-01     1.703E+09     1.000E+01
4.50E-01     1.675E+09     1.000E+01
5.00E-01     1.648E+09     1.000E+01
6.00E-01     1.602E+09     1.000E+01
7.00E-01     1.563E+09     1.000E+01
8.00E-01     1.529E+09     1.000E+01
9.00E-01     1.501E+09     1.000E+01
1.00E+00     1.477E+09     1.000E+01
1.25E+00     1.441E+09     1.000E+01
1.50E+00     1.406E+09     1.000E+01
1.75E+00     1.394E+09     1.000E+01
2.00E+00     1.382E+09     1.000E+01
2.50E+00     1.382E+09     1.000E+01
3.00E+00     1.396E+09     1.000E+01
3.50E+00     1.416E+09     1.000E+01
4.00E+00     1.441E+09     1.000E+01
5.00E+00     1.497E+09     1.000E+01
6.00E+00     1.553E+09     1.000E+01
7.00E+00     1.606E+09     1.000E+01
8.00E+00     1.647E+09     1.000E+01
9.00E+00     1.651E+09     1.000E+01
1.00E+01     1.542E+09     1.000E+01
