5        n mn52    p cr52                  taly      5.49300E+00      
1.00E-03     1.025E+09     1.000E+01
2.00E-03     9.346E+08     1.000E+01
3.00E-03     8.523E+08     1.000E+01
4.00E-03     7.772E+08     1.000E+01
5.00E-03     7.087E+08     1.000E+01
6.00E-03     6.797E+08     1.000E+01
7.00E-03     6.519E+08     1.000E+01
8.00E-03     6.252E+08     1.000E+01
9.00E-03     5.996E+08     1.000E+01
1.00E-02     5.751E+08     1.000E+01
1.10E-02     5.678E+08     1.000E+01
1.20E-02     5.606E+08     1.000E+01
1.30E-02     5.535E+08     1.000E+01
1.40E-02     5.466E+08     1.000E+01
1.50E-02     5.396E+08     1.000E+01
1.60E-02     5.328E+08     1.000E+01
1.80E-02     5.194E+08     1.000E+01
2.00E-02     5.064E+08     1.000E+01
2.50E-02     4.752E+08     1.000E+01
3.00E-02     4.459E+08     1.000E+01
4.00E-02     3.927E+08     1.000E+01
5.00E-02     3.458E+08     1.000E+01
6.00E-02     3.312E+08     1.000E+01
7.00E-02     3.173E+08     1.000E+01
8.00E-02     3.040E+08     1.000E+01
9.00E-02     2.912E+08     1.000E+01
1.00E-01     2.790E+08     1.000E+01
1.10E-01     2.725E+08     1.000E+01
1.20E-01     2.661E+08     1.000E+01
1.30E-01     2.599E+08     1.000E+01
1.40E-01     2.538E+08     1.000E+01
1.50E-01     2.478E+08     1.000E+01
1.60E-01     2.441E+08     1.000E+01
1.80E-01     2.368E+08     1.000E+01
2.00E-01     2.297E+08     1.000E+01
2.50E-01     2.178E+08     1.000E+01
3.00E-01     2.095E+08     1.000E+01
3.50E-01     2.039E+08     1.000E+01
4.00E-01     1.985E+08     1.000E+01
4.50E-01     1.951E+08     1.000E+01
5.00E-01     1.918E+08     1.000E+01
6.00E-01     1.879E+08     1.000E+01
7.00E-01     1.859E+08     1.000E+01
8.00E-01     1.857E+08     1.000E+01
9.00E-01     1.869E+08     1.000E+01
1.00E+00     1.894E+08     1.000E+01
1.25E+00     2.026E+08     1.000E+01
1.50E+00     2.168E+08     1.000E+01
1.75E+00     2.373E+08     1.000E+01
2.00E+00     2.597E+08     1.000E+01
2.50E+00     3.073E+08     1.000E+01
3.00E+00     3.525E+08     1.000E+01
3.50E+00     3.914E+08     1.000E+01
4.00E+00     4.216E+08     1.000E+01
5.00E+00     4.443E+08     1.000E+01
6.00E+00     4.096E+08     1.000E+01
7.00E+00     3.405E+08     1.000E+01
8.00E+00     2.712E+08     1.000E+01
9.00E+00     2.172E+08     1.000E+01
1.00E+01     1.789E+08     1.000E+01
