4        n mn47 mn48                       taly      1.48290E+01      
1.00E-03     2.629E+04     1.000E+01
2.00E-03     2.632E+04     1.000E+01
3.00E-03     2.635E+04     1.000E+01
4.00E-03     2.638E+04     1.000E+01
5.00E-03     2.641E+04     1.000E+01
6.00E-03     2.616E+04     1.000E+01
7.00E-03     2.591E+04     1.000E+01
8.00E-03     2.566E+04     1.000E+01
9.00E-03     2.541E+04     1.000E+01
1.00E-02     2.516E+04     1.000E+01
1.10E-02     2.510E+04     1.000E+01
1.20E-02     2.504E+04     1.000E+01
1.30E-02     2.499E+04     1.000E+01
1.40E-02     2.493E+04     1.000E+01
1.50E-02     2.487E+04     1.000E+01
1.60E-02     2.481E+04     1.000E+01
1.80E-02     2.469E+04     1.000E+01
2.00E-02     2.457E+04     1.000E+01
2.50E-02     2.428E+04     1.000E+01
3.00E-02     2.398E+04     1.000E+01
4.00E-02     2.339E+04     1.000E+01
5.00E-02     2.280E+04     1.000E+01
6.00E-02     2.253E+04     1.000E+01
7.00E-02     2.227E+04     1.000E+01
8.00E-02     2.200E+04     1.000E+01
9.00E-02     2.173E+04     1.000E+01
1.00E-01     2.146E+04     1.000E+01
1.10E-01     2.129E+04     1.000E+01
1.20E-01     2.111E+04     1.000E+01
1.30E-01     2.093E+04     1.000E+01
1.40E-01     2.075E+04     1.000E+01
1.50E-01     2.057E+04     1.000E+01
1.60E-01     2.044E+04     1.000E+01
1.80E-01     2.018E+04     1.000E+01
2.00E-01     1.993E+04     1.000E+01
2.50E-01     1.943E+04     1.000E+01
3.00E-01     1.901E+04     1.000E+01
3.50E-01     1.865E+04     1.000E+01
4.00E-01     1.829E+04     1.000E+01
4.50E-01     1.799E+04     1.000E+01
5.00E-01     1.768E+04     1.000E+01
6.00E-01     1.716E+04     1.000E+01
7.00E-01     1.671E+04     1.000E+01
8.00E-01     1.633E+04     1.000E+01
9.00E-01     1.600E+04     1.000E+01
1.00E+00     1.571E+04     1.000E+01
1.25E+00     1.522E+04     1.000E+01
1.50E+00     1.474E+04     1.000E+01
1.75E+00     1.450E+04     1.000E+01
2.00E+00     1.426E+04     1.000E+01
2.50E+00     1.404E+04     1.000E+01
3.00E+00     1.397E+04     1.000E+01
3.50E+00     1.398E+04     1.000E+01
4.00E+00     1.402E+04     1.000E+01
5.00E+00     1.416E+04     1.000E+01
6.00E+00     1.425E+04     1.000E+01
7.00E+00     1.402E+04     1.000E+01
8.00E+00     1.264E+04     1.000E+01
9.00E+00     9.310E+03     1.000E+01
1.00E+01     5.395E+03     1.000E+01
