5        n mn52  he4  v49                  taly      2.90000E+00      
1.00E-03     2.894E+01     1.000E+01
2.00E-03     2.613E+01     1.000E+01
3.00E-03     2.360E+01     1.000E+01
4.00E-03     2.130E+01     1.000E+01
5.00E-03     1.924E+01     1.000E+01
6.00E-03     1.842E+01     1.000E+01
7.00E-03     1.764E+01     1.000E+01
8.00E-03     1.689E+01     1.000E+01
9.00E-03     1.617E+01     1.000E+01
1.00E-02     1.548E+01     1.000E+01
1.10E-02     1.530E+01     1.000E+01
1.20E-02     1.513E+01     1.000E+01
1.30E-02     1.496E+01     1.000E+01
1.40E-02     1.479E+01     1.000E+01
1.50E-02     1.462E+01     1.000E+01
1.60E-02     1.446E+01     1.000E+01
1.80E-02     1.413E+01     1.000E+01
2.00E-02     1.381E+01     1.000E+01
2.50E-02     1.305E+01     1.000E+01
3.00E-02     1.232E+01     1.000E+01
4.00E-02     1.100E+01     1.000E+01
5.00E-02     9.813E+00     1.000E+01
6.00E-02     9.603E+00     1.000E+01
7.00E-02     9.397E+00     1.000E+01
8.00E-02     9.197E+00     1.000E+01
9.00E-02     9.000E+00     1.000E+01
1.00E-01     8.808E+00     1.000E+01
1.10E-01     8.791E+00     1.000E+01
1.20E-01     8.775E+00     1.000E+01
1.30E-01     8.759E+00     1.000E+01
1.40E-01     8.743E+00     1.000E+01
1.50E-01     8.727E+00     1.000E+01
1.60E-01     8.778E+00     1.000E+01
1.80E-01     8.880E+00     1.000E+01
2.00E-01     8.984E+00     1.000E+01
2.50E-01     9.413E+00     1.000E+01
3.00E-01     9.951E+00     1.000E+01
3.50E-01     1.060E+01     1.000E+01
4.00E-01     1.130E+01     1.000E+01
4.50E-01     1.214E+01     1.000E+01
5.00E-01     1.305E+01     1.000E+01
6.00E-01     1.534E+01     1.000E+01
7.00E-01     1.842E+01     1.000E+01
8.00E-01     2.270E+01     1.000E+01
9.00E-01     2.884E+01     1.000E+01
1.00E+00     3.781E+01     1.000E+01
1.25E+00     8.648E+01     1.000E+01
1.50E+00     1.978E+02     1.000E+01
1.75E+00     4.450E+02     1.000E+01
2.00E+00     1.001E+03     1.000E+01
2.50E+00     3.856E+03     1.000E+01
3.00E+00     1.177E+04     1.000E+01
3.50E+00     3.028E+04     1.000E+01
4.00E+00     6.812E+04     1.000E+01
5.00E+00     2.466E+05     1.000E+01
6.00E+00     6.074E+05     1.000E+01
7.00E+00     1.113E+06     1.000E+01
8.00E+00     1.682E+06     1.000E+01
9.00E+00     2.277E+06     1.000E+01
1.00E+01     2.896E+06     1.000E+01
