4      he4 mn49 co53                       taly      7.44700E+00      
1.00E-03     0.000E+00     1.000E+00
2.00E-03     0.000E+00     1.000E+00
3.00E-03     0.000E+00     1.000E+00
4.00E-03     0.000E+00     1.000E+00
5.00E-03     0.000E+00     1.000E+00
6.00E-03     0.000E+00     1.000E+00
7.00E-03     0.000E+00     1.000E+00
8.00E-03     0.000E+00     1.000E+00
9.00E-03     0.000E+00     1.000E+00
1.00E-02     0.000E+00     1.000E+00
1.10E-02     0.000E+00     1.000E+00
1.20E-02     0.000E+00     1.000E+00
1.30E-02     0.000E+00     1.000E+00
1.40E-02     0.000E+00     1.000E+00
1.50E-02     0.000E+00     1.000E+00
1.60E-02     0.000E+00     1.000E+00
1.80E-02     0.000E+00     1.000E+00
2.00E-02     0.000E+00     1.000E+00
2.50E-02     0.000E+00     1.000E+00
3.00E-02     0.000E+00     1.000E+00
4.00E-02     0.000E+00     1.000E+00
5.00E-02     0.000E+00     1.000E+00
6.00E-02     0.000E+00     1.000E+00
7.00E-02     0.000E+00     1.000E+00
8.00E-02     0.000E+00     1.000E+00
9.00E-02     0.000E+00     1.000E+00
1.00E-01     0.000E+00     1.000E+00
1.10E-01     0.000E+00     1.000E+00
1.20E-01     0.000E+00     1.000E+00
1.30E-01     0.000E+00     1.000E+00
1.40E-01     0.000E+00     1.000E+00
1.50E-01     0.000E+00     1.000E+00
1.60E-01     7.269E-89     1.000E+01
1.80E-01     3.840E-67     1.000E+01
2.00E-01     2.029E-45     1.000E+01
2.50E-01     3.885E-40     1.000E+01
3.00E-01     1.353E-36     1.000E+01
3.50E-01     3.231E-34     1.000E+01
4.00E-01     7.714E-32     1.000E+01
4.50E-01     4.377E-30     1.000E+01
5.00E-01     2.484E-28     1.000E+01
6.00E-01     1.370E-25     1.000E+01
7.00E-01     2.197E-23     1.000E+01
8.00E-01     1.477E-21     1.000E+01
9.00E-01     5.213E-20     1.000E+01
1.00E+00     1.122E-18     1.000E+01
1.25E+00     2.430E-16     1.000E+01
1.50E+00     5.263E-14     1.000E+01
1.75E+00     1.468E-12     1.000E+01
2.00E+00     4.095E-11     1.000E+01
2.50E+00     4.224E-09     1.000E+01
3.00E+00     1.333E-07     1.000E+01
3.50E+00     1.967E-06     1.000E+01
4.00E+00     1.720E-05     1.000E+01
5.00E+00     4.584E-04     1.000E+01
6.00E+00     4.848E-03     1.000E+01
7.00E+00     2.830E-02     1.000E+01
8.00E+00     1.101E-01     1.000E+01
9.00E+00     3.167E-01     1.000E+01
1.00E+01     6.934E-01     1.000E+01
