4        n mn49 mn50                       taly      1.30610E+01      
1.00E-03     3.952E+05     1.000E+01
2.00E-03     3.953E+05     1.000E+01
3.00E-03     3.954E+05     1.000E+01
4.00E-03     3.956E+05     1.000E+01
5.00E-03     3.957E+05     1.000E+01
6.00E-03     3.918E+05     1.000E+01
7.00E-03     3.879E+05     1.000E+01
8.00E-03     3.840E+05     1.000E+01
9.00E-03     3.801E+05     1.000E+01
1.00E-02     3.762E+05     1.000E+01
1.10E-02     3.752E+05     1.000E+01
1.20E-02     3.742E+05     1.000E+01
1.30E-02     3.733E+05     1.000E+01
1.40E-02     3.723E+05     1.000E+01
1.50E-02     3.714E+05     1.000E+01
1.60E-02     3.704E+05     1.000E+01
1.80E-02     3.685E+05     1.000E+01
2.00E-02     3.666E+05     1.000E+01
2.50E-02     3.618E+05     1.000E+01
3.00E-02     3.571E+05     1.000E+01
4.00E-02     3.475E+05     1.000E+01
5.00E-02     3.380E+05     1.000E+01
6.00E-02     3.337E+05     1.000E+01
7.00E-02     3.294E+05     1.000E+01
8.00E-02     3.251E+05     1.000E+01
9.00E-02     3.208E+05     1.000E+01
1.00E-01     3.165E+05     1.000E+01
1.10E-01     3.136E+05     1.000E+01
1.20E-01     3.108E+05     1.000E+01
1.30E-01     3.079E+05     1.000E+01
1.40E-01     3.051E+05     1.000E+01
1.50E-01     3.022E+05     1.000E+01
1.60E-01     3.002E+05     1.000E+01
1.80E-01     2.961E+05     1.000E+01
2.00E-01     2.920E+05     1.000E+01
2.50E-01     2.840E+05     1.000E+01
3.00E-01     2.774E+05     1.000E+01
3.50E-01     2.717E+05     1.000E+01
4.00E-01     2.661E+05     1.000E+01
4.50E-01     2.614E+05     1.000E+01
5.00E-01     2.566E+05     1.000E+01
6.00E-01     2.485E+05     1.000E+01
7.00E-01     2.415E+05     1.000E+01
8.00E-01     2.355E+05     1.000E+01
9.00E-01     2.303E+05     1.000E+01
1.00E+00     2.259E+05     1.000E+01
1.25E+00     2.186E+05     1.000E+01
1.50E+00     2.114E+05     1.000E+01
1.75E+00     2.081E+05     1.000E+01
2.00E+00     2.048E+05     1.000E+01
2.50E+00     2.022E+05     1.000E+01
3.00E+00     2.020E+05     1.000E+01
3.50E+00     2.030E+05     1.000E+01
4.00E+00     2.046E+05     1.000E+01
5.00E+00     2.087E+05     1.000E+01
6.00E+00     2.126E+05     1.000E+01
7.00E+00     2.154E+05     1.000E+01
8.00E+00     2.164E+05     1.000E+01
9.00E+00     2.122E+05     1.000E+01
1.00E+01     1.938E+05     1.000E+01
