5        n mn50  he4  v47                  taly      5.02500E+00      
1.00E-03     3.563E+05     1.000E+01
2.00E-03     3.560E+05     1.000E+01
3.00E-03     3.557E+05     1.000E+01
4.00E-03     3.555E+05     1.000E+01
5.00E-03     3.552E+05     1.000E+01
6.00E-03     3.515E+05     1.000E+01
7.00E-03     3.479E+05     1.000E+01
8.00E-03     3.443E+05     1.000E+01
9.00E-03     3.407E+05     1.000E+01
1.00E-02     3.372E+05     1.000E+01
1.10E-02     3.363E+05     1.000E+01
1.20E-02     3.355E+05     1.000E+01
1.30E-02     3.346E+05     1.000E+01
1.40E-02     3.338E+05     1.000E+01
1.50E-02     3.330E+05     1.000E+01
1.60E-02     3.321E+05     1.000E+01
1.80E-02     3.305E+05     1.000E+01
2.00E-02     3.288E+05     1.000E+01
2.50E-02     3.247E+05     1.000E+01
3.00E-02     3.206E+05     1.000E+01
4.00E-02     3.127E+05     1.000E+01
5.00E-02     3.049E+05     1.000E+01
6.00E-02     3.020E+05     1.000E+01
7.00E-02     2.992E+05     1.000E+01
8.00E-02     2.963E+05     1.000E+01
9.00E-02     2.936E+05     1.000E+01
1.00E-01     2.908E+05     1.000E+01
1.10E-01     2.894E+05     1.000E+01
1.20E-01     2.880E+05     1.000E+01
1.30E-01     2.866E+05     1.000E+01
1.40E-01     2.853E+05     1.000E+01
1.50E-01     2.839E+05     1.000E+01
1.60E-01     2.833E+05     1.000E+01
1.80E-01     2.822E+05     1.000E+01
2.00E-01     2.810E+05     1.000E+01
2.50E-01     2.803E+05     1.000E+01
3.00E-01     2.807E+05     1.000E+01
3.50E-01     2.812E+05     1.000E+01
4.00E-01     2.817E+05     1.000E+01
4.50E-01     2.812E+05     1.000E+01
5.00E-01     2.806E+05     1.000E+01
6.00E-01     2.763E+05     1.000E+01
7.00E-01     2.701E+05     1.000E+01
8.00E-01     2.638E+05     1.000E+01
9.00E-01     2.590E+05     1.000E+01
1.00E+00     2.565E+05     1.000E+01
1.25E+00     2.700E+05     1.000E+01
1.50E+00     2.842E+05     1.000E+01
1.75E+00     3.254E+05     1.000E+01
2.00E+00     3.726E+05     1.000E+01
2.50E+00     5.157E+05     1.000E+01
3.00E+00     7.147E+05     1.000E+01
3.50E+00     9.721E+05     1.000E+01
4.00E+00     1.284E+06     1.000E+01
5.00E+00     1.975E+06     1.000E+01
6.00E+00     2.459E+06     1.000E+01
7.00E+00     2.557E+06     1.000E+01
8.00E+00     2.459E+06     1.000E+01
9.00E+00     2.354E+06     1.000E+01
1.00E+01     2.297E+06     1.000E+01
