5        p mn53  he4 cr50                  taly      4.37000E-01      
1.00E-03     0.000E+00     1.000E+00
2.00E-03     0.000E+00     1.000E+00
3.00E-03     0.000E+00     1.000E+00
4.00E-03     0.000E+00     1.000E+00
5.00E-03     0.000E+00     1.000E+00
6.00E-03     0.000E+00     1.000E+00
7.00E-03     0.000E+00     1.000E+00
8.00E-03     0.000E+00     1.000E+00
9.00E-03     0.000E+00     1.000E+00
1.00E-02     0.000E+00     1.000E+00
1.10E-02     4.862E-98     1.000E+01
1.20E-02     2.364E-96     1.000E+01
1.30E-02     1.149E-94     1.000E+01
1.40E-02     5.589E-93     1.000E+01
1.50E-02     2.718E-91     1.000E+01
1.60E-02     1.321E-89     1.000E+01
1.80E-02     3.124E-86     1.000E+01
2.00E-02     7.385E-83     1.000E+01
2.50E-02     2.007E-74     1.000E+01
3.00E-02     5.454E-66     1.000E+01
4.00E-02     4.027E-49     1.000E+01
5.00E-02     2.974E-32     1.000E+01
6.00E-02     5.400E-31     1.000E+01
7.00E-02     9.804E-30     1.000E+01
8.00E-02     1.780E-28     1.000E+01
9.00E-02     3.232E-27     1.000E+01
1.00E-01     5.867E-26     1.000E+01
1.10E-01     1.512E-25     1.000E+01
1.20E-01     3.899E-25     1.000E+01
1.30E-01     1.005E-24     1.000E+01
1.40E-01     2.591E-24     1.000E+01
1.50E-01     6.679E-24     1.000E+01
1.60E-01     1.065E-23     1.000E+01
1.80E-01     2.709E-23     1.000E+01
2.00E-01     6.889E-23     1.000E+01
2.50E-01     2.750E-22     1.000E+01
3.00E-01     6.861E-22     1.000E+01
3.50E-01     1.224E-21     1.000E+01
4.00E-01     2.183E-21     1.000E+01
4.50E-01     1.389E-20     1.000E+01
5.00E-01     8.835E-20     1.000E+01
6.00E-01     2.343E-17     1.000E+01
7.00E-01     1.999E-15     1.000E+01
8.00E-01     7.445E-14     1.000E+01
9.00E-01     1.541E-12     1.000E+01
1.00E+00     2.072E-11     1.000E+01
1.25E+00     2.056E-09     1.000E+01
1.50E+00     2.040E-07     1.000E+01
1.75E+00     3.827E-06     1.000E+01
2.00E+00     7.178E-05     1.000E+01
2.50E+00     4.502E-03     1.000E+01
3.00E+00     9.957E-02     1.000E+01
3.50E+00     1.130E+00     1.000E+01
4.00E+00     8.102E+00     1.000E+01
5.00E+00     1.579E+02     1.000E+01
6.00E+00     1.173E+03     1.000E+01
7.00E+00     4.520E+03     1.000E+01
8.00E+00     1.214E+04     1.000E+01
9.00E+00     2.716E+04     1.000E+01
1.00E+01     5.439E+04     1.000E+01
