5      he4 mn47    p fe50                  taly      7.06000E+00      
1.00E-03     0.000E+00     1.000E+00
2.00E-03     0.000E+00     1.000E+00
3.00E-03     0.000E+00     1.000E+00
4.00E-03     0.000E+00     1.000E+00
5.00E-03     0.000E+00     1.000E+00
6.00E-03     0.000E+00     1.000E+00
7.00E-03     0.000E+00     1.000E+00
8.00E-03     0.000E+00     1.000E+00
9.00E-03     0.000E+00     1.000E+00
1.00E-02     0.000E+00     1.000E+00
1.10E-02     0.000E+00     1.000E+00
1.20E-02     0.000E+00     1.000E+00
1.30E-02     0.000E+00     1.000E+00
1.40E-02     0.000E+00     1.000E+00
1.50E-02     0.000E+00     1.000E+00
1.60E-02     0.000E+00     1.000E+00
1.80E-02     0.000E+00     1.000E+00
2.00E-02     0.000E+00     1.000E+00
2.50E-02     0.000E+00     1.000E+00
3.00E-02     0.000E+00     1.000E+00
4.00E-02     0.000E+00     1.000E+00
5.00E-02     0.000E+00     1.000E+00
6.00E-02     0.000E+00     1.000E+00
7.00E-02     0.000E+00     1.000E+00
8.00E-02     0.000E+00     1.000E+00
9.00E-02     0.000E+00     1.000E+00
1.00E-01     0.000E+00     1.000E+00
1.10E-01     0.000E+00     1.000E+00
1.20E-01     0.000E+00     1.000E+00
1.30E-01     0.000E+00     1.000E+00
1.40E-01     0.000E+00     1.000E+00
1.50E-01     0.000E+00     1.000E+00
1.60E-01     3.802E-88     1.000E+01
1.80E-01     5.495E-65     1.000E+01
2.00E-01     7.942E-42     1.000E+01
2.50E-01     2.149E-36     1.000E+01
3.00E-01     1.321E-32     1.000E+01
3.50E-01     5.607E-30     1.000E+01
4.00E-01     2.381E-27     1.000E+01
4.50E-01     1.663E-25     1.000E+01
5.00E-01     1.161E-23     1.000E+01
6.00E-01     7.477E-21     1.000E+01
7.00E-01     1.300E-18     1.000E+01
8.00E-01     9.097E-17     1.000E+01
9.00E-01     3.280E-15     1.000E+01
1.00E+00     7.159E-14     1.000E+01
1.25E+00     1.524E-11     1.000E+01
1.50E+00     3.244E-09     1.000E+01
1.75E+00     7.881E-08     1.000E+01
2.00E+00     1.914E-06     1.000E+01
2.50E+00     1.296E-04     1.000E+01
3.00E+00     2.589E-03     1.000E+01
3.50E+00     2.450E-02     1.000E+01
4.00E+00     1.423E-01     1.000E+01
5.00E+00     1.936E+00     1.000E+01
6.00E+00     1.258E+01     1.000E+01
7.00E+00     5.110E+01     1.000E+01
8.00E+00     1.406E+02     1.000E+01
9.00E+00     2.531E+02     1.000E+01
1.00E+01     3.014E+02     1.000E+01
