4      he4 mn50 co54                       taly      7.80700E+00      
1.00E-03     0.000E+00     1.000E+00
2.00E-03     0.000E+00     1.000E+00
3.00E-03     0.000E+00     1.000E+00
4.00E-03     0.000E+00     1.000E+00
5.00E-03     0.000E+00     1.000E+00
6.00E-03     0.000E+00     1.000E+00
7.00E-03     0.000E+00     1.000E+00
8.00E-03     0.000E+00     1.000E+00
9.00E-03     0.000E+00     1.000E+00
1.00E-02     0.000E+00     1.000E+00
1.10E-02     0.000E+00     1.000E+00
1.20E-02     0.000E+00     1.000E+00
1.30E-02     0.000E+00     1.000E+00
1.40E-02     0.000E+00     1.000E+00
1.50E-02     0.000E+00     1.000E+00
1.60E-02     0.000E+00     1.000E+00
1.80E-02     0.000E+00     1.000E+00
2.00E-02     0.000E+00     1.000E+00
2.50E-02     0.000E+00     1.000E+00
3.00E-02     0.000E+00     1.000E+00
4.00E-02     0.000E+00     1.000E+00
5.00E-02     0.000E+00     1.000E+00
6.00E-02     0.000E+00     1.000E+00
7.00E-02     0.000E+00     1.000E+00
8.00E-02     0.000E+00     1.000E+00
9.00E-02     0.000E+00     1.000E+00
1.00E-01     0.000E+00     1.000E+00
1.10E-01     0.000E+00     1.000E+00
1.20E-01     0.000E+00     1.000E+00
1.30E-01     0.000E+00     1.000E+00
1.40E-01     0.000E+00     1.000E+00
1.50E-01     0.000E+00     1.000E+00
1.60E-01     7.262E-89     1.000E+01
1.80E-01     3.830E-67     1.000E+01
2.00E-01     2.019E-45     1.000E+01
2.50E-01     4.116E-40     1.000E+01
3.00E-01     1.637E-36     1.000E+01
3.50E-01     4.974E-34     1.000E+01
4.00E-01     1.511E-31     1.000E+01
4.50E-01     1.008E-29     1.000E+01
5.00E-01     6.723E-28     1.000E+01
6.00E-01     4.506E-25     1.000E+01
7.00E-01     8.214E-23     1.000E+01
8.00E-01     5.871E-21     1.000E+01
9.00E-01     2.089E-19     1.000E+01
1.00E+00     4.388E-18     1.000E+01
1.25E+00     8.655E-16     1.000E+01
1.50E+00     1.707E-13     1.000E+01
1.75E+00     4.557E-12     1.000E+01
2.00E+00     1.217E-10     1.000E+01
2.50E+00     1.191E-08     1.000E+01
3.00E+00     3.610E-07     1.000E+01
3.50E+00     5.197E-06     1.000E+01
4.00E+00     4.478E-05     1.000E+01
5.00E+00     1.119E-03     1.000E+01
6.00E+00     9.624E-03     1.000E+01
7.00E+00     3.941E-02     1.000E+01
8.00E+00     1.015E-01     1.000E+01
9.00E+00     1.991E-01     1.000E+01
1.00E+01     3.304E-01     1.000E+01
