4      he4 mo85 ru89                       taly      3.02200E+00      
1.00E-03     0.000E+00     1.000E+00
2.00E-03     0.000E+00     1.000E+00
3.00E-03     0.000E+00     1.000E+00
4.00E-03     0.000E+00     1.000E+00
5.00E-03     0.000E+00     1.000E+00
6.00E-03     0.000E+00     1.000E+00
7.00E-03     0.000E+00     1.000E+00
8.00E-03     0.000E+00     1.000E+00
9.00E-03     0.000E+00     1.000E+00
1.00E-02     0.000E+00     1.000E+00
1.10E-02     0.000E+00     1.000E+00
1.20E-02     0.000E+00     1.000E+00
1.30E-02     0.000E+00     1.000E+00
1.40E-02     0.000E+00     1.000E+00
1.50E-02     0.000E+00     1.000E+00
1.60E-02     0.000E+00     1.000E+00
1.80E-02     0.000E+00     1.000E+00
2.00E-02     0.000E+00     1.000E+00
2.50E-02     0.000E+00     1.000E+00
3.00E-02     0.000E+00     1.000E+00
4.00E-02     0.000E+00     1.000E+00
5.00E-02     0.000E+00     1.000E+00
6.00E-02     0.000E+00     1.000E+00
7.00E-02     0.000E+00     1.000E+00
8.00E-02     0.000E+00     1.000E+00
9.00E-02     0.000E+00     1.000E+00
1.00E-01     0.000E+00     1.000E+00
1.10E-01     0.000E+00     1.000E+00
1.20E-01     0.000E+00     1.000E+00
1.30E-01     0.000E+00     1.000E+00
1.40E-01     0.000E+00     1.000E+00
1.50E-01     0.000E+00     1.000E+00
1.60E-01     0.000E+00     1.000E+00
1.80E-01     0.000E+00     1.000E+00
2.00E-01     0.000E+00     1.000E+00
2.50E-01     0.000E+00     1.000E+00
3.00E-01     0.000E+00     1.000E+00
3.50E-01     3.635E-72     1.000E+01
4.00E-01     1.321E-44     1.000E+01
4.50E-01     1.304E-41     1.000E+01
5.00E-01     1.288E-38     1.000E+01
6.00E-01     1.711E-34     1.000E+01
7.00E-01     1.995E-31     1.000E+01
8.00E-01     4.978E-29     1.000E+01
9.00E-01     4.380E-27     1.000E+01
1.00E+00     1.844E-25     1.000E+01
1.25E+00     1.048E-22     1.000E+01
1.50E+00     5.961E-20     1.000E+01
1.75E+00     2.766E-18     1.000E+01
2.00E+00     1.283E-16     1.000E+01
2.50E+00     2.490E-14     1.000E+01
3.00E+00     1.302E-12     1.000E+01
3.50E+00     3.149E-11     1.000E+01
4.00E+00     4.659E-10     1.000E+01
5.00E+00     3.770E-08     1.000E+01
6.00E+00     1.155E-06     1.000E+01
7.00E+00     1.703E-05     1.000E+01
8.00E+00     1.413E-04     1.000E+01
9.00E+00     7.441E-04     1.000E+01
1.00E+01     2.744E-03     1.000E+01
