4        p mo85 tc86                       taly      1.07600E+00      
1.00E-03     0.000E+00     1.000E+00
2.00E-03     0.000E+00     1.000E+00
3.00E-03     0.000E+00     1.000E+00
4.00E-03     0.000E+00     1.000E+00
5.00E-03     0.000E+00     1.000E+00
6.00E-03     0.000E+00     1.000E+00
7.00E-03     0.000E+00     1.000E+00
8.00E-03     0.000E+00     1.000E+00
9.00E-03     0.000E+00     1.000E+00
1.00E-02     0.000E+00     1.000E+00
1.10E-02     2.171E-98     1.000E+01
1.20E-02     4.714E-97     1.000E+01
1.30E-02     1.024E-95     1.000E+01
1.40E-02     2.223E-94     1.000E+01
1.50E-02     4.826E-93     1.000E+01
1.60E-02     1.048E-91     1.000E+01
1.80E-02     4.940E-89     1.000E+01
2.00E-02     2.329E-86     1.000E+01
2.50E-02     1.124E-79     1.000E+01
3.00E-02     5.424E-73     1.000E+01
4.00E-02     1.263E-59     1.000E+01
5.00E-02     2.942E-46     1.000E+01
6.00E-02     5.396E-43     1.000E+01
7.00E-02     9.897E-40     1.000E+01
8.00E-02     1.815E-36     1.000E+01
9.00E-02     3.329E-33     1.000E+01
1.00E-01     6.106E-30     1.000E+01
1.10E-01     1.066E-28     1.000E+01
1.20E-01     1.860E-27     1.000E+01
1.30E-01     3.246E-26     1.000E+01
1.40E-01     5.665E-25     1.000E+01
1.50E-01     9.887E-24     1.000E+01
1.60E-01     5.629E-23     1.000E+01
1.80E-01     1.825E-21     1.000E+01
2.00E-01     5.916E-20     1.000E+01
2.50E-01     2.733E-17     1.000E+01
3.00E-01     2.932E-15     1.000E+01
3.50E-01     8.785E-14     1.000E+01
4.00E-01     2.633E-12     1.000E+01
4.50E-01     2.838E-11     1.000E+01
5.00E-01     3.059E-10     1.000E+01
6.00E-01     9.588E-09     1.000E+01
7.00E-01     1.200E-07     1.000E+01
8.00E-01     8.146E-07     1.000E+01
9.00E-01     3.725E-06     1.000E+01
1.00E+00     1.309E-05     1.000E+01
1.25E+00     1.059E-04     1.000E+01
1.50E+00     8.577E-04     1.000E+01
1.75E+00     2.954E-03     1.000E+01
2.00E+00     1.018E-02     1.000E+01
2.50E+00     5.438E-02     1.000E+01
3.00E+00     1.849E-01     1.000E+01
3.50E+00     4.725E-01     1.000E+01
4.00E+00     9.952E-01     1.000E+01
5.00E+00     3.009E+00     1.000E+01
6.00E+00     6.493E+00     1.000E+01
7.00E+00     1.117E+01     1.000E+01
8.00E+00     1.635E+01     1.000E+01
9.00E+00     2.132E+01     1.000E+01
1.00E+01     2.563E+01     1.000E+01
