4        n mo83 mo84                       taly      1.58870E+01      
1.00E-03     1.328E+04     1.000E+01
2.00E-03     1.342E+04     1.000E+01
3.00E-03     1.355E+04     1.000E+01
4.00E-03     1.368E+04     1.000E+01
5.00E-03     1.381E+04     1.000E+01
6.00E-03     1.375E+04     1.000E+01
7.00E-03     1.370E+04     1.000E+01
8.00E-03     1.364E+04     1.000E+01
9.00E-03     1.358E+04     1.000E+01
1.00E-02     1.353E+04     1.000E+01
1.10E-02     1.355E+04     1.000E+01
1.20E-02     1.357E+04     1.000E+01
1.30E-02     1.360E+04     1.000E+01
1.40E-02     1.362E+04     1.000E+01
1.50E-02     1.364E+04     1.000E+01
1.60E-02     1.366E+04     1.000E+01
1.80E-02     1.371E+04     1.000E+01
2.00E-02     1.375E+04     1.000E+01
2.50E-02     1.387E+04     1.000E+01
3.00E-02     1.398E+04     1.000E+01
4.00E-02     1.420E+04     1.000E+01
5.00E-02     1.443E+04     1.000E+01
6.00E-02     1.470E+04     1.000E+01
7.00E-02     1.497E+04     1.000E+01
8.00E-02     1.524E+04     1.000E+01
9.00E-02     1.551E+04     1.000E+01
1.00E-01     1.578E+04     1.000E+01
1.10E-01     1.606E+04     1.000E+01
1.20E-01     1.634E+04     1.000E+01
1.30E-01     1.662E+04     1.000E+01
1.40E-01     1.690E+04     1.000E+01
1.50E-01     1.718E+04     1.000E+01
1.60E-01     1.747E+04     1.000E+01
1.80E-01     1.805E+04     1.000E+01
2.00E-01     1.863E+04     1.000E+01
2.50E-01     2.007E+04     1.000E+01
3.00E-01     2.143E+04     1.000E+01
3.50E-01     2.264E+04     1.000E+01
4.00E-01     2.385E+04     1.000E+01
4.50E-01     2.475E+04     1.000E+01
5.00E-01     2.566E+04     1.000E+01
6.00E-01     2.625E+04     1.000E+01
7.00E-01     2.505E+04     1.000E+01
8.00E-01     2.224E+04     1.000E+01
9.00E-01     1.870E+04     1.000E+01
1.00E+00     1.528E+04     1.000E+01
1.25E+00     1.077E+04     1.000E+01
1.50E+00     6.262E+03     1.000E+01
1.75E+00     5.084E+03     1.000E+01
2.00E+00     3.906E+03     1.000E+01
2.50E+00     3.158E+03     1.000E+01
3.00E+00     2.877E+03     1.000E+01
3.50E+00     2.753E+03     1.000E+01
4.00E+00     2.683E+03     1.000E+01
5.00E+00     2.569E+03     1.000E+01
6.00E+00     2.409E+03     1.000E+01
7.00E+00     2.170E+03     1.000E+01
8.00E+00     1.855E+03     1.000E+01
9.00E+00     1.498E+03     1.000E+01
1.00E+01     1.149E+03     1.000E+01
