4        n mo82 mo83                       taly      1.34090E+01      
1.00E-03     6.030E+02     1.000E+01
2.00E-03     6.090E+02     1.000E+01
3.00E-03     6.150E+02     1.000E+01
4.00E-03     6.210E+02     1.000E+01
5.00E-03     6.271E+02     1.000E+01
6.00E-03     6.246E+02     1.000E+01
7.00E-03     6.221E+02     1.000E+01
8.00E-03     6.196E+02     1.000E+01
9.00E-03     6.171E+02     1.000E+01
1.00E-02     6.146E+02     1.000E+01
1.10E-02     6.157E+02     1.000E+01
1.20E-02     6.168E+02     1.000E+01
1.30E-02     6.179E+02     1.000E+01
1.40E-02     6.189E+02     1.000E+01
1.50E-02     6.200E+02     1.000E+01
1.60E-02     6.211E+02     1.000E+01
1.80E-02     6.233E+02     1.000E+01
2.00E-02     6.255E+02     1.000E+01
2.50E-02     6.309E+02     1.000E+01
3.00E-02     6.363E+02     1.000E+01
4.00E-02     6.472E+02     1.000E+01
5.00E-02     6.580E+02     1.000E+01
6.00E-02     6.710E+02     1.000E+01
7.00E-02     6.839E+02     1.000E+01
8.00E-02     6.969E+02     1.000E+01
9.00E-02     7.098E+02     1.000E+01
1.00E-01     7.228E+02     1.000E+01
1.10E-01     7.362E+02     1.000E+01
1.20E-01     7.497E+02     1.000E+01
1.30E-01     7.631E+02     1.000E+01
1.40E-01     7.766E+02     1.000E+01
1.50E-01     7.900E+02     1.000E+01
1.60E-01     8.039E+02     1.000E+01
1.80E-01     8.317E+02     1.000E+01
2.00E-01     8.595E+02     1.000E+01
2.50E-01     9.281E+02     1.000E+01
3.00E-01     9.934E+02     1.000E+01
3.50E-01     1.052E+03     1.000E+01
4.00E-01     1.110E+03     1.000E+01
4.50E-01     1.154E+03     1.000E+01
5.00E-01     1.198E+03     1.000E+01
6.00E-01     1.229E+03     1.000E+01
7.00E-01     1.178E+03     1.000E+01
8.00E-01     1.057E+03     1.000E+01
9.00E-01     9.069E+02     1.000E+01
1.00E+00     7.659E+02     1.000E+01
1.25E+00     6.022E+02     1.000E+01
1.50E+00     4.385E+02     1.000E+01
1.75E+00     4.363E+02     1.000E+01
2.00E+00     4.341E+02     1.000E+01
2.50E+00     5.119E+02     1.000E+01
3.00E+00     6.020E+02     1.000E+01
3.50E+00     6.796E+02     1.000E+01
4.00E+00     7.352E+02     1.000E+01
5.00E+00     7.748E+02     1.000E+01
6.00E+00     7.347E+02     1.000E+01
7.00E+00     6.427E+02     1.000E+01
8.00E+00     5.227E+02     1.000E+01
9.00E+00     3.946E+02     1.000E+01
1.00E+01     2.761E+02     1.000E+01
