4        n mo84 mo85                       taly      1.10790E+01      
1.00E-03     5.264E+05     1.000E+01
2.00E-03     5.328E+05     1.000E+01
3.00E-03     5.391E+05     1.000E+01
4.00E-03     5.454E+05     1.000E+01
5.00E-03     5.517E+05     1.000E+01
6.00E-03     5.505E+05     1.000E+01
7.00E-03     5.493E+05     1.000E+01
8.00E-03     5.481E+05     1.000E+01
9.00E-03     5.469E+05     1.000E+01
1.00E-02     5.456E+05     1.000E+01
1.10E-02     5.476E+05     1.000E+01
1.20E-02     5.496E+05     1.000E+01
1.30E-02     5.515E+05     1.000E+01
1.40E-02     5.535E+05     1.000E+01
1.50E-02     5.555E+05     1.000E+01
1.60E-02     5.574E+05     1.000E+01
1.80E-02     5.613E+05     1.000E+01
2.00E-02     5.653E+05     1.000E+01
2.50E-02     5.751E+05     1.000E+01
3.00E-02     5.849E+05     1.000E+01
4.00E-02     6.045E+05     1.000E+01
5.00E-02     6.242E+05     1.000E+01
6.00E-02     6.451E+05     1.000E+01
7.00E-02     6.661E+05     1.000E+01
8.00E-02     6.871E+05     1.000E+01
9.00E-02     7.081E+05     1.000E+01
1.00E-01     7.290E+05     1.000E+01
1.10E-01     7.502E+05     1.000E+01
1.20E-01     7.714E+05     1.000E+01
1.30E-01     7.926E+05     1.000E+01
1.40E-01     8.138E+05     1.000E+01
1.50E-01     8.349E+05     1.000E+01
1.60E-01     8.563E+05     1.000E+01
1.80E-01     8.989E+05     1.000E+01
2.00E-01     9.416E+05     1.000E+01
2.50E-01     1.045E+06     1.000E+01
3.00E-01     1.143E+06     1.000E+01
3.50E-01     1.232E+06     1.000E+01
4.00E-01     1.320E+06     1.000E+01
4.50E-01     1.398E+06     1.000E+01
5.00E-01     1.475E+06     1.000E+01
6.00E-01     1.612E+06     1.000E+01
7.00E-01     1.734E+06     1.000E+01
8.00E-01     1.842E+06     1.000E+01
9.00E-01     1.938E+06     1.000E+01
1.00E+00     2.021E+06     1.000E+01
1.25E+00     2.150E+06     1.000E+01
1.50E+00     2.278E+06     1.000E+01
1.75E+00     2.318E+06     1.000E+01
2.00E+00     2.359E+06     1.000E+01
2.50E+00     2.352E+06     1.000E+01
3.00E+00     2.301E+06     1.000E+01
3.50E+00     2.171E+06     1.000E+01
4.00E+00     1.755E+06     1.000E+01
5.00E+00     4.346E+05     1.000E+01
6.00E+00     9.996E+04     1.000E+01
7.00E+00     4.753E+04     1.000E+01
8.00E+00     3.482E+04     1.000E+01
9.00E+00     2.940E+04     1.000E+01
1.00E+01     2.570E+04     1.000E+01
