5        n mo84    p nb84                  taly      7.30100E+00      
1.00E-03     2.314E+08     1.000E+01
2.00E-03     2.342E+08     1.000E+01
3.00E-03     2.371E+08     1.000E+01
4.00E-03     2.399E+08     1.000E+01
5.00E-03     2.429E+08     1.000E+01
6.00E-03     2.424E+08     1.000E+01
7.00E-03     2.420E+08     1.000E+01
8.00E-03     2.415E+08     1.000E+01
9.00E-03     2.411E+08     1.000E+01
1.00E-02     2.406E+08     1.000E+01
1.10E-02     2.415E+08     1.000E+01
1.20E-02     2.424E+08     1.000E+01
1.30E-02     2.433E+08     1.000E+01
1.40E-02     2.442E+08     1.000E+01
1.50E-02     2.451E+08     1.000E+01
1.60E-02     2.460E+08     1.000E+01
1.80E-02     2.478E+08     1.000E+01
2.00E-02     2.497E+08     1.000E+01
2.50E-02     2.543E+08     1.000E+01
3.00E-02     2.591E+08     1.000E+01
4.00E-02     2.689E+08     1.000E+01
5.00E-02     2.790E+08     1.000E+01
6.00E-02     2.886E+08     1.000E+01
7.00E-02     2.985E+08     1.000E+01
8.00E-02     3.087E+08     1.000E+01
9.00E-02     3.193E+08     1.000E+01
1.00E-01     3.302E+08     1.000E+01
1.10E-01     3.401E+08     1.000E+01
1.20E-01     3.502E+08     1.000E+01
1.30E-01     3.607E+08     1.000E+01
1.40E-01     3.714E+08     1.000E+01
1.50E-01     3.825E+08     1.000E+01
1.60E-01     3.926E+08     1.000E+01
1.80E-01     4.135E+08     1.000E+01
2.00E-01     4.356E+08     1.000E+01
2.50E-01     4.878E+08     1.000E+01
3.00E-01     5.377E+08     1.000E+01
3.50E-01     5.817E+08     1.000E+01
4.00E-01     6.292E+08     1.000E+01
4.50E-01     6.690E+08     1.000E+01
5.00E-01     7.114E+08     1.000E+01
6.00E-01     7.861E+08     1.000E+01
7.00E-01     8.546E+08     1.000E+01
8.00E-01     9.173E+08     1.000E+01
9.00E-01     9.747E+08     1.000E+01
1.00E+00     1.027E+09     1.000E+01
1.25E+00     1.120E+09     1.000E+01
1.50E+00     1.222E+09     1.000E+01
1.75E+00     1.276E+09     1.000E+01
2.00E+00     1.333E+09     1.000E+01
2.50E+00     1.395E+09     1.000E+01
3.00E+00     1.423E+09     1.000E+01
3.50E+00     1.394E+09     1.000E+01
4.00E+00     1.166E+09     1.000E+01
5.00E+00     3.077E+08     1.000E+01
6.00E+00     7.301E+07     1.000E+01
7.00E+00     3.330E+07     1.000E+01
8.00E+00     2.268E+07     1.000E+01
9.00E+00     1.791E+07     1.000E+01
1.00E+01     1.481E+07     1.000E+01
