5        n mo84  he4 zr81                  taly      9.54000E+00      
1.00E-03     1.377E+05     1.000E+01
2.00E-03     1.394E+05     1.000E+01
3.00E-03     1.411E+05     1.000E+01
4.00E-03     1.428E+05     1.000E+01
5.00E-03     1.445E+05     1.000E+01
6.00E-03     1.443E+05     1.000E+01
7.00E-03     1.440E+05     1.000E+01
8.00E-03     1.437E+05     1.000E+01
9.00E-03     1.435E+05     1.000E+01
1.00E-02     1.432E+05     1.000E+01
1.10E-02     1.438E+05     1.000E+01
1.20E-02     1.443E+05     1.000E+01
1.30E-02     1.448E+05     1.000E+01
1.40E-02     1.454E+05     1.000E+01
1.50E-02     1.459E+05     1.000E+01
1.60E-02     1.465E+05     1.000E+01
1.80E-02     1.476E+05     1.000E+01
2.00E-02     1.487E+05     1.000E+01
2.50E-02     1.515E+05     1.000E+01
3.00E-02     1.544E+05     1.000E+01
4.00E-02     1.604E+05     1.000E+01
5.00E-02     1.665E+05     1.000E+01
6.00E-02     1.724E+05     1.000E+01
7.00E-02     1.785E+05     1.000E+01
8.00E-02     1.849E+05     1.000E+01
9.00E-02     1.914E+05     1.000E+01
1.00E-01     1.982E+05     1.000E+01
1.10E-01     2.044E+05     1.000E+01
1.20E-01     2.108E+05     1.000E+01
1.30E-01     2.175E+05     1.000E+01
1.40E-01     2.243E+05     1.000E+01
1.50E-01     2.313E+05     1.000E+01
1.60E-01     2.378E+05     1.000E+01
1.80E-01     2.513E+05     1.000E+01
2.00E-01     2.656E+05     1.000E+01
2.50E-01     2.999E+05     1.000E+01
3.00E-01     3.334E+05     1.000E+01
3.50E-01     3.638E+05     1.000E+01
4.00E-01     3.969E+05     1.000E+01
4.50E-01     4.258E+05     1.000E+01
5.00E-01     4.568E+05     1.000E+01
6.00E-01     5.140E+05     1.000E+01
7.00E-01     5.689E+05     1.000E+01
8.00E-01     6.217E+05     1.000E+01
9.00E-01     6.726E+05     1.000E+01
1.00E+00     7.214E+05     1.000E+01
1.25E+00     8.217E+05     1.000E+01
1.50E+00     9.359E+05     1.000E+01
1.75E+00     1.017E+06     1.000E+01
2.00E+00     1.105E+06     1.000E+01
2.50E+00     1.238E+06     1.000E+01
3.00E+00     1.345E+06     1.000E+01
3.50E+00     1.402E+06     1.000E+01
4.00E+00     1.279E+06     1.000E+01
5.00E+00     5.735E+05     1.000E+01
6.00E+00     3.818E+05     1.000E+01
7.00E+00     3.714E+05     1.000E+01
8.00E+00     3.834E+05     1.000E+01
9.00E+00     3.915E+05     1.000E+01
1.00E+01     3.905E+05     1.000E+01
