4      he4  n15  f19                       mc10      4.01374e+00      
1.00E-03     0.000E+00     1.000E+00
2.00E-03     0.000E+00     1.000E+00
3.00E-03     0.000E+00     1.000E+00
4.00E-03     0.000E+00     1.000E+00
5.00E-03     0.000E+00     1.000E+00
6.00E-03     0.000E+00     1.000E+00
7.00E-03     0.000E+00     1.000E+00
8.00E-03     0.000E+00     1.000E+00
9.00E-03     0.000E+00     1.000E+00
1.00E-02     2.132E-61     1.348E+00
1.10E-02     3.819E-59     1.353E+00
1.20E-02     3.816E-57     1.355E+00
1.30E-02     2.298E-55     1.351E+00
1.40E-02     9.404E-54     1.352E+00
1.50E-02     2.711E-52     1.358E+00
1.60E-02     6.001E-51     1.358E+00
1.80E-02     1.398E-48     1.347E+00
2.00E-02     1.524E-46     1.349E+00
2.50E-02     1.881E-42     1.352E+00
3.00E-02     2.478E-39     1.345E+00
4.00E-02     8.692E-35     1.353E+00
5.00E-02     1.489E-31     1.348E+00
6.00E-02     4.378E-29     1.345E+00
7.00E-02     4.150E-27     1.333E+00
8.00E-02     2.524E-25     1.354E+00
9.00E-02     2.425E-23     1.756E+00
1.00E-01     1.920E-21     1.946E+00
1.10E-01     7.554E-20     1.985E+00
1.20E-01     1.617E-18     1.994E+00
1.30E-01     2.154E-17     1.991E+00
1.40E-01     1.977E-16     1.978E+00
1.50E-01     1.360E-15     1.946E+00
1.60E-01     7.489E-15     1.886E+00
1.80E-01     1.443E-13     1.679E+00
2.00E-01     1.951E-12     1.441E+00
2.50E-01     4.342E-10     1.148E+00
3.00E-01     2.256E-08     1.101E+00
3.50E-01     4.297E-07     1.088E+00
4.00E-01     4.191E-06     1.085E+00
4.50E-01     2.545E-05     1.086E+00
5.00E-01     1.093E-04     1.089E+00
6.00E-01     9.809E-04     1.096E+00
7.00E-01     4.687E-03     1.099E+00
8.00E-01     1.519E-02     1.099E+00
9.00E-01     3.907E-02     1.095E+00
1.00E+00     8.854E-02     1.084E+00
1.25E+00     5.475E-01     1.053E+00
1.50E+00     2.568E+00     1.043E+00
1.75E+00     8.643E+00     1.043E+00
2.00E+00     2.206E+01     1.043E+00
2.50E+00     8.248E+01     1.042E+00
3.00E+00     1.977E+02     1.041E+00
3.50E+00     3.683E+02     1.039E+00
4.00E+00     5.869E+02     1.037E+00
5.00E+00     1.129E+03     1.035E+00
6.00E+00     1.745E+03     1.034E+00
7.00E+00     2.379E+03     1.033E+00
8.00E+00     2.991E+03     1.033E+00
9.00E+00     3.565E+03     1.033E+00
1.00E+01     4.093E+03     1.033E+00
