4        p  n12  o13                       taly      1.51200E+00      
1.00E-03     0.000E+00     1.000E+00
2.00E-03     0.000E+00     1.000E+00
3.00E-03     0.000E+00     1.000E+00
4.00E-03     0.000E+00     1.000E+00
5.00E-03     0.000E+00     1.000E+00
6.00E-03     5.623E-84     1.000E+01
7.00E-03     3.161E-68     1.000E+01
8.00E-03     1.777E-52     1.000E+01
9.00E-03     9.994E-37     1.000E+01
1.00E-02     5.619E-21     1.000E+01
1.10E-02     1.372E-20     1.000E+01
1.20E-02     3.350E-20     1.000E+01
1.30E-02     8.180E-20     1.000E+01
1.40E-02     1.997E-19     1.000E+01
1.50E-02     4.877E-19     1.000E+01
1.60E-02     1.191E-18     1.000E+01
1.80E-02     7.100E-18     1.000E+01
2.00E-02     4.233E-17     1.000E+01
2.50E-02     3.674E-15     1.000E+01
3.00E-02     3.189E-13     1.000E+01
4.00E-02     2.402E-09     1.000E+01
5.00E-02     1.809E-05     1.000E+01
6.00E-02     7.172E-05     1.000E+01
7.00E-02     2.843E-04     1.000E+01
8.00E-02     1.127E-03     1.000E+01
9.00E-02     4.467E-03     1.000E+01
1.00E-01     1.771E-02     1.000E+01
1.10E-01     3.031E-02     1.000E+01
1.20E-01     5.189E-02     1.000E+01
1.30E-01     8.884E-02     1.000E+01
1.40E-01     1.521E-01     1.000E+01
1.50E-01     2.604E-01     1.000E+01
1.60E-01     3.476E-01     1.000E+01
1.80E-01     6.193E-01     1.000E+01
2.00E-01     1.103E+00     1.000E+01
2.50E-01     2.728E+00     1.000E+01
3.00E-01     5.077E+00     1.000E+01
3.50E-01     7.569E+00     1.000E+01
4.00E-01     1.128E+01     1.000E+01
4.50E-01     1.443E+01     1.000E+01
5.00E-01     1.845E+01     1.000E+01
6.00E-01     2.574E+01     1.000E+01
7.00E-01     3.276E+01     1.000E+01
8.00E-01     3.933E+01     1.000E+01
9.00E-01     4.541E+01     1.000E+01
1.00E+00     5.103E+01     1.000E+01
1.25E+00     6.137E+01     1.000E+01
1.50E+00     7.379E+01     1.000E+01
1.75E+00     8.199E+01     1.000E+01
2.00E+00     9.110E+01     1.000E+01
2.50E+00     1.053E+02     1.000E+01
3.00E+00     1.175E+02     1.000E+01
3.50E+00     1.281E+02     1.000E+01
4.00E+00     1.376E+02     1.000E+01
5.00E+00     1.555E+02     1.000E+01
6.00E+00     1.743E+02     1.000E+01
7.00E+00     1.957E+02     1.000E+01
8.00E+00     2.214E+02     1.000E+01
9.00E+00     2.527E+02     1.000E+01
1.00E+01     2.919E+02     1.000E+01
