4        n  n14  n15                       taex      1.08330E+01      
1.00E-03     4.412E+04     2.463E+00
2.00E-03     3.881E+04     2.463E+00
3.00E-03     3.351E+04     2.463E+00
4.00E-03     2.820E+04     2.463E+00
5.00E-03     2.290E+04     2.463E+00
6.00E-03     2.178E+04     2.463E+00
7.00E-03     2.067E+04     2.463E+00
8.00E-03     1.955E+04     2.463E+00
9.00E-03     1.844E+04     2.463E+00
1.00E-02     1.732E+04     2.463E+00
1.10E-02     1.714E+04     2.463E+00
1.20E-02     1.696E+04     2.463E+00
1.30E-02     1.678E+04     2.463E+00
1.40E-02     1.659E+04     2.463E+00
1.50E-02     1.641E+04     2.463E+00
1.60E-02     1.623E+04     2.463E+00
1.80E-02     1.587E+04     2.463E+00
2.00E-02     1.551E+04     2.463E+00
2.50E-02     1.460E+04     2.463E+00
3.00E-02     1.369E+04     2.463E+00
4.00E-02     1.188E+04     2.463E+00
5.00E-02     1.006E+04     2.463E+00
6.00E-02     9.712E+03     2.463E+00
7.00E-02     9.360E+03     2.463E+00
8.00E-02     9.008E+03     2.463E+00
9.00E-02     8.657E+03     2.463E+00
1.00E-01     8.305E+03     2.463E+00
1.10E-01     8.134E+03     2.463E+00
1.20E-01     7.963E+03     2.463E+00
1.30E-01     7.792E+03     2.463E+00
1.40E-01     7.620E+03     2.463E+00
1.50E-01     7.449E+03     2.463E+00
1.60E-01     7.339E+03     2.463E+00
1.80E-01     7.118E+03     2.463E+00
2.00E-01     6.897E+03     2.463E+00
2.50E-01     6.494E+03     2.463E+00
3.00E-01     6.179E+03     2.463E+00
3.50E-01     5.942E+03     2.463E+00
4.00E-01     5.705E+03     2.463E+00
4.50E-01     5.531E+03     2.463E+00
5.00E-01     5.357E+03     2.463E+00
6.00E-01     5.084E+03     2.463E+00
7.00E-01     4.862E+03     2.463E+00
8.00E-01     4.676E+03     2.463E+00
9.00E-01     4.516E+03     2.463E+00
1.00E+00     4.378E+03     2.463E+00
1.25E+00     4.131E+03     2.463E+00
1.50E+00     3.884E+03     2.463E+00
1.75E+00     3.731E+03     2.463E+00
2.00E+00     3.578E+03     2.463E+00
2.50E+00     3.368E+03     2.463E+00
3.00E+00     3.216E+03     2.463E+00
3.50E+00     3.100E+03     2.463E+00
4.00E+00     3.008E+03     2.463E+00
5.00E+00     2.875E+03     2.463E+00
6.00E+00     2.787E+03     2.463E+00
7.00E+00     2.730E+03     2.463E+00
8.00E+00     2.699E+03     2.463E+00
9.00E+00     2.686E+03     2.463E+00
1.00E+01     2.688E+03     2.463E+00
