4        p  n15  o16                       nacr      1.21274e+01      
1.00E-03     0.000E+00     1.000E+00
2.00E-03     0.000E+00     1.000E+00
3.00E-03     0.000E+00     1.000E+00
4.00E-03     0.000E+00     1.000E+00
5.00E-03     0.000E+00     1.000E+00
6.00E-03     0.000E+00     1.000E+00
7.00E-03     6.913E-25     1.182E+00
8.00E-03     2.055E-23     1.188E+00
9.00E-03     3.612E-22     1.196E+00
1.00E-02     4.257E-21     1.203E+00
1.10E-02     3.688E-20     1.209E+00
1.20E-02     2.492E-19     1.216E+00
1.30E-02     1.378E-18     1.219E+00
1.40E-02     6.416E-18     1.227E+00
1.50E-02     2.598E-17     1.231E+00
1.60E-02     9.365E-17     1.239E+00
1.80E-02     8.986E-16     1.246E+00
2.00E-02     6.328E-15     1.258E+00
2.50E-02     3.149E-13     1.280E+00
3.00E-02     6.194E-12     1.301E+00
4.00E-02     4.752E-10     1.338E+00
5.00E-02     1.042E-08     1.372E+00
6.00E-02     1.095E-07     1.397E+00
7.00E-02     7.170E-07     1.423E+00
8.00E-02     3.390E-06     1.449E+00
9.00E-02     1.261E-05     1.468E+00
1.00E-01     3.916E-05     1.483E+00
1.10E-01     1.058E-04     1.493E+00
1.20E-01     2.562E-04     1.499E+00
1.30E-01     5.694E-04     1.495E+00
1.40E-01     1.178E-03     1.486E+00
1.50E-01     2.289E-03     1.468E+00
1.60E-01     4.231E-03     1.449E+00
1.80E-01     1.279E-02     1.399E+00
2.00E-01     3.366E-02     1.352E+00
2.50E-01     2.375E-01     1.250E+00
3.00E-01     1.034E+00     1.190E+00
3.50E-01     3.136E+00     1.157E+00
4.00E-01     7.412E+00     1.139E+00
4.50E-01     1.485E+01     1.125E+00
5.00E-01     2.569E+01     1.117E+00
6.00E-01     5.863E+01     1.110E+00
7.00E-01     1.059E+02     1.105E+00
8.00E-01     1.677E+02     1.103E+00
9.00E-01     2.454E+02     1.100E+00
1.00E+00     3.484E+02     1.099E+00
1.25E+00     7.930E+02     1.091E+00
1.50E+00     1.670E+03     1.084E+00
1.75E+00     3.080E+03     1.084E+00
2.00E+00     5.029E+03     1.084E+00
2.50E+00     9.973E+03     1.083E+00
3.00E+00     1.545E+04     1.088E+00
3.50E+00     2.053E+04     1.086E+00
4.00E+00     2.267E+04     1.085E+00
5.00E+00     2.597E+04     1.082E+00
6.00E+00     2.851E+04     1.080E+00
7.00E+00     3.050E+04     1.078E+00
8.00E+00     3.217E+04     1.077E+00
9.00E+00     3.357E+04     1.075E+00
1.00E+01     3.484E+04     1.074E+00
