4        n  n13  n14                       taly      1.05530E+01      
1.00E-03     2.932E+04     1.000E+01
2.00E-03     2.806E+04     1.000E+01
3.00E-03     2.681E+04     1.000E+01
4.00E-03     2.555E+04     1.000E+01
5.00E-03     2.430E+04     1.000E+01
6.00E-03     2.370E+04     1.000E+01
7.00E-03     2.310E+04     1.000E+01
8.00E-03     2.250E+04     1.000E+01
9.00E-03     2.190E+04     1.000E+01
1.00E-02     2.130E+04     1.000E+01
1.10E-02     2.116E+04     1.000E+01
1.20E-02     2.102E+04     1.000E+01
1.30E-02     2.088E+04     1.000E+01
1.40E-02     2.074E+04     1.000E+01
1.50E-02     2.060E+04     1.000E+01
1.60E-02     2.047E+04     1.000E+01
1.80E-02     2.019E+04     1.000E+01
2.00E-02     1.991E+04     1.000E+01
2.50E-02     1.922E+04     1.000E+01
3.00E-02     1.852E+04     1.000E+01
4.00E-02     1.713E+04     1.000E+01
5.00E-02     1.575E+04     1.000E+01
6.00E-02     1.539E+04     1.000E+01
7.00E-02     1.502E+04     1.000E+01
8.00E-02     1.466E+04     1.000E+01
9.00E-02     1.430E+04     1.000E+01
1.00E-01     1.394E+04     1.000E+01
1.10E-01     1.377E+04     1.000E+01
1.20E-01     1.360E+04     1.000E+01
1.30E-01     1.342E+04     1.000E+01
1.40E-01     1.325E+04     1.000E+01
1.50E-01     1.308E+04     1.000E+01
1.60E-01     1.298E+04     1.000E+01
1.80E-01     1.278E+04     1.000E+01
2.00E-01     1.259E+04     1.000E+01
2.50E-01     1.228E+04     1.000E+01
3.00E-01     1.206E+04     1.000E+01
3.50E-01     1.191E+04     1.000E+01
4.00E-01     1.176E+04     1.000E+01
4.50E-01     1.165E+04     1.000E+01
5.00E-01     1.155E+04     1.000E+01
6.00E-01     1.140E+04     1.000E+01
7.00E-01     1.128E+04     1.000E+01
8.00E-01     1.120E+04     1.000E+01
9.00E-01     1.113E+04     1.000E+01
1.00E+00     1.108E+04     1.000E+01
1.25E+00     1.103E+04     1.000E+01
1.50E+00     1.098E+04     1.000E+01
1.75E+00     1.098E+04     1.000E+01
2.00E+00     1.097E+04     1.000E+01
2.50E+00     1.100E+04     1.000E+01
3.00E+00     1.103E+04     1.000E+01
3.50E+00     1.107E+04     1.000E+01
4.00E+00     1.112E+04     1.000E+01
5.00E+00     1.121E+04     1.000E+01
6.00E+00     1.132E+04     1.000E+01
7.00E+00     1.146E+04     1.000E+01
8.00E+00     1.162E+04     1.000E+01
9.00E+00     1.181E+04     1.000E+01
1.00E+01     1.201E+04     1.000E+01
