5      he4  n12    p  o15                  taly      9.61800E+00      
1.00E-03     0.000E+00     1.000E+00
2.00E-03     0.000E+00     1.000E+00
3.00E-03     0.000E+00     1.000E+00
4.00E-03     0.000E+00     1.000E+00
5.00E-03     0.000E+00     1.000E+00
6.00E-03     0.000E+00     1.000E+00
7.00E-03     0.000E+00     1.000E+00
8.00E-03     0.000E+00     1.000E+00
9.00E-03     0.000E+00     1.000E+00
1.00E-02     0.000E+00     1.000E+00
1.10E-02     7.324E-98     1.000E+01
1.20E-02     5.365E-96     1.000E+01
1.30E-02     3.929E-94     1.000E+01
1.40E-02     2.878E-92     1.000E+01
1.50E-02     2.108E-90     1.000E+01
1.60E-02     1.544E-88     1.000E+01
1.80E-02     8.283E-85     1.000E+01
2.00E-02     4.444E-81     1.000E+01
2.50E-02     9.368E-72     1.000E+01
3.00E-02     1.975E-62     1.000E+01
4.00E-02     8.775E-44     1.000E+01
5.00E-02     3.899E-25     1.000E+01
6.00E-02     1.936E-23     1.000E+01
7.00E-02     9.610E-22     1.000E+01
8.00E-02     4.771E-20     1.000E+01
9.00E-02     2.368E-18     1.000E+01
1.00E-01     1.176E-16     1.000E+01
1.10E-01     7.720E-16     1.000E+01
1.20E-01     5.069E-15     1.000E+01
1.30E-01     3.328E-14     1.000E+01
1.40E-01     2.185E-13     1.000E+01
1.50E-01     1.435E-12     1.000E+01
1.60E-01     4.684E-12     1.000E+01
1.80E-01     4.994E-11     1.000E+01
2.00E-01     5.325E-10     1.000E+01
2.50E-01     3.538E-08     1.000E+01
3.00E-01     8.612E-07     1.000E+01
3.50E-01     8.741E-06     1.000E+01
4.00E-01     8.872E-05     1.000E+01
4.50E-01     4.573E-04     1.000E+01
5.00E-01     2.357E-03     1.000E+01
6.00E-01     2.839E-02     1.000E+01
7.00E-01     2.053E-01     1.000E+01
8.00E-01     1.044E+00     1.000E+01
9.00E-01     4.109E+00     1.000E+01
1.00E+00     1.331E+01     1.000E+01
1.25E+00     1.034E+02     1.000E+01
1.50E+00     8.033E+02     1.000E+01
1.75E+00     2.823E+03     1.000E+01
2.00E+00     9.924E+03     1.000E+01
2.50E+00     5.567E+04     1.000E+01
3.00E+00     1.965E+05     1.000E+01
3.50E+00     5.149E+05     1.000E+01
4.00E+00     1.101E+06     1.000E+01
5.00E+00     3.381E+06     1.000E+01
6.00E+00     7.437E+06     1.000E+01
7.00E+00     1.333E+07     1.000E+01
8.00E+00     2.086E+07     1.000E+01
9.00E+00     2.970E+07     1.000E+01
1.00E+01     3.951E+07     1.000E+01
