5      he4  n13    p  o16                  taly      5.21800E+00      
1.00E-03     0.000E+00     1.000E+00
2.00E-03     0.000E+00     1.000E+00
3.00E-03     0.000E+00     1.000E+00
4.00E-03     0.000E+00     1.000E+00
5.00E-03     0.000E+00     1.000E+00
6.00E-03     0.000E+00     1.000E+00
7.00E-03     0.000E+00     1.000E+00
8.00E-03     0.000E+00     1.000E+00
9.00E-03     0.000E+00     1.000E+00
1.00E-02     0.000E+00     1.000E+00
1.10E-02     7.280E-98     1.000E+01
1.20E-02     5.299E-96     1.000E+01
1.30E-02     3.858E-94     1.000E+01
1.40E-02     2.808E-92     1.000E+01
1.50E-02     2.044E-90     1.000E+01
1.60E-02     1.488E-88     1.000E+01
1.80E-02     7.887E-85     1.000E+01
2.00E-02     4.179E-81     1.000E+01
2.50E-02     8.544E-72     1.000E+01
3.00E-02     1.747E-62     1.000E+01
4.00E-02     7.300E-44     1.000E+01
5.00E-02     3.051E-25     1.000E+01
6.00E-02     1.537E-23     1.000E+01
7.00E-02     7.744E-22     1.000E+01
8.00E-02     3.902E-20     1.000E+01
9.00E-02     1.966E-18     1.000E+01
1.00E-01     9.903E-17     1.000E+01
1.10E-01     6.588E-16     1.000E+01
1.20E-01     4.382E-15     1.000E+01
1.30E-01     2.915E-14     1.000E+01
1.40E-01     1.939E-13     1.000E+01
1.50E-01     1.290E-12     1.000E+01
1.60E-01     4.250E-12     1.000E+01
1.80E-01     4.614E-11     1.000E+01
2.00E-01     5.010E-10     1.000E+01
2.50E-01     3.448E-08     1.000E+01
3.00E-01     8.636E-07     1.000E+01
3.50E-01     8.961E-06     1.000E+01
4.00E-01     9.297E-05     1.000E+01
4.50E-01     4.868E-04     1.000E+01
5.00E-01     2.548E-03     1.000E+01
6.00E-01     3.137E-02     1.000E+01
7.00E-01     2.299E-01     1.000E+01
8.00E-01     1.176E+00     1.000E+01
9.00E-01     4.621E+00     1.000E+01
1.00E+00     1.487E+01     1.000E+01
1.25E+00     1.104E+02     1.000E+01
1.50E+00     8.202E+02     1.000E+01
1.75E+00     2.724E+03     1.000E+01
2.00E+00     9.047E+03     1.000E+01
2.50E+00     4.626E+04     1.000E+01
3.00E+00     1.530E+05     1.000E+01
3.50E+00     3.846E+05     1.000E+01
4.00E+00     8.031E+05     1.000E+01
5.00E+00     2.439E+06     1.000E+01
6.00E+00     5.454E+06     1.000E+01
7.00E+00     1.007E+07     1.000E+01
8.00E+00     1.631E+07     1.000E+01
9.00E+00     2.406E+07     1.000E+01
1.00E+01     3.307E+07     1.000E+01
