4      he4 na20 al24                       taly      9.32400E+00      
1.00E-03     0.000E+00     1.000E+00
2.00E-03     0.000E+00     1.000E+00
3.00E-03     0.000E+00     1.000E+00
4.00E-03     0.000E+00     1.000E+00
5.00E-03     0.000E+00     1.000E+00
6.00E-03     0.000E+00     1.000E+00
7.00E-03     0.000E+00     1.000E+00
8.00E-03     0.000E+00     1.000E+00
9.00E-03     0.000E+00     1.000E+00
1.00E-02     0.000E+00     1.000E+00
1.10E-02     2.279E-98     1.000E+01
1.20E-02     5.193E-97     1.000E+01
1.30E-02     1.183E-95     1.000E+01
1.40E-02     2.696E-94     1.000E+01
1.50E-02     6.144E-93     1.000E+01
1.60E-02     1.400E-91     1.000E+01
1.80E-02     7.270E-89     1.000E+01
2.00E-02     3.775E-86     1.000E+01
2.50E-02     2.320E-79     1.000E+01
3.00E-02     1.425E-72     1.000E+01
4.00E-02     5.380E-59     1.000E+01
5.00E-02     2.031E-45     1.000E+01
6.00E-02     9.418E-43     1.000E+01
7.00E-02     4.367E-40     1.000E+01
8.00E-02     2.025E-37     1.000E+01
9.00E-02     9.387E-35     1.000E+01
1.00E-01     4.353E-32     1.000E+01
1.10E-01     5.891E-31     1.000E+01
1.20E-01     7.975E-30     1.000E+01
1.30E-01     1.079E-28     1.000E+01
1.40E-01     1.461E-27     1.000E+01
1.50E-01     1.978E-26     1.000E+01
1.60E-01     1.056E-25     1.000E+01
1.80E-01     3.007E-24     1.000E+01
2.00E-01     8.568E-23     1.000E+01
2.50E-01     3.314E-20     1.000E+01
3.00E-01     3.108E-18     1.000E+01
3.50E-01     8.464E-17     1.000E+01
4.00E-01     2.305E-15     1.000E+01
4.50E-01     2.401E-14     1.000E+01
5.00E-01     2.501E-13     1.000E+01
6.00E-01     8.823E-12     1.000E+01
7.00E-01     1.511E-10     1.000E+01
8.00E-01     1.573E-09     1.000E+01
9.00E-01     1.141E-08     1.000E+01
1.00E+00     6.286E-08     1.000E+01
1.25E+00     1.264E-06     1.000E+01
1.50E+00     2.543E-05     1.000E+01
1.75E+00     1.659E-04     1.000E+01
2.00E+00     1.082E-03     1.000E+01
2.50E+00     1.499E-02     1.000E+01
3.00E+00     1.057E-01     1.000E+01
3.50E+00     4.769E-01     1.000E+01
4.00E+00     1.573E+00     1.000E+01
5.00E+00     9.162E+00     1.000E+01
6.00E+00     3.136E+01     1.000E+01
7.00E+00     7.726E+01     1.000E+01
8.00E+00     1.528E+02     1.000E+01
9.00E+00     2.584E+02     1.000E+01
1.00E+01     3.869E+02     1.000E+01
