4      he4 na23 al27                       taly      1.00920E+01      
1.00E-03     0.000E+00     1.000E+00
2.00E-03     0.000E+00     1.000E+00
3.00E-03     0.000E+00     1.000E+00
4.00E-03     0.000E+00     1.000E+00
5.00E-03     0.000E+00     1.000E+00
6.00E-03     0.000E+00     1.000E+00
7.00E-03     0.000E+00     1.000E+00
8.00E-03     0.000E+00     1.000E+00
9.00E-03     0.000E+00     1.000E+00
1.00E-02     0.000E+00     1.000E+00
1.10E-02     2.780E-98     1.000E+01
1.20E-02     7.727E-97     1.000E+01
1.30E-02     2.148E-95     1.000E+01
1.40E-02     5.971E-94     1.000E+01
1.50E-02     1.660E-92     1.000E+01
1.60E-02     4.613E-91     1.000E+01
1.80E-02     3.565E-88     1.000E+01
2.00E-02     2.755E-85     1.000E+01
2.50E-02     4.572E-78     1.000E+01
3.00E-02     7.587E-71     1.000E+01
4.00E-02     2.090E-56     1.000E+01
5.00E-02     5.757E-42     1.000E+01
6.00E-02     3.413E-39     1.000E+01
7.00E-02     2.024E-36     1.000E+01
8.00E-02     1.200E-33     1.000E+01
9.00E-02     7.113E-31     1.000E+01
1.00E-01     4.217E-28     1.000E+01
1.10E-01     6.117E-27     1.000E+01
1.20E-01     8.872E-26     1.000E+01
1.30E-01     1.287E-24     1.000E+01
1.40E-01     1.866E-23     1.000E+01
1.50E-01     2.707E-22     1.000E+01
1.60E-01     1.424E-21     1.000E+01
1.80E-01     3.943E-20     1.000E+01
2.00E-01     1.092E-18     1.000E+01
2.50E-01     3.663E-16     1.000E+01
3.00E-01     2.880E-14     1.000E+01
3.50E-01     6.508E-13     1.000E+01
4.00E-01     1.471E-11     1.000E+01
4.50E-01     1.291E-10     1.000E+01
5.00E-01     1.133E-09     1.000E+01
6.00E-01     2.970E-08     1.000E+01
7.00E-01     3.910E-07     1.000E+01
8.00E-01     3.210E-06     1.000E+01
9.00E-01     1.872E-05     1.000E+01
1.00E+00     8.428E-05     1.000E+01
1.25E+00     1.101E-03     1.000E+01
1.50E+00     1.440E-02     1.000E+01
1.75E+00     6.478E-02     1.000E+01
2.00E+00     2.915E-01     1.000E+01
2.50E+00     2.133E+00     1.000E+01
3.00E+00     8.927E+00     1.000E+01
3.50E+00     2.659E+01     1.000E+01
4.00E+00     6.322E+01     1.000E+01
5.00E+00     2.307E+02     1.000E+01
6.00E+00     5.803E+02     1.000E+01
7.00E+00     1.156E+03     1.000E+01
8.00E+00     1.966E+03     1.000E+01
9.00E+00     2.990E+03     1.000E+01
1.00E+01     4.176E+03     1.000E+01
