5        n na21  he4  f18                  taly      2.58800E+00      
1.00E-03     1.750E+07     1.000E+01
2.00E-03     1.758E+07     1.000E+01
3.00E-03     1.766E+07     1.000E+01
4.00E-03     1.775E+07     1.000E+01
5.00E-03     1.783E+07     1.000E+01
6.00E-03     1.770E+07     1.000E+01
7.00E-03     1.756E+07     1.000E+01
8.00E-03     1.743E+07     1.000E+01
9.00E-03     1.730E+07     1.000E+01
1.00E-02     1.717E+07     1.000E+01
1.10E-02     1.715E+07     1.000E+01
1.20E-02     1.714E+07     1.000E+01
1.30E-02     1.712E+07     1.000E+01
1.40E-02     1.711E+07     1.000E+01
1.50E-02     1.709E+07     1.000E+01
1.60E-02     1.707E+07     1.000E+01
1.80E-02     1.704E+07     1.000E+01
2.00E-02     1.701E+07     1.000E+01
2.50E-02     1.693E+07     1.000E+01
3.00E-02     1.685E+07     1.000E+01
4.00E-02     1.669E+07     1.000E+01
5.00E-02     1.654E+07     1.000E+01
6.00E-02     1.652E+07     1.000E+01
7.00E-02     1.651E+07     1.000E+01
8.00E-02     1.650E+07     1.000E+01
9.00E-02     1.649E+07     1.000E+01
1.00E-01     1.648E+07     1.000E+01
1.10E-01     1.651E+07     1.000E+01
1.20E-01     1.654E+07     1.000E+01
1.30E-01     1.657E+07     1.000E+01
1.40E-01     1.660E+07     1.000E+01
1.50E-01     1.663E+07     1.000E+01
1.60E-01     1.668E+07     1.000E+01
1.80E-01     1.679E+07     1.000E+01
2.00E-01     1.691E+07     1.000E+01
2.50E-01     1.726E+07     1.000E+01
3.00E-01     1.764E+07     1.000E+01
3.50E-01     1.801E+07     1.000E+01
4.00E-01     1.840E+07     1.000E+01
4.50E-01     1.879E+07     1.000E+01
5.00E-01     1.919E+07     1.000E+01
6.00E-01     2.001E+07     1.000E+01
7.00E-01     2.087E+07     1.000E+01
8.00E-01     2.178E+07     1.000E+01
9.00E-01     2.274E+07     1.000E+01
1.00E+00     2.373E+07     1.000E+01
1.25E+00     2.637E+07     1.000E+01
1.50E+00     2.930E+07     1.000E+01
1.75E+00     3.239E+07     1.000E+01
2.00E+00     3.581E+07     1.000E+01
2.50E+00     4.315E+07     1.000E+01
3.00E+00     5.123E+07     1.000E+01
3.50E+00     6.006E+07     1.000E+01
4.00E+00     6.962E+07     1.000E+01
5.00E+00     9.089E+07     1.000E+01
6.00E+00     1.147E+08     1.000E+01
7.00E+00     1.405E+08     1.000E+01
8.00E+00     1.673E+08     1.000E+01
9.00E+00     1.937E+08     1.000E+01
1.00E+01     2.176E+08     1.000E+01
