4        p na21 mg22                       mc10      5.50418e+00      
1.00E-03     0.000E+00     1.000E+00
2.00E-03     0.000E+00     1.000E+00
3.00E-03     0.000E+00     1.000E+00
4.00E-03     0.000E+00     1.000E+00
5.00E-03     0.000E+00     1.000E+00
6.00E-03     0.000E+00     1.000E+00
7.00E-03     0.000E+00     1.000E+00
8.00E-03     0.000E+00     1.000E+00
9.00E-03     0.000E+00     1.000E+00
1.00E-02     4.389E-33     1.474E+00
1.10E-02     8.329E-32     1.467E+00
1.20E-02     1.129E-30     1.470E+00
1.30E-02     1.168E-29     1.465E+00
1.40E-02     9.424E-29     1.469E+00
1.50E-02     6.430E-28     1.478E+00
1.60E-02     3.692E-27     1.468E+00
1.80E-02     8.018E-26     1.469E+00
2.00E-02     1.153E-24     1.466E+00
2.50E-02     2.364E-22     1.469E+00
3.00E-02     1.379E-20     1.468E+00
4.00E-02     5.022E-18     1.473E+00
5.00E-02     3.617E-16     1.425E+00
6.00E-02     6.615E-14     1.219E+00
7.00E-02     1.346E-11     1.237E+00
8.00E-02     7.770E-10     1.234E+00
9.00E-02     1.791E-08     1.231E+00
1.00E-01     2.170E-07     1.229E+00
1.10E-01     1.648E-06     1.227E+00
1.20E-01     8.826E-06     1.226E+00
1.30E-01     3.618E-05     1.225E+00
1.40E-01     1.202E-04     1.224E+00
1.50E-01     3.378E-04     1.223E+00
1.60E-01     8.290E-04     1.223E+00
1.80E-01     3.646E-03     1.222E+00
2.00E-01     1.172E-02     1.221E+00
2.50E-01     9.129E-02     1.220E+00
3.00E-01     3.410E-01     1.220E+00
3.50E-01     8.437E-01     1.220E+00
4.00E-01     1.622E+00     1.219E+00
4.50E-01     2.643E+00     1.218E+00
5.00E-01     3.854E+00     1.217E+00
6.00E-01     6.668E+00     1.210E+00
7.00E-01     1.002E+01     1.194E+00
8.00E-01     1.450E+01     1.166E+00
9.00E-01     2.129E+01     1.132E+00
1.00E+00     3.193E+01     1.102E+00
1.25E+00     8.346E+01     1.076E+00
1.50E+00     1.773E+02     1.078E+00
1.75E+00     3.073E+02     1.081E+00
2.00E+00     4.582E+02     1.083E+00
2.50E+00     7.745E+02     1.086E+00
3.00E+00     1.055E+03     1.086E+00
3.50E+00     1.280E+03     1.087E+00
4.00E+00     1.446E+03     1.087E+00
5.00E+00     1.641E+03     1.088E+00
6.00E+00     1.716E+03     1.088E+00
7.00E+00     1.722E+03     1.088E+00
8.00E+00     1.684E+03     1.089E+00
9.00E+00     1.612E+03     1.089E+00
1.00E+01     1.513E+03     1.089E+00
