4        p na22 mg23                       mc13      7.58072E+00      
1.00E-03     0.000E+00     1.000E+00
2.00E-03     0.000E+00     1.000E+00
3.00E-03     0.000E+00     1.000E+00
4.00E-03     0.000E+00     1.000E+00
5.00E-03     0.000E+00     1.000E+00
6.00E-03     0.000E+00     1.000E+00
7.00E-03     0.000E+00     1.000E+00
8.00E-03     0.000E+00     1.000E+00
9.00E-03     0.000E+00     1.000E+00
1.00E-02     2.522E-30     2.048E+00
1.10E-02     1.964E-28     1.875E+00
1.20E-02     7.330E-27     1.750E+00
1.30E-02     1.568E-25     1.660E+00
1.40E-02     2.126E-24     1.597E+00
1.50E-02     2.029E-23     1.553E+00
1.60E-02     1.444E-22     1.525E+00
1.80E-02     3.765E-21     1.496E+00
2.00E-02     5.100E-20     1.489E+00
2.50E-02     6.060E-18     1.462E+00
3.00E-02     2.148E-16     1.392E+00
4.00E-02     4.339E-14     1.441E+00
5.00E-02     1.334E-12     1.560E+00
6.00E-02     1.369E-11     1.623E+00
7.00E-02     1.945E-10     1.322E+00
8.00E-02     6.788E-09     1.283E+00
9.00E-02     1.433E-07     1.258E+00
1.00E-01     1.663E-06     1.237E+00
1.10E-01     1.228E-05     1.221E+00
1.20E-01     6.453E-05     1.209E+00
1.30E-01     2.606E-04     1.200E+00
1.40E-01     8.585E-04     1.193E+00
1.50E-01     2.404E-03     1.187E+00
1.60E-01     5.905E-03     1.181E+00
1.80E-01     2.631E-02     1.170E+00
2.00E-01     8.669E-02     1.161E+00
2.50E-01     7.462E-01     1.144E+00
3.00E-01     3.162E+00     1.135E+00
3.50E-01     8.941E+00     1.132E+00
4.00E-01     1.956E+01     1.132E+00
4.50E-01     3.615E+01     1.132E+00
5.00E-01     5.941E+01     1.132E+00
6.00E-01     1.278E+02     1.127E+00
7.00E-01     2.283E+02     1.118E+00
8.00E-01     3.648E+02     1.107E+00
9.00E-01     5.391E+02     1.098E+00
1.00E+00     7.512E+02     1.090E+00
1.25E+00     1.517E+03     1.083E+00
1.50E+00     2.594E+03     1.083E+00
1.75E+00     3.832E+03     1.083E+00
2.00E+00     5.166E+03     1.083E+00
2.50E+00     7.854E+03     1.083E+00
3.00E+00     1.021E+04     1.083E+00
3.50E+00     1.219E+04     1.083E+00
4.00E+00     1.378E+04     1.083E+00
5.00E+00     1.600E+04     1.083E+00
6.00E+00     1.734E+04     1.083E+00
7.00E+00     1.817E+04     1.083E+00
8.00E+00     1.874E+04     1.083E+00
9.00E+00     1.913E+04     1.083E+00
1.00E+01     1.959E+04     1.083E+00
