5      he4 na22    p mg25                  taly      3.14700E+00      
1.00E-03     0.000E+00     1.000E+00
2.00E-03     0.000E+00     1.000E+00
3.00E-03     0.000E+00     1.000E+00
4.00E-03     0.000E+00     1.000E+00
5.00E-03     0.000E+00     1.000E+00
6.00E-03     0.000E+00     1.000E+00
7.00E-03     0.000E+00     1.000E+00
8.00E-03     0.000E+00     1.000E+00
9.00E-03     0.000E+00     1.000E+00
1.00E-02     0.000E+00     1.000E+00
1.10E-02     2.863E-98     1.000E+01
1.20E-02     8.196E-97     1.000E+01
1.30E-02     2.346E-95     1.000E+01
1.40E-02     6.717E-94     1.000E+01
1.50E-02     1.923E-92     1.000E+01
1.60E-02     5.506E-91     1.000E+01
1.80E-02     4.512E-88     1.000E+01
2.00E-02     3.698E-85     1.000E+01
2.50E-02     7.112E-78     1.000E+01
3.00E-02     1.368E-70     1.000E+01
4.00E-02     5.059E-56     1.000E+01
5.00E-02     1.871E-41     1.000E+01
6.00E-02     1.071E-38     1.000E+01
7.00E-02     6.127E-36     1.000E+01
8.00E-02     3.506E-33     1.000E+01
9.00E-02     2.007E-30     1.000E+01
1.00E-01     1.148E-27     1.000E+01
1.10E-01     1.682E-26     1.000E+01
1.20E-01     2.465E-25     1.000E+01
1.30E-01     3.612E-24     1.000E+01
1.40E-01     5.292E-23     1.000E+01
1.50E-01     7.753E-22     1.000E+01
1.60E-01     4.178E-21     1.000E+01
1.80E-01     1.214E-19     1.000E+01
2.00E-01     3.525E-18     1.000E+01
2.50E-01     1.401E-15     1.000E+01
3.00E-01     1.340E-13     1.000E+01
3.50E-01     3.706E-12     1.000E+01
4.00E-01     1.025E-10     1.000E+01
4.50E-01     1.082E-09     1.000E+01
5.00E-01     1.143E-08     1.000E+01
6.00E-01     4.135E-07     1.000E+01
7.00E-01     7.231E-06     1.000E+01
8.00E-01     7.652E-05     1.000E+01
9.00E-01     5.615E-04     1.000E+01
1.00E+00     3.116E-03     1.000E+01
1.25E+00     6.234E-02     1.000E+01
1.50E+00     1.247E+00     1.000E+01
1.75E+00     7.870E+00     1.000E+01
2.00E+00     4.966E+01     1.000E+01
2.50E+00     6.257E+02     1.000E+01
3.00E+00     3.997E+03     1.000E+01
3.50E+00     1.646E+04     1.000E+01
4.00E+00     5.016E+04     1.000E+01
5.00E+00     2.586E+05     1.000E+01
6.00E+00     8.124E+05     1.000E+01
7.00E+00     1.878E+06     1.000E+01
8.00E+00     3.527E+06     1.000E+01
9.00E+00     5.690E+06     1.000E+01
1.00E+01     8.147E+06     1.000E+01
