4        p na20 mg21                       taly      3.22600E+00      
1.00E-03     0.000E+00     1.000E+00
2.00E-03     0.000E+00     1.000E+00
3.00E-03     0.000E+00     1.000E+00
4.00E-03     0.000E+00     1.000E+00
5.00E-03     0.000E+00     1.000E+00
6.00E-03     3.689E-86     1.000E+01
7.00E-03     1.361E-72     1.000E+01
8.00E-03     5.020E-59     1.000E+01
9.00E-03     1.852E-45     1.000E+01
1.00E-02     6.830E-32     1.000E+01
1.10E-02     2.358E-31     1.000E+01
1.20E-02     8.137E-31     1.000E+01
1.30E-02     2.809E-30     1.000E+01
1.40E-02     9.695E-30     1.000E+01
1.50E-02     3.346E-29     1.000E+01
1.60E-02     1.155E-28     1.000E+01
1.80E-02     1.376E-27     1.000E+01
2.00E-02     1.639E-26     1.000E+01
2.50E-02     8.032E-24     1.000E+01
3.00E-02     3.935E-21     1.000E+01
4.00E-02     9.445E-16     1.000E+01
5.00E-02     2.267E-10     1.000E+01
6.00E-02     2.064E-09     1.000E+01
7.00E-02     1.879E-08     1.000E+01
8.00E-02     1.711E-07     1.000E+01
9.00E-02     1.557E-06     1.000E+01
1.00E-01     1.418E-05     1.000E+01
1.10E-01     3.868E-05     1.000E+01
1.20E-01     1.055E-04     1.000E+01
1.30E-01     2.879E-04     1.000E+01
1.40E-01     7.853E-04     1.000E+01
1.50E-01     2.142E-03     1.000E+01
1.60E-01     3.796E-03     1.000E+01
1.80E-01     1.192E-02     1.000E+01
2.00E-01     3.742E-02     1.000E+01
2.50E-01     2.365E-01     1.000E+01
3.00E-01     8.591E-01     1.000E+01
3.50E-01     2.003E+00     1.000E+01
4.00E-01     4.670E+00     1.000E+01
4.50E-01     7.965E+00     1.000E+01
5.00E-01     1.358E+01     1.000E+01
6.00E-01     2.841E+01     1.000E+01
7.00E-01     4.884E+01     1.000E+01
8.00E-01     7.396E+01     1.000E+01
9.00E-01     1.027E+02     1.000E+01
1.00E+00     1.340E+02     1.000E+01
1.25E+00     2.008E+02     1.000E+01
1.50E+00     3.010E+02     1.000E+01
1.75E+00     3.660E+02     1.000E+01
2.00E+00     4.451E+02     1.000E+01
2.50E+00     5.484E+02     1.000E+01
3.00E+00     6.161E+02     1.000E+01
3.50E+00     6.595E+02     1.000E+01
4.00E+00     6.885E+02     1.000E+01
5.00E+00     7.289E+02     1.000E+01
6.00E+00     7.687E+02     1.000E+01
7.00E+00     8.226E+02     1.000E+01
8.00E+00     8.995E+02     1.000E+01
9.00E+00     1.004E+03     1.000E+01
1.00E+01     1.137E+03     1.000E+01
