4        n na22 na23                       taly      1.24190E+01      
1.00E-03     8.301E+05     1.000E+01
2.00E-03     7.901E+05     1.000E+01
3.00E-03     7.500E+05     1.000E+01
4.00E-03     7.099E+05     1.000E+01
5.00E-03     6.698E+05     1.000E+01
6.00E-03     6.542E+05     1.000E+01
7.00E-03     6.386E+05     1.000E+01
8.00E-03     6.230E+05     1.000E+01
9.00E-03     6.074E+05     1.000E+01
1.00E-02     5.918E+05     1.000E+01
1.10E-02     5.891E+05     1.000E+01
1.20E-02     5.863E+05     1.000E+01
1.30E-02     5.835E+05     1.000E+01
1.40E-02     5.808E+05     1.000E+01
1.50E-02     5.780E+05     1.000E+01
1.60E-02     5.753E+05     1.000E+01
1.80E-02     5.697E+05     1.000E+01
2.00E-02     5.642E+05     1.000E+01
2.50E-02     5.504E+05     1.000E+01
3.00E-02     5.366E+05     1.000E+01
4.00E-02     5.090E+05     1.000E+01
5.00E-02     4.814E+05     1.000E+01
6.00E-02     4.764E+05     1.000E+01
7.00E-02     4.714E+05     1.000E+01
8.00E-02     4.665E+05     1.000E+01
9.00E-02     4.615E+05     1.000E+01
1.00E-01     4.565E+05     1.000E+01
1.10E-01     4.548E+05     1.000E+01
1.20E-01     4.531E+05     1.000E+01
1.30E-01     4.514E+05     1.000E+01
1.40E-01     4.497E+05     1.000E+01
1.50E-01     4.480E+05     1.000E+01
1.60E-01     4.476E+05     1.000E+01
1.80E-01     4.467E+05     1.000E+01
2.00E-01     4.458E+05     1.000E+01
2.50E-01     4.463E+05     1.000E+01
3.00E-01     4.477E+05     1.000E+01
3.50E-01     4.491E+05     1.000E+01
4.00E-01     4.506E+05     1.000E+01
4.50E-01     4.517E+05     1.000E+01
5.00E-01     4.529E+05     1.000E+01
6.00E-01     4.550E+05     1.000E+01
7.00E-01     4.569E+05     1.000E+01
8.00E-01     4.587E+05     1.000E+01
9.00E-01     4.604E+05     1.000E+01
1.00E+00     4.621E+05     1.000E+01
1.25E+00     4.654E+05     1.000E+01
1.50E+00     4.686E+05     1.000E+01
1.75E+00     4.694E+05     1.000E+01
2.00E+00     4.702E+05     1.000E+01
2.50E+00     4.668E+05     1.000E+01
3.00E+00     4.591E+05     1.000E+01
3.50E+00     4.485E+05     1.000E+01
4.00E+00     4.360E+05     1.000E+01
5.00E+00     4.091E+05     1.000E+01
6.00E+00     3.825E+05     1.000E+01
7.00E+00     3.575E+05     1.000E+01
8.00E+00     3.333E+05     1.000E+01
9.00E+00     3.084E+05     1.000E+01
1.00E+01     2.816E+05     1.000E+01
