5      he4 na20    p mg23                  taly      7.46000E+00      
1.00E-03     0.000E+00     1.000E+00
2.00E-03     0.000E+00     1.000E+00
3.00E-03     0.000E+00     1.000E+00
4.00E-03     0.000E+00     1.000E+00
5.00E-03     0.000E+00     1.000E+00
6.00E-03     0.000E+00     1.000E+00
7.00E-03     0.000E+00     1.000E+00
8.00E-03     0.000E+00     1.000E+00
9.00E-03     0.000E+00     1.000E+00
1.00E-02     0.000E+00     1.000E+00
1.10E-02     2.930E-98     1.000E+01
1.20E-02     8.584E-97     1.000E+01
1.30E-02     2.515E-95     1.000E+01
1.40E-02     7.369E-94     1.000E+01
1.50E-02     2.159E-92     1.000E+01
1.60E-02     6.325E-91     1.000E+01
1.80E-02     5.429E-88     1.000E+01
2.00E-02     4.661E-85     1.000E+01
2.50E-02     1.006E-77     1.000E+01
3.00E-02     2.172E-70     1.000E+01
4.00E-02     1.012E-55     1.000E+01
5.00E-02     4.718E-41     1.000E+01
6.00E-02     2.663E-38     1.000E+01
7.00E-02     1.503E-35     1.000E+01
8.00E-02     8.482E-33     1.000E+01
9.00E-02     4.787E-30     1.000E+01
1.00E-01     2.702E-27     1.000E+01
1.10E-01     3.892E-26     1.000E+01
1.20E-01     5.606E-25     1.000E+01
1.30E-01     8.075E-24     1.000E+01
1.40E-01     1.163E-22     1.000E+01
1.50E-01     1.675E-21     1.000E+01
1.60E-01     8.915E-21     1.000E+01
1.80E-01     2.524E-19     1.000E+01
2.00E-01     7.147E-18     1.000E+01
2.50E-01     2.700E-15     1.000E+01
3.00E-01     2.475E-13     1.000E+01
3.50E-01     6.601E-12     1.000E+01
4.00E-01     1.761E-10     1.000E+01
4.50E-01     1.802E-09     1.000E+01
5.00E-01     1.844E-08     1.000E+01
6.00E-01     6.305E-07     1.000E+01
7.00E-01     1.045E-05     1.000E+01
8.00E-01     1.050E-04     1.000E+01
9.00E-01     7.340E-04     1.000E+01
1.00E+00     3.892E-03     1.000E+01
1.25E+00     7.124E-02     1.000E+01
1.50E+00     1.304E+00     1.000E+01
1.75E+00     7.767E+00     1.000E+01
2.00E+00     4.627E+01     1.000E+01
2.50E+00     5.425E+02     1.000E+01
3.00E+00     3.315E+03     1.000E+01
3.50E+00     1.326E+04     1.000E+01
4.00E+00     3.961E+04     1.000E+01
5.00E+00     1.981E+05     1.000E+01
6.00E+00     6.074E+05     1.000E+01
7.00E+00     1.377E+06     1.000E+01
8.00E+00     2.554E+06     1.000E+01
9.00E+00     4.101E+06     1.000E+01
1.00E+01     5.883E+06     1.000E+01
