4      he4 na21 al25                       taly      9.15600E+00      
1.00E-03     0.000E+00     1.000E+00
2.00E-03     0.000E+00     1.000E+00
3.00E-03     0.000E+00     1.000E+00
4.00E-03     0.000E+00     1.000E+00
5.00E-03     0.000E+00     1.000E+00
6.00E-03     0.000E+00     1.000E+00
7.00E-03     0.000E+00     1.000E+00
8.00E-03     0.000E+00     1.000E+00
9.00E-03     0.000E+00     1.000E+00
1.00E-02     0.000E+00     1.000E+00
1.10E-02     2.286E-98     1.000E+01
1.20E-02     5.225E-97     1.000E+01
1.30E-02     1.194E-95     1.000E+01
1.40E-02     2.730E-94     1.000E+01
1.50E-02     6.240E-93     1.000E+01
1.60E-02     1.426E-91     1.000E+01
1.80E-02     7.453E-89     1.000E+01
2.00E-02     3.894E-86     1.000E+01
2.50E-02     2.430E-79     1.000E+01
3.00E-02     1.516E-72     1.000E+01
4.00E-02     5.906E-59     1.000E+01
5.00E-02     2.300E-45     1.000E+01
6.00E-02     1.079E-42     1.000E+01
7.00E-02     5.067E-40     1.000E+01
8.00E-02     2.378E-37     1.000E+01
9.00E-02     1.116E-34     1.000E+01
1.00E-01     5.240E-32     1.000E+01
1.10E-01     7.214E-31     1.000E+01
1.20E-01     9.931E-30     1.000E+01
1.30E-01     1.367E-28     1.000E+01
1.40E-01     1.882E-27     1.000E+01
1.50E-01     2.591E-26     1.000E+01
1.60E-01     1.388E-25     1.000E+01
1.80E-01     3.978E-24     1.000E+01
2.00E-01     1.141E-22     1.000E+01
2.50E-01     4.450E-20     1.000E+01
3.00E-01     4.201E-18     1.000E+01
3.50E-01     1.152E-16     1.000E+01
4.00E-01     3.157E-15     1.000E+01
4.50E-01     3.319E-14     1.000E+01
5.00E-01     3.489E-13     1.000E+01
6.00E-01     1.258E-11     1.000E+01
7.00E-01     2.201E-10     1.000E+01
8.00E-01     2.339E-09     1.000E+01
9.00E-01     1.730E-08     1.000E+01
1.00E+00     9.710E-08     1.000E+01
1.25E+00     2.043E-06     1.000E+01
1.50E+00     4.297E-05     1.000E+01
1.75E+00     2.903E-04     1.000E+01
2.00E+00     1.961E-03     1.000E+01
2.50E+00     2.819E-02     1.000E+01
3.00E+00     2.006E-01     1.000E+01
3.50E+00     8.978E-01     1.000E+01
4.00E+00     2.920E+00     1.000E+01
5.00E+00     1.653E+01     1.000E+01
6.00E+00     5.543E+01     1.000E+01
7.00E+00     1.348E+02     1.000E+01
8.00E+00     2.650E+02     1.000E+01
9.00E+00     4.481E+02     1.000E+01
1.00E+01     6.767E+02     1.000E+01
