5      he4 nb81    p mo84                  taly      2.69100E+00      
1.00E-03     0.000E+00     1.000E+00
2.00E-03     0.000E+00     1.000E+00
3.00E-03     0.000E+00     1.000E+00
4.00E-03     0.000E+00     1.000E+00
5.00E-03     0.000E+00     1.000E+00
6.00E-03     0.000E+00     1.000E+00
7.00E-03     0.000E+00     1.000E+00
8.00E-03     0.000E+00     1.000E+00
9.00E-03     0.000E+00     1.000E+00
1.00E-02     0.000E+00     1.000E+00
1.10E-02     0.000E+00     1.000E+00
1.20E-02     0.000E+00     1.000E+00
1.30E-02     0.000E+00     1.000E+00
1.40E-02     0.000E+00     1.000E+00
1.50E-02     0.000E+00     1.000E+00
1.60E-02     0.000E+00     1.000E+00
1.80E-02     0.000E+00     1.000E+00
2.00E-02     0.000E+00     1.000E+00
2.50E-02     0.000E+00     1.000E+00
3.00E-02     0.000E+00     1.000E+00
4.00E-02     0.000E+00     1.000E+00
5.00E-02     0.000E+00     1.000E+00
6.00E-02     0.000E+00     1.000E+00
7.00E-02     0.000E+00     1.000E+00
8.00E-02     0.000E+00     1.000E+00
9.00E-02     0.000E+00     1.000E+00
1.00E-01     0.000E+00     1.000E+00
1.10E-01     0.000E+00     1.000E+00
1.20E-01     0.000E+00     1.000E+00
1.30E-01     0.000E+00     1.000E+00
1.40E-01     0.000E+00     1.000E+00
1.50E-01     0.000E+00     1.000E+00
1.60E-01     0.000E+00     1.000E+00
1.80E-01     0.000E+00     1.000E+00
2.00E-01     0.000E+00     1.000E+00
2.50E-01     0.000E+00     1.000E+00
3.00E-01     0.000E+00     1.000E+00
3.50E-01     5.753E-72     1.000E+01
4.00E-01     3.310E-44     1.000E+01
4.50E-01     3.640E-41     1.000E+01
5.00E-01     4.003E-38     1.000E+01
6.00E-01     6.471E-34     1.000E+01
7.00E-01     1.001E-30     1.000E+01
8.00E-01     3.637E-28     1.000E+01
9.00E-01     4.902E-26     1.000E+01
1.00E+00     3.208E-24     1.000E+01
1.25E+00     4.595E-21     1.000E+01
1.50E+00     6.582E-18     1.000E+01
1.75E+00     5.825E-16     1.000E+01
2.00E+00     5.155E-14     1.000E+01
2.50E+00     2.521E-11     1.000E+01
3.00E+00     2.440E-09     1.000E+01
3.50E+00     8.492E-08     1.000E+01
4.00E+00     1.490E-06     1.000E+01
5.00E+00     1.208E-04     1.000E+01
6.00E+00     3.054E-03     1.000E+01
7.00E+00     3.586E-02     1.000E+01
8.00E+00     2.454E-01     1.000E+01
9.00E+00     1.128E+00     1.000E+01
1.00E+01     3.817E+00     1.000E+01
