5        p nb85  he4 zr82                  taly      2.52700E+00      
1.00E-03     0.000E+00     1.000E+00
2.00E-03     0.000E+00     1.000E+00
3.00E-03     0.000E+00     1.000E+00
4.00E-03     0.000E+00     1.000E+00
5.00E-03     0.000E+00     1.000E+00
6.00E-03     0.000E+00     1.000E+00
7.00E-03     0.000E+00     1.000E+00
8.00E-03     0.000E+00     1.000E+00
9.00E-03     0.000E+00     1.000E+00
1.00E-02     0.000E+00     1.000E+00
1.10E-02     1.975E-98     1.000E+01
1.20E-02     3.902E-97     1.000E+01
1.30E-02     7.708E-96     1.000E+01
1.40E-02     1.523E-94     1.000E+01
1.50E-02     3.008E-93     1.000E+01
1.60E-02     5.942E-92     1.000E+01
1.80E-02     2.319E-89     1.000E+01
2.00E-02     9.047E-87     1.000E+01
2.50E-02     2.721E-80     1.000E+01
3.00E-02     8.185E-74     1.000E+01
4.00E-02     7.406E-61     1.000E+01
5.00E-02     6.700E-48     1.000E+01
6.00E-02     4.995E-45     1.000E+01
7.00E-02     3.724E-42     1.000E+01
8.00E-02     2.777E-39     1.000E+01
9.00E-02     2.070E-36     1.000E+01
1.00E-01     1.544E-33     1.000E+01
1.10E-01     1.351E-32     1.000E+01
1.20E-01     1.182E-31     1.000E+01
1.30E-01     1.034E-30     1.000E+01
1.40E-01     9.052E-30     1.000E+01
1.50E-01     7.921E-29     1.000E+01
1.60E-01     2.315E-28     1.000E+01
1.80E-01     1.977E-27     1.000E+01
2.00E-01     1.688E-26     1.000E+01
2.50E-01     4.095E-25     1.000E+01
3.00E-01     3.376E-24     1.000E+01
3.50E-01     1.254E-23     1.000E+01
4.00E-01     4.655E-23     1.000E+01
4.50E-01     1.784E-22     1.000E+01
5.00E-01     6.839E-22     1.000E+01
6.00E-01     9.738E-20     1.000E+01
7.00E-01     7.186E-18     1.000E+01
8.00E-01     2.436E-16     1.000E+01
9.00E-01     4.623E-15     1.000E+01
1.00E+00     5.651E-14     1.000E+01
1.25E+00     4.104E-12     1.000E+01
1.50E+00     2.981E-10     1.000E+01
1.75E+00     4.004E-09     1.000E+01
2.00E+00     5.378E-08     1.000E+01
2.50E+00     2.128E-06     1.000E+01
3.00E+00     3.808E-05     1.000E+01
3.50E+00     4.244E-04     1.000E+01
4.00E+00     3.417E-03     1.000E+01
5.00E+00     1.118E-01     1.000E+01
6.00E+00     1.947E+00     1.000E+01
7.00E+00     2.061E+01     1.000E+01
8.00E+00     1.387E+02     1.000E+01
9.00E+00     6.273E+02     1.000E+01
1.00E+01     2.044E+03     1.000E+01
