5        n nb81    p zr81                  taly      1.22310E+01      
1.00E-03     1.864E+08     1.000E+01
2.00E-03     1.884E+08     1.000E+01
3.00E-03     1.904E+08     1.000E+01
4.00E-03     1.925E+08     1.000E+01
5.00E-03     1.945E+08     1.000E+01
6.00E-03     1.939E+08     1.000E+01
7.00E-03     1.933E+08     1.000E+01
8.00E-03     1.927E+08     1.000E+01
9.00E-03     1.921E+08     1.000E+01
1.00E-02     1.914E+08     1.000E+01
1.10E-02     1.919E+08     1.000E+01
1.20E-02     1.924E+08     1.000E+01
1.30E-02     1.929E+08     1.000E+01
1.40E-02     1.933E+08     1.000E+01
1.50E-02     1.938E+08     1.000E+01
1.60E-02     1.943E+08     1.000E+01
1.80E-02     1.953E+08     1.000E+01
2.00E-02     1.962E+08     1.000E+01
2.50E-02     1.987E+08     1.000E+01
3.00E-02     2.012E+08     1.000E+01
4.00E-02     2.062E+08     1.000E+01
5.00E-02     2.114E+08     1.000E+01
6.00E-02     2.167E+08     1.000E+01
7.00E-02     2.221E+08     1.000E+01
8.00E-02     2.277E+08     1.000E+01
9.00E-02     2.335E+08     1.000E+01
1.00E-01     2.393E+08     1.000E+01
1.10E-01     2.449E+08     1.000E+01
1.20E-01     2.505E+08     1.000E+01
1.30E-01     2.563E+08     1.000E+01
1.40E-01     2.621E+08     1.000E+01
1.50E-01     2.682E+08     1.000E+01
1.60E-01     2.739E+08     1.000E+01
1.80E-01     2.856E+08     1.000E+01
2.00E-01     2.978E+08     1.000E+01
2.50E-01     3.270E+08     1.000E+01
3.00E-01     3.550E+08     1.000E+01
3.50E-01     3.795E+08     1.000E+01
4.00E-01     4.058E+08     1.000E+01
4.50E-01     4.260E+08     1.000E+01
5.00E-01     4.471E+08     1.000E+01
6.00E-01     4.709E+08     1.000E+01
7.00E-01     4.675E+08     1.000E+01
8.00E-01     4.348E+08     1.000E+01
9.00E-01     3.828E+08     1.000E+01
1.00E+00     3.252E+08     1.000E+01
1.25E+00     2.125E+08     1.000E+01
1.50E+00     1.389E+08     1.000E+01
1.75E+00     1.034E+08     1.000E+01
2.00E+00     7.695E+07     1.000E+01
2.50E+00     5.204E+07     1.000E+01
3.00E+00     3.949E+07     1.000E+01
3.50E+00     3.217E+07     1.000E+01
4.00E+00     2.743E+07     1.000E+01
5.00E+00     2.172E+07     1.000E+01
6.00E+00     1.831E+07     1.000E+01
7.00E+00     1.586E+07     1.000E+01
8.00E+00     1.379E+07     1.000E+01
9.00E+00     1.186E+07     1.000E+01
1.00E+01     9.958E+06     1.000E+01
