5        n nb82  he4  y79                  taly      1.18020E+01      
1.00E-03     5.055E+04     1.000E+01
2.00E-03     5.114E+04     1.000E+01
3.00E-03     5.173E+04     1.000E+01
4.00E-03     5.233E+04     1.000E+01
5.00E-03     5.293E+04     1.000E+01
6.00E-03     5.281E+04     1.000E+01
7.00E-03     5.268E+04     1.000E+01
8.00E-03     5.255E+04     1.000E+01
9.00E-03     5.242E+04     1.000E+01
1.00E-02     5.230E+04     1.000E+01
1.10E-02     5.247E+04     1.000E+01
1.20E-02     5.263E+04     1.000E+01
1.30E-02     5.280E+04     1.000E+01
1.40E-02     5.297E+04     1.000E+01
1.50E-02     5.314E+04     1.000E+01
1.60E-02     5.332E+04     1.000E+01
1.80E-02     5.366E+04     1.000E+01
2.00E-02     5.401E+04     1.000E+01
2.50E-02     5.488E+04     1.000E+01
3.00E-02     5.577E+04     1.000E+01
4.00E-02     5.759E+04     1.000E+01
5.00E-02     5.947E+04     1.000E+01
6.00E-02     6.132E+04     1.000E+01
7.00E-02     6.323E+04     1.000E+01
8.00E-02     6.519E+04     1.000E+01
9.00E-02     6.722E+04     1.000E+01
1.00E-01     6.931E+04     1.000E+01
1.10E-01     7.124E+04     1.000E+01
1.20E-01     7.322E+04     1.000E+01
1.30E-01     7.525E+04     1.000E+01
1.40E-01     7.734E+04     1.000E+01
1.50E-01     7.949E+04     1.000E+01
1.60E-01     8.149E+04     1.000E+01
1.80E-01     8.564E+04     1.000E+01
2.00E-01     8.999E+04     1.000E+01
2.50E-01     1.004E+05     1.000E+01
3.00E-01     1.105E+05     1.000E+01
3.50E-01     1.196E+05     1.000E+01
4.00E-01     1.294E+05     1.000E+01
4.50E-01     1.377E+05     1.000E+01
5.00E-01     1.467E+05     1.000E+01
6.00E-01     1.627E+05     1.000E+01
7.00E-01     1.777E+05     1.000E+01
8.00E-01     1.917E+05     1.000E+01
9.00E-01     2.046E+05     1.000E+01
1.00E+00     2.161E+05     1.000E+01
1.25E+00     1.971E+05     1.000E+01
1.50E+00     1.797E+05     1.000E+01
1.75E+00     9.448E+04     1.000E+01
2.00E+00     4.967E+04     1.000E+01
2.50E+00     2.225E+04     1.000E+01
3.00E+00     1.620E+04     1.000E+01
3.50E+00     1.451E+04     1.000E+01
4.00E+00     1.442E+04     1.000E+01
5.00E+00     1.681E+04     1.000E+01
6.00E+00     2.153E+04     1.000E+01
7.00E+00     2.743E+04     1.000E+01
8.00E+00     3.310E+04     1.000E+01
9.00E+00     3.719E+04     1.000E+01
1.00E+01     3.890E+04     1.000E+01
