4        n nb82 nb83                       taly      1.42810E+01      
1.00E-03     7.107E+03     1.000E+01
2.00E-03     7.181E+03     1.000E+01
3.00E-03     7.256E+03     1.000E+01
4.00E-03     7.331E+03     1.000E+01
5.00E-03     7.405E+03     1.000E+01
6.00E-03     7.379E+03     1.000E+01
7.00E-03     7.353E+03     1.000E+01
8.00E-03     7.327E+03     1.000E+01
9.00E-03     7.301E+03     1.000E+01
1.00E-02     7.275E+03     1.000E+01
1.10E-02     7.291E+03     1.000E+01
1.20E-02     7.307E+03     1.000E+01
1.30E-02     7.324E+03     1.000E+01
1.40E-02     7.340E+03     1.000E+01
1.50E-02     7.356E+03     1.000E+01
1.60E-02     7.373E+03     1.000E+01
1.80E-02     7.405E+03     1.000E+01
2.00E-02     7.438E+03     1.000E+01
2.50E-02     7.520E+03     1.000E+01
3.00E-02     7.601E+03     1.000E+01
4.00E-02     7.765E+03     1.000E+01
5.00E-02     7.928E+03     1.000E+01
6.00E-02     8.116E+03     1.000E+01
7.00E-02     8.303E+03     1.000E+01
8.00E-02     8.491E+03     1.000E+01
9.00E-02     8.678E+03     1.000E+01
1.00E-01     8.866E+03     1.000E+01
1.10E-01     9.060E+03     1.000E+01
1.20E-01     9.254E+03     1.000E+01
1.30E-01     9.448E+03     1.000E+01
1.40E-01     9.642E+03     1.000E+01
1.50E-01     9.836E+03     1.000E+01
1.60E-01     1.004E+04     1.000E+01
1.80E-01     1.044E+04     1.000E+01
2.00E-01     1.084E+04     1.000E+01
2.50E-01     1.182E+04     1.000E+01
3.00E-01     1.277E+04     1.000E+01
3.50E-01     1.364E+04     1.000E+01
4.00E-01     1.451E+04     1.000E+01
4.50E-01     1.530E+04     1.000E+01
5.00E-01     1.608E+04     1.000E+01
6.00E-01     1.752E+04     1.000E+01
7.00E-01     1.885E+04     1.000E+01
8.00E-01     2.009E+04     1.000E+01
9.00E-01     2.125E+04     1.000E+01
1.00E+00     2.230E+04     1.000E+01
1.25E+00     2.042E+04     1.000E+01
1.50E+00     1.853E+04     1.000E+01
1.75E+00     1.196E+04     1.000E+01
2.00E+00     5.394E+03     1.000E+01
2.50E+00     2.603E+03     1.000E+01
3.00E+00     1.973E+03     1.000E+01
3.50E+00     1.759E+03     1.000E+01
4.00E+00     1.663E+03     1.000E+01
5.00E+00     1.581E+03     1.000E+01
6.00E+00     1.532E+03     1.000E+01
7.00E+00     1.467E+03     1.000E+01
8.00E+00     1.366E+03     1.000E+01
9.00E+00     1.226E+03     1.000E+01
1.00E+01     1.060E+03     1.000E+01
