5      he4 nb82    p mo85                  taly      4.45000E-01      
1.00E-03     0.000E+00     1.000E+00
2.00E-03     0.000E+00     1.000E+00
3.00E-03     0.000E+00     1.000E+00
4.00E-03     0.000E+00     1.000E+00
5.00E-03     0.000E+00     1.000E+00
6.00E-03     0.000E+00     1.000E+00
7.00E-03     0.000E+00     1.000E+00
8.00E-03     0.000E+00     1.000E+00
9.00E-03     0.000E+00     1.000E+00
1.00E-02     0.000E+00     1.000E+00
1.10E-02     0.000E+00     1.000E+00
1.20E-02     0.000E+00     1.000E+00
1.30E-02     0.000E+00     1.000E+00
1.40E-02     0.000E+00     1.000E+00
1.50E-02     0.000E+00     1.000E+00
1.60E-02     0.000E+00     1.000E+00
1.80E-02     0.000E+00     1.000E+00
2.00E-02     0.000E+00     1.000E+00
2.50E-02     0.000E+00     1.000E+00
3.00E-02     0.000E+00     1.000E+00
4.00E-02     0.000E+00     1.000E+00
5.00E-02     0.000E+00     1.000E+00
6.00E-02     0.000E+00     1.000E+00
7.00E-02     0.000E+00     1.000E+00
8.00E-02     0.000E+00     1.000E+00
9.00E-02     0.000E+00     1.000E+00
1.00E-01     0.000E+00     1.000E+00
1.10E-01     0.000E+00     1.000E+00
1.20E-01     0.000E+00     1.000E+00
1.30E-01     0.000E+00     1.000E+00
1.40E-01     0.000E+00     1.000E+00
1.50E-01     0.000E+00     1.000E+00
1.60E-01     0.000E+00     1.000E+00
1.80E-01     0.000E+00     1.000E+00
2.00E-01     0.000E+00     1.000E+00
2.50E-01     0.000E+00     1.000E+00
3.00E-01     0.000E+00     1.000E+00
3.50E-01     5.644E-72     1.000E+01
4.00E-01     3.186E-44     1.000E+01
4.50E-01     3.560E-41     1.000E+01
5.00E-01     3.978E-38     1.000E+01
6.00E-01     6.910E-34     1.000E+01
7.00E-01     1.213E-30     1.000E+01
8.00E-01     5.281E-28     1.000E+01
9.00E-01     8.928E-26     1.000E+01
1.00E+00     7.517E-24     1.000E+01
1.25E+00     1.615E-20     1.000E+01
1.50E+00     3.472E-17     1.000E+01
1.75E+00     2.227E-15     1.000E+01
2.00E+00     1.429E-13     1.000E+01
2.50E+00     4.727E-11     1.000E+01
3.00E+00     4.649E-09     1.000E+01
3.50E+00     1.927E-07     1.000E+01
4.00E+00     4.157E-06     1.000E+01
5.00E+00     4.664E-04     1.000E+01
6.00E+00     1.401E-02     1.000E+01
7.00E+00     1.750E-01     1.000E+01
8.00E+00     1.189E+00     1.000E+01
9.00E+00     5.204E+00     1.000E+01
1.00E+01     1.642E+01     1.000E+01
