4        p nb82 mo83                       taly      1.77400E+00      
1.00E-03     0.000E+00     1.000E+00
2.00E-03     0.000E+00     1.000E+00
3.00E-03     0.000E+00     1.000E+00
4.00E-03     0.000E+00     1.000E+00
5.00E-03     0.000E+00     1.000E+00
6.00E-03     0.000E+00     1.000E+00
7.00E-03     0.000E+00     1.000E+00
8.00E-03     0.000E+00     1.000E+00
9.00E-03     0.000E+00     1.000E+00
1.00E-02     0.000E+00     1.000E+00
1.10E-02     2.419E-98     1.000E+01
1.20E-02     5.854E-97     1.000E+01
1.30E-02     1.416E-95     1.000E+01
1.40E-02     3.427E-94     1.000E+01
1.50E-02     8.291E-93     1.000E+01
1.60E-02     2.006E-91     1.000E+01
1.80E-02     1.174E-88     1.000E+01
2.00E-02     6.874E-86     1.000E+01
2.50E-02     5.700E-79     1.000E+01
3.00E-02     4.726E-72     1.000E+01
4.00E-02     3.249E-58     1.000E+01
5.00E-02     2.233E-44     1.000E+01
6.00E-02     2.412E-41     1.000E+01
7.00E-02     2.605E-38     1.000E+01
8.00E-02     2.813E-35     1.000E+01
9.00E-02     3.038E-32     1.000E+01
1.00E-01     3.280E-29     1.000E+01
1.10E-01     5.119E-28     1.000E+01
1.20E-01     7.987E-27     1.000E+01
1.30E-01     1.246E-25     1.000E+01
1.40E-01     1.945E-24     1.000E+01
1.50E-01     3.034E-23     1.000E+01
1.60E-01     1.661E-22     1.000E+01
1.80E-01     4.980E-21     1.000E+01
2.00E-01     1.493E-19     1.000E+01
2.50E-01     6.245E-17     1.000E+01
3.00E-01     6.219E-15     1.000E+01
3.50E-01     1.772E-13     1.000E+01
4.00E-01     5.050E-12     1.000E+01
4.50E-01     5.445E-11     1.000E+01
5.00E-01     5.872E-10     1.000E+01
6.00E-01     2.173E-08     1.000E+01
7.00E-01     3.779E-07     1.000E+01
8.00E-01     3.852E-06     1.000E+01
9.00E-01     2.642E-05     1.000E+01
1.00E+00     1.337E-04     1.000E+01
1.25E+00     1.602E-03     1.000E+01
1.50E+00     1.919E-02     1.000E+01
1.75E+00     3.901E-02     1.000E+01
2.00E+00     7.932E-02     1.000E+01
2.50E+00     1.487E-01     1.000E+01
3.00E+00     2.471E-01     1.000E+01
3.50E+00     3.789E-01     1.000E+01
4.00E+00     5.413E-01     1.000E+01
5.00E+00     9.374E-01     1.000E+01
6.00E+00     1.391E+00     1.000E+01
7.00E+00     1.852E+00     1.000E+01
8.00E+00     2.269E+00     1.000E+01
9.00E+00     2.602E+00     1.000E+01
1.00E+01     2.831E+00     1.000E+01
