4        n nb81 nb82                       taly      1.33250E+01      
1.00E-03     1.367E+04     1.000E+01
2.00E-03     1.383E+04     1.000E+01
3.00E-03     1.399E+04     1.000E+01
4.00E-03     1.415E+04     1.000E+01
5.00E-03     1.431E+04     1.000E+01
6.00E-03     1.428E+04     1.000E+01
7.00E-03     1.425E+04     1.000E+01
8.00E-03     1.421E+04     1.000E+01
9.00E-03     1.418E+04     1.000E+01
1.00E-02     1.414E+04     1.000E+01
1.10E-02     1.419E+04     1.000E+01
1.20E-02     1.424E+04     1.000E+01
1.30E-02     1.429E+04     1.000E+01
1.40E-02     1.434E+04     1.000E+01
1.50E-02     1.439E+04     1.000E+01
1.60E-02     1.444E+04     1.000E+01
1.80E-02     1.454E+04     1.000E+01
2.00E-02     1.464E+04     1.000E+01
2.50E-02     1.488E+04     1.000E+01
3.00E-02     1.513E+04     1.000E+01
4.00E-02     1.562E+04     1.000E+01
5.00E-02     1.611E+04     1.000E+01
6.00E-02     1.665E+04     1.000E+01
7.00E-02     1.718E+04     1.000E+01
8.00E-02     1.772E+04     1.000E+01
9.00E-02     1.825E+04     1.000E+01
1.00E-01     1.878E+04     1.000E+01
1.10E-01     1.933E+04     1.000E+01
1.20E-01     1.988E+04     1.000E+01
1.30E-01     2.043E+04     1.000E+01
1.40E-01     2.098E+04     1.000E+01
1.50E-01     2.153E+04     1.000E+01
1.60E-01     2.209E+04     1.000E+01
1.80E-01     2.321E+04     1.000E+01
2.00E-01     2.434E+04     1.000E+01
2.50E-01     2.711E+04     1.000E+01
3.00E-01     2.978E+04     1.000E+01
3.50E-01     3.222E+04     1.000E+01
4.00E-01     3.466E+04     1.000E+01
4.50E-01     3.669E+04     1.000E+01
5.00E-01     3.872E+04     1.000E+01
6.00E-01     4.123E+04     1.000E+01
7.00E-01     4.129E+04     1.000E+01
8.00E-01     3.871E+04     1.000E+01
9.00E-01     3.431E+04     1.000E+01
1.00E+00     2.932E+04     1.000E+01
1.25E+00     2.110E+04     1.000E+01
1.50E+00     1.288E+04     1.000E+01
1.75E+00     1.015E+04     1.000E+01
2.00E+00     7.426E+03     1.000E+01
2.50E+00     5.302E+03     1.000E+01
3.00E+00     4.292E+03     1.000E+01
3.50E+00     3.748E+03     1.000E+01
4.00E+00     3.430E+03     1.000E+01
5.00E+00     3.108E+03     1.000E+01
6.00E+00     2.957E+03     1.000E+01
7.00E+00     2.849E+03     1.000E+01
8.00E+00     2.720E+03     1.000E+01
9.00E+00     2.538E+03     1.000E+01
1.00E+01     2.285E+03     1.000E+01
