4      he4 nb81 tc85                       taly      1.51200E+00      
1.00E-03     0.000E+00     1.000E+00
2.00E-03     0.000E+00     1.000E+00
3.00E-03     0.000E+00     1.000E+00
4.00E-03     0.000E+00     1.000E+00
5.00E-03     0.000E+00     1.000E+00
6.00E-03     0.000E+00     1.000E+00
7.00E-03     0.000E+00     1.000E+00
8.00E-03     0.000E+00     1.000E+00
9.00E-03     0.000E+00     1.000E+00
1.00E-02     0.000E+00     1.000E+00
1.10E-02     0.000E+00     1.000E+00
1.20E-02     0.000E+00     1.000E+00
1.30E-02     0.000E+00     1.000E+00
1.40E-02     0.000E+00     1.000E+00
1.50E-02     0.000E+00     1.000E+00
1.60E-02     0.000E+00     1.000E+00
1.80E-02     0.000E+00     1.000E+00
2.00E-02     0.000E+00     1.000E+00
2.50E-02     0.000E+00     1.000E+00
3.00E-02     0.000E+00     1.000E+00
4.00E-02     0.000E+00     1.000E+00
5.00E-02     0.000E+00     1.000E+00
6.00E-02     0.000E+00     1.000E+00
7.00E-02     0.000E+00     1.000E+00
8.00E-02     0.000E+00     1.000E+00
9.00E-02     0.000E+00     1.000E+00
1.00E-01     0.000E+00     1.000E+00
1.10E-01     0.000E+00     1.000E+00
1.20E-01     0.000E+00     1.000E+00
1.30E-01     0.000E+00     1.000E+00
1.40E-01     0.000E+00     1.000E+00
1.50E-01     0.000E+00     1.000E+00
1.60E-01     0.000E+00     1.000E+00
1.80E-01     0.000E+00     1.000E+00
2.00E-01     0.000E+00     1.000E+00
2.50E-01     0.000E+00     1.000E+00
3.00E-01     0.000E+00     1.000E+00
3.50E-01     5.627E-74     1.000E+01
4.00E-01     3.166E-48     1.000E+01
4.50E-01     3.179E-45     1.000E+01
5.00E-01     3.191E-42     1.000E+01
6.00E-01     3.926E-38     1.000E+01
7.00E-01     4.582E-35     1.000E+01
8.00E-01     1.329E-32     1.000E+01
9.00E-01     1.492E-30     1.000E+01
1.00E+00     8.164E-29     1.000E+01
1.25E+00     6.333E-26     1.000E+01
1.50E+00     4.913E-23     1.000E+01
1.75E+00     2.138E-21     1.000E+01
2.00E+00     9.302E-20     1.000E+01
2.50E+00     1.431E-17     1.000E+01
3.00E+00     6.039E-16     1.000E+01
3.50E+00     1.189E-14     1.000E+01
4.00E+00     1.429E-13     1.000E+01
5.00E+00     8.060E-12     1.000E+01
6.00E+00     1.893E-10     1.000E+01
7.00E+00     2.250E-09     1.000E+01
8.00E+00     1.563E-08     1.000E+01
9.00E+00     7.158E-08     1.000E+01
1.00E+01     2.359E-07     1.000E+01
