5        n nb83    p zr83                  taly      8.28200E+00      
1.00E-03     2.411E+08     1.000E+01
2.00E-03     2.438E+08     1.000E+01
3.00E-03     2.466E+08     1.000E+01
4.00E-03     2.494E+08     1.000E+01
5.00E-03     2.523E+08     1.000E+01
6.00E-03     2.516E+08     1.000E+01
7.00E-03     2.510E+08     1.000E+01
8.00E-03     2.503E+08     1.000E+01
9.00E-03     2.497E+08     1.000E+01
1.00E-02     2.490E+08     1.000E+01
1.10E-02     2.498E+08     1.000E+01
1.20E-02     2.506E+08     1.000E+01
1.30E-02     2.513E+08     1.000E+01
1.40E-02     2.521E+08     1.000E+01
1.50E-02     2.529E+08     1.000E+01
1.60E-02     2.537E+08     1.000E+01
1.80E-02     2.552E+08     1.000E+01
2.00E-02     2.568E+08     1.000E+01
2.50E-02     2.607E+08     1.000E+01
3.00E-02     2.648E+08     1.000E+01
4.00E-02     2.730E+08     1.000E+01
5.00E-02     2.815E+08     1.000E+01
6.00E-02     2.899E+08     1.000E+01
7.00E-02     2.985E+08     1.000E+01
8.00E-02     3.074E+08     1.000E+01
9.00E-02     3.166E+08     1.000E+01
1.00E-01     3.260E+08     1.000E+01
1.10E-01     3.347E+08     1.000E+01
1.20E-01     3.436E+08     1.000E+01
1.30E-01     3.527E+08     1.000E+01
1.40E-01     3.621E+08     1.000E+01
1.50E-01     3.718E+08     1.000E+01
1.60E-01     3.808E+08     1.000E+01
1.80E-01     3.993E+08     1.000E+01
2.00E-01     4.188E+08     1.000E+01
2.50E-01     4.655E+08     1.000E+01
3.00E-01     5.104E+08     1.000E+01
3.50E-01     5.504E+08     1.000E+01
4.00E-01     5.935E+08     1.000E+01
4.50E-01     6.300E+08     1.000E+01
5.00E-01     6.688E+08     1.000E+01
6.00E-01     7.377E+08     1.000E+01
7.00E-01     8.012E+08     1.000E+01
8.00E-01     8.597E+08     1.000E+01
9.00E-01     9.138E+08     1.000E+01
1.00E+00     9.635E+08     1.000E+01
1.25E+00     1.057E+09     1.000E+01
1.50E+00     1.159E+09     1.000E+01
1.75E+00     1.221E+09     1.000E+01
2.00E+00     1.286E+09     1.000E+01
2.50E+00     1.323E+09     1.000E+01
3.00E+00     1.179E+09     1.000E+01
3.50E+00     8.656E+08     1.000E+01
4.00E+00     5.627E+08     1.000E+01
5.00E+00     2.506E+08     1.000E+01
6.00E+00     1.477E+08     1.000E+01
7.00E+00     1.070E+08     1.000E+01
8.00E+00     8.523E+07     1.000E+01
9.00E+00     6.979E+07     1.000E+01
1.00E+01     5.695E+07     1.000E+01
