4        p nb85 mo86                       taly      5.11900E+00      
1.00E-03     0.000E+00     1.000E+00
2.00E-03     0.000E+00     1.000E+00
3.00E-03     0.000E+00     1.000E+00
4.00E-03     0.000E+00     1.000E+00
5.00E-03     0.000E+00     1.000E+00
6.00E-03     0.000E+00     1.000E+00
7.00E-03     0.000E+00     1.000E+00
8.00E-03     0.000E+00     1.000E+00
9.00E-03     0.000E+00     1.000E+00
1.00E-02     0.000E+00     1.000E+00
1.10E-02     2.488E-98     1.000E+01
1.20E-02     6.192E-97     1.000E+01
1.30E-02     1.541E-95     1.000E+01
1.40E-02     3.835E-94     1.000E+01
1.50E-02     9.542E-93     1.000E+01
1.60E-02     2.375E-91     1.000E+01
1.80E-02     1.470E-88     1.000E+01
2.00E-02     9.106E-86     1.000E+01
2.50E-02     8.689E-79     1.000E+01
3.00E-02     8.292E-72     1.000E+01
4.00E-02     7.550E-58     1.000E+01
5.00E-02     6.875E-44     1.000E+01
6.00E-02     6.526E-41     1.000E+01
7.00E-02     6.194E-38     1.000E+01
8.00E-02     5.880E-35     1.000E+01
9.00E-02     5.581E-32     1.000E+01
1.00E-01     5.298E-29     1.000E+01
1.10E-01     8.150E-28     1.000E+01
1.20E-01     1.254E-26     1.000E+01
1.30E-01     1.929E-25     1.000E+01
1.40E-01     2.968E-24     1.000E+01
1.50E-01     4.566E-23     1.000E+01
1.60E-01     2.496E-22     1.000E+01
1.80E-01     7.459E-21     1.000E+01
2.00E-01     2.229E-19     1.000E+01
2.50E-01     9.304E-17     1.000E+01
3.00E-01     9.245E-15     1.000E+01
3.50E-01     2.623E-13     1.000E+01
4.00E-01     7.440E-12     1.000E+01
4.50E-01     7.896E-11     1.000E+01
5.00E-01     8.381E-10     1.000E+01
6.00E-01     2.851E-08     1.000E+01
7.00E-01     4.262E-07     1.000E+01
8.00E-01     3.551E-06     1.000E+01
9.00E-01     1.964E-05     1.000E+01
1.00E+00     8.152E-05     1.000E+01
1.25E+00     9.191E-04     1.000E+01
1.50E+00     1.036E-02     1.000E+01
1.75E+00     4.618E-02     1.000E+01
2.00E+00     2.058E-01     1.000E+01
2.50E+00     1.628E+00     1.000E+01
3.00E+00     7.441E+00     1.000E+01
3.50E+00     2.386E+01     1.000E+01
4.00E+00     6.004E+01     1.000E+01
5.00E+00     2.355E+02     1.000E+01
6.00E+00     6.101E+02     1.000E+01
7.00E+00     1.200E+03     1.000E+01
8.00E+00     1.932E+03     1.000E+01
9.00E+00     2.681E+03     1.000E+01
1.00E+01     3.344E+03     1.000E+01
