4        p ne20 na21                       mc10      2.43169e+00      
1.00E-03     0.000E+00     1.000E+00
2.00E-03     0.000E+00     1.000E+00
3.00E-03     0.000E+00     1.000E+00
4.00E-03     0.000E+00     1.000E+00
5.00E-03     0.000E+00     1.000E+00
6.00E-03     0.000E+00     1.000E+00
7.00E-03     0.000E+00     1.000E+00
8.00E-03     0.000E+00     1.000E+00
9.00E-03     0.000E+00     1.000E+00
1.00E-02     7.611E-29     1.380E+00
1.10E-02     1.093E-27     1.376E+00
1.20E-02     1.166E-26     1.372E+00
1.30E-02     9.572E-26     1.367E+00
1.40E-02     6.407E-25     1.362E+00
1.50E-02     3.593E-24     1.359E+00
1.60E-02     1.734E-23     1.356E+00
1.80E-02     2.796E-22     1.349E+00
2.00E-02     3.069E-21     1.342E+00
2.50E-02     3.654E-19     1.327E+00
3.00E-02     1.390E-17     1.314E+00
4.00E-02     2.733E-15     1.293E+00
5.00E-02     1.151E-13     1.274E+00
6.00E-02     1.977E-12     1.263E+00
7.00E-02     1.892E-11     1.251E+00
8.00E-02     1.232E-10     1.239E+00
9.00E-02     5.910E-10     1.235E+00
1.00E-01     2.288E-09     1.228E+00
1.10E-01     7.424E-09     1.223E+00
1.20E-01     2.111E-08     1.222E+00
1.30E-01     5.340E-08     1.213E+00
1.40E-01     1.241E-07     1.213E+00
1.50E-01     2.667E-07     1.208E+00
1.60E-01     5.348E-07     1.208E+00
1.80E-01     1.851E-06     1.205E+00
2.00E-01     5.392E-06     1.200E+00
2.50E-01     5.053E-05     1.174E+00
3.00E-01     3.092E-04     1.155E+00
3.50E-01     1.346E-03     1.137E+00
4.00E-01     4.356E-03     1.133E+00
4.50E-01     1.134E-02     1.133E+00
5.00E-01     2.476E-02     1.130E+00
6.00E-01     8.358E-02     1.135E+00
7.00E-01     2.089E-01     1.136E+00
8.00E-01     4.459E-01     1.142E+00
9.00E-01     8.901E-01     1.135E+00
1.00E+00     1.727E+00     1.125E+00
1.25E+00     7.943E+00     1.086E+00
1.50E+00     2.689E+01     1.063E+00
1.75E+00     6.756E+01     1.051E+00
2.00E+00     1.365E+02     1.046E+00
2.50E+00     3.682E+02     1.042E+00
3.00E+00     7.145E+02     1.047E+00
3.50E+00     1.143E+03     1.053E+00
4.00E+00     1.621E+03     1.060E+00
5.00E+00     2.619E+03     1.071E+00
6.00E+00     3.539E+03     1.082E+00
7.00E+00     4.294E+03     1.089E+00
8.00E+00     4.894E+03     1.093E+00
9.00E+00     5.328E+03     1.096E+00
1.00E+01     5.656E+03     1.100E+00
