4      he4 ne19 mg23                       taly      9.65000E+00      
1.00E-03     0.000E+00     1.000E+00
2.00E-03     0.000E+00     1.000E+00
3.00E-03     0.000E+00     1.000E+00
4.00E-03     0.000E+00     1.000E+00
5.00E-03     0.000E+00     1.000E+00
6.00E-03     0.000E+00     1.000E+00
7.00E-03     0.000E+00     1.000E+00
8.00E-03     0.000E+00     1.000E+00
9.00E-03     0.000E+00     1.000E+00
1.00E-02     0.000E+00     1.000E+00
1.10E-02     3.003E-98     1.000E+01
1.20E-02     9.017E-97     1.000E+01
1.30E-02     2.708E-95     1.000E+01
1.40E-02     8.131E-94     1.000E+01
1.50E-02     2.442E-92     1.000E+01
1.60E-02     7.332E-91     1.000E+01
1.80E-02     6.611E-88     1.000E+01
2.00E-02     5.962E-85     1.000E+01
2.50E-02     1.456E-77     1.000E+01
3.00E-02     3.554E-70     1.000E+01
4.00E-02     2.119E-55     1.000E+01
5.00E-02     1.263E-40     1.000E+01
6.00E-02     3.483E-38     1.000E+01
7.00E-02     9.603E-36     1.000E+01
8.00E-02     2.648E-33     1.000E+01
9.00E-02     7.300E-31     1.000E+01
1.00E-01     2.013E-28     1.000E+01
1.10E-01     2.374E-27     1.000E+01
1.20E-01     2.800E-26     1.000E+01
1.30E-01     3.302E-25     1.000E+01
1.40E-01     3.894E-24     1.000E+01
1.50E-01     4.592E-23     1.000E+01
1.60E-01     2.158E-22     1.000E+01
1.80E-01     4.768E-21     1.000E+01
2.00E-01     1.053E-19     1.000E+01
2.50E-01     2.532E-17     1.000E+01
3.00E-01     1.633E-15     1.000E+01
3.50E-01     3.349E-14     1.000E+01
4.00E-01     6.867E-13     1.000E+01
4.50E-01     5.800E-12     1.000E+01
5.00E-01     4.898E-11     1.000E+01
6.00E-01     1.239E-09     1.000E+01
7.00E-01     1.600E-08     1.000E+01
8.00E-01     1.296E-07     1.000E+01
9.00E-01     7.470E-07     1.000E+01
1.00E+00     3.332E-06     1.000E+01
1.25E+00     4.515E-05     1.000E+01
1.50E+00     6.118E-04     1.000E+01
1.75E+00     3.116E-03     1.000E+01
2.00E+00     1.588E-02     1.000E+01
2.50E+00     1.543E-01     1.000E+01
3.00E+00     8.321E-01     1.000E+01
3.50E+00     3.053E+00     1.000E+01
4.00E+00     8.577E+00     1.000E+01
5.00E+00     3.983E+01     1.000E+01
6.00E+00     1.177E+02     1.000E+01
7.00E+00     2.624E+02     1.000E+01
8.00E+00     4.849E+02     1.000E+01
9.00E+00     7.831E+02     1.000E+01
1.00E+01     1.141E+03     1.000E+01
