4        p ne19 na20                       mc10      2.19300e+00      
1.00E-03     0.000E+00     1.000E+00
2.00E-03     0.000E+00     1.000E+00
3.00E-03     0.000E+00     1.000E+00
4.00E-03     0.000E+00     1.000E+00
5.00E-03     0.000E+00     1.000E+00
6.00E-03     0.000E+00     1.000E+00
7.00E-03     0.000E+00     1.000E+00
8.00E-03     0.000E+00     1.000E+00
9.00E-03     0.000E+00     1.000E+00
1.00E-02     2.455E-31     1.441E+00
1.10E-02     3.864E-30     1.444E+00
1.20E-02     4.492E-29     1.443E+00
1.30E-02     4.002E-28     1.446E+00
1.40E-02     2.833E-27     1.445E+00
1.50E-02     1.700E-26     1.444E+00
1.60E-02     8.708E-26     1.447E+00
1.80E-02     1.560E-24     1.440E+00
2.00E-02     1.896E-23     1.442E+00
2.50E-02     2.762E-21     1.446E+00
3.00E-02     1.242E-19     1.437E+00
4.00E-02     3.111E-17     1.441E+00
5.00E-02     1.569E-15     1.439E+00
6.00E-02     3.173E-14     1.434E+00
7.00E-02     3.418E-13     1.445E+00
8.00E-02     2.461E-12     1.437E+00
9.00E-02     1.288E-11     1.437E+00
1.00E-01     5.404E-11     1.436E+00
1.10E-01     1.858E-10     1.439E+00
1.20E-01     5.697E-10     1.430E+00
1.30E-01     1.522E-09     1.440E+00
1.40E-01     3.699E-09     1.441E+00
1.50E-01     8.357E-09     1.437E+00
1.60E-01     1.759E-08     1.421E+00
1.80E-01     6.863E-08     1.409E+00
2.00E-01     2.712E-07     1.422E+00
2.50E-01     9.627E-06     1.798E+00
3.00E-01     2.015E-04     1.932E+00
3.50E-01     1.898E-03     1.938E+00
4.00E-01     9.998E-03     1.920E+00
4.50E-01     3.616E-02     1.900E+00
5.00E-01     9.996E-02     1.880E+00
6.00E-01     4.505E-01     1.841E+00
7.00E-01     1.317E+00     1.801E+00
8.00E-01     2.910E+00     1.759E+00
9.00E-01     5.374E+00     1.715E+00
1.00E+00     8.807E+00     1.672E+00
1.25E+00     2.114E+01     1.574E+00
1.50E+00     3.856E+01     1.500E+00
1.75E+00     5.870E+01     1.448E+00
2.00E+00     8.023E+01     1.411E+00
2.50E+00     1.229E+02     1.369E+00
3.00E+00     1.600E+02     1.348E+00
3.50E+00     1.895E+02     1.338E+00
4.00E+00     2.124E+02     1.334E+00
5.00E+00     2.419E+02     1.329E+00
6.00E+00     2.558E+02     1.328E+00
7.00E+00     2.605E+02     1.327E+00
8.00E+00     2.583E+02     1.327E+00
9.00E+00     2.519E+02     1.327E+00
1.00E+01     2.436E+02     1.328E+00
