4      he4 ne18 mg22                       taly      8.14300E+00      
1.00E-03     0.000E+00     1.000E+00
2.00E-03     0.000E+00     1.000E+00
3.00E-03     0.000E+00     1.000E+00
4.00E-03     0.000E+00     1.000E+00
5.00E-03     0.000E+00     1.000E+00
6.00E-03     0.000E+00     1.000E+00
7.00E-03     0.000E+00     1.000E+00
8.00E-03     0.000E+00     1.000E+00
9.00E-03     0.000E+00     1.000E+00
1.00E-02     0.000E+00     1.000E+00
1.10E-02     2.895E-98     1.000E+01
1.20E-02     8.384E-97     1.000E+01
1.30E-02     2.428E-95     1.000E+01
1.40E-02     7.029E-94     1.000E+01
1.50E-02     2.035E-92     1.000E+01
1.60E-02     5.893E-91     1.000E+01
1.80E-02     4.941E-88     1.000E+01
2.00E-02     4.142E-85     1.000E+01
2.50E-02     8.430E-78     1.000E+01
3.00E-02     1.716E-70     1.000E+01
4.00E-02     7.107E-56     1.000E+01
5.00E-02     2.944E-41     1.000E+01
6.00E-02     7.666E-39     1.000E+01
7.00E-02     1.996E-36     1.000E+01
8.00E-02     5.198E-34     1.000E+01
9.00E-02     1.353E-31     1.000E+01
1.00E-01     3.524E-29     1.000E+01
1.10E-01     4.162E-28     1.000E+01
1.20E-01     4.916E-27     1.000E+01
1.30E-01     5.806E-26     1.000E+01
1.40E-01     6.857E-25     1.000E+01
1.50E-01     8.098E-24     1.000E+01
1.60E-01     3.819E-23     1.000E+01
1.80E-01     8.496E-22     1.000E+01
2.00E-01     1.890E-20     1.000E+01
2.50E-01     4.627E-18     1.000E+01
3.00E-01     3.037E-16     1.000E+01
3.50E-01     6.335E-15     1.000E+01
4.00E-01     1.321E-13     1.000E+01
4.50E-01     1.134E-12     1.000E+01
5.00E-01     9.731E-12     1.000E+01
6.00E-01     2.539E-10     1.000E+01
7.00E-01     3.394E-09     1.000E+01
8.00E-01     2.864E-08     1.000E+01
9.00E-01     1.732E-07     1.000E+01
1.00E+00     8.146E-07     1.000E+01
1.25E+00     1.242E-05     1.000E+01
1.50E+00     1.894E-04     1.000E+01
1.75E+00     1.036E-03     1.000E+01
2.00E+00     5.671E-03     1.000E+01
2.50E+00     6.009E-02     1.000E+01
3.00E+00     3.419E-01     1.000E+01
3.50E+00     1.299E+00     1.000E+01
4.00E+00     3.736E+00     1.000E+01
5.00E+00     1.793E+01     1.000E+01
6.00E+00     5.443E+01     1.000E+01
7.00E+00     1.249E+02     1.000E+01
8.00E+00     2.385E+02     1.000E+01
9.00E+00     4.002E+02     1.000E+01
1.00E+01     6.103E+02     1.000E+01
