4      he4 ne20 mg24                       mc10      9.31655E+00      
1.00E-03     0.000E+00     1.000E+00
2.00E-03     0.000E+00     1.000E+00
3.00E-03     0.000E+00     1.000E+00
4.00E-03     0.000E+00     1.000E+00
5.00E-03     0.000E+00     1.000E+00
6.00E-03     0.000E+00     1.000E+00
7.00E-03     0.000E+00     1.000E+00
8.00E-03     0.000E+00     1.000E+00
9.00E-03     0.000E+00     1.000E+00
1.00E-02     1.959E-81     1.772E+00
1.10E-02     1.593E-78     1.763E+00
1.20E-02     5.994E-76     1.752E+00
1.30E-02     1.202E-73     1.756E+00
1.40E-02     1.463E-71     1.743E+00
1.50E-02     1.146E-69     1.746E+00
1.60E-02     6.236E-68     1.745E+00
1.80E-02     7.164E-65     1.734E+00
2.00E-02     3.095E-62     1.732E+00
2.50E-02     6.444E-57     1.730E+00
3.00E-02     1.645E-51     4.807E+00
4.00E-02     1.199E-42     8.935E+00
5.00E-02     2.373E-37     9.272E+00
6.00E-02     7.647E-34     9.318E+00
7.00E-02     2.367E-31     9.291E+00
8.00E-02     1.702E-29     9.272E+00
9.00E-02     4.640E-28     9.189E+00
1.00E-01     6.420E-27     9.070E+00
1.10E-01     5.434E-26     8.917E+00
1.20E-01     3.185E-25     8.706E+00
1.30E-01     1.408E-24     8.331E+00
1.40E-01     4.998E-24     7.538E+00
1.50E-01     1.514E-23     5.496E+00
1.60E-01     4.950E-23     2.974E+00
1.80E-01     5.750E-21     1.239E+00
2.00E-01     7.679E-19     1.229E+00
2.50E-01     5.537E-15     1.228E+00
3.00E-01     1.967E-12     1.228E+00
3.50E-01     1.260E-10     1.228E+00
4.00E-01     2.780E-09     1.227E+00
4.50E-01     3.026E-08     1.226E+00
5.00E-01     2.016E-07     1.224E+00
6.00E-01     3.399E-06     1.218E+00
7.00E-01     2.577E-05     1.205E+00
8.00E-01     1.257E-04     1.188E+00
9.00E-01     4.816E-04     1.182E+00
1.00E+00     1.601E-03     1.197E+00
1.25E+00     2.081E-02     1.222E+00
1.50E+00     1.479E-01     1.199E+00
1.75E+00     6.455E-01     1.169E+00
2.00E+00     1.989E+00     1.145E+00
2.50E+00     9.672E+00     1.116E+00
3.00E+00     2.743E+01     1.099E+00
3.50E+00     5.669E+01     1.088E+00
4.00E+00     9.589E+01     1.081E+00
5.00E+00     1.912E+02     1.070E+00
6.00E+00     2.887E+02     1.064E+00
7.00E+00     3.755E+02     1.059E+00
8.00E+00     4.489E+02     1.056E+00
9.00E+00     5.137E+02     1.055E+00
1.00E+01     6.118E+02     1.055E+00
