5        n ne21  he4  o18                  taly      6.97000E-01      
1.00E-03     1.080E+03     1.000E+01
2.00E-03     9.878E+02     1.000E+01
3.00E-03     9.034E+02     1.000E+01
4.00E-03     8.263E+02     1.000E+01
5.00E-03     7.557E+02     1.000E+01
6.00E-03     7.428E+02     1.000E+01
7.00E-03     7.302E+02     1.000E+01
8.00E-03     7.177E+02     1.000E+01
9.00E-03     7.055E+02     1.000E+01
1.00E-02     6.935E+02     1.000E+01
1.10E-02     6.917E+02     1.000E+01
1.20E-02     6.898E+02     1.000E+01
1.30E-02     6.880E+02     1.000E+01
1.40E-02     6.862E+02     1.000E+01
1.50E-02     6.844E+02     1.000E+01
1.60E-02     6.825E+02     1.000E+01
1.80E-02     6.789E+02     1.000E+01
2.00E-02     6.753E+02     1.000E+01
2.50E-02     6.664E+02     1.000E+01
3.00E-02     6.577E+02     1.000E+01
4.00E-02     6.404E+02     1.000E+01
5.00E-02     6.237E+02     1.000E+01
6.00E-02     6.231E+02     1.000E+01
7.00E-02     6.226E+02     1.000E+01
8.00E-02     6.221E+02     1.000E+01
9.00E-02     6.215E+02     1.000E+01
1.00E-01     6.210E+02     1.000E+01
1.10E-01     6.276E+02     1.000E+01
1.20E-01     6.343E+02     1.000E+01
1.30E-01     6.410E+02     1.000E+01
1.40E-01     6.478E+02     1.000E+01
1.50E-01     6.547E+02     1.000E+01
1.60E-01     6.656E+02     1.000E+01
1.80E-01     6.879E+02     1.000E+01
2.00E-01     7.109E+02     1.000E+01
2.50E-01     7.827E+02     1.000E+01
3.00E-01     8.687E+02     1.000E+01
3.50E-01     9.752E+02     1.000E+01
4.00E-01     1.095E+03     1.000E+01
4.50E-01     1.250E+03     1.000E+01
5.00E-01     1.428E+03     1.000E+01
6.00E-01     1.926E+03     1.000E+01
7.00E-01     2.669E+03     1.000E+01
8.00E-01     3.761E+03     1.000E+01
9.00E-01     5.341E+03     1.000E+01
1.00E+00     7.582E+03     1.000E+01
1.25E+00     1.674E+04     1.000E+01
1.50E+00     3.697E+04     1.000E+01
1.75E+00     6.825E+04     1.000E+01
2.00E+00     1.260E+05     1.000E+01
2.50E+00     3.240E+05     1.000E+01
3.00E+00     6.818E+05     1.000E+01
3.50E+00     1.243E+06     1.000E+01
4.00E+00     2.044E+06     1.000E+01
5.00E+00     4.487E+06     1.000E+01
6.00E+00     8.259E+06     1.000E+01
7.00E+00     1.361E+07     1.000E+01
8.00E+00     2.074E+07     1.000E+01
9.00E+00     2.973E+07     1.000E+01
1.00E+01     4.039E+07     1.000E+01
