5        n ne18    p  f18                  taly      5.22700E+00      
1.00E-03     3.407E+08     1.000E+01
2.00E-03     3.428E+08     1.000E+01
3.00E-03     3.450E+08     1.000E+01
4.00E-03     3.471E+08     1.000E+01
5.00E-03     3.493E+08     1.000E+01
6.00E-03     3.470E+08     1.000E+01
7.00E-03     3.446E+08     1.000E+01
8.00E-03     3.423E+08     1.000E+01
9.00E-03     3.400E+08     1.000E+01
1.00E-02     3.377E+08     1.000E+01
1.10E-02     3.374E+08     1.000E+01
1.20E-02     3.372E+08     1.000E+01
1.30E-02     3.370E+08     1.000E+01
1.40E-02     3.367E+08     1.000E+01
1.50E-02     3.365E+08     1.000E+01
1.60E-02     3.362E+08     1.000E+01
1.80E-02     3.358E+08     1.000E+01
2.00E-02     3.353E+08     1.000E+01
2.50E-02     3.341E+08     1.000E+01
3.00E-02     3.329E+08     1.000E+01
4.00E-02     3.306E+08     1.000E+01
5.00E-02     3.282E+08     1.000E+01
6.00E-02     3.280E+08     1.000E+01
7.00E-02     3.277E+08     1.000E+01
8.00E-02     3.274E+08     1.000E+01
9.00E-02     3.271E+08     1.000E+01
1.00E-01     3.268E+08     1.000E+01
1.10E-01     3.270E+08     1.000E+01
1.20E-01     3.273E+08     1.000E+01
1.30E-01     3.275E+08     1.000E+01
1.40E-01     3.278E+08     1.000E+01
1.50E-01     3.280E+08     1.000E+01
1.60E-01     3.287E+08     1.000E+01
1.80E-01     3.299E+08     1.000E+01
2.00E-01     3.312E+08     1.000E+01
2.50E-01     3.352E+08     1.000E+01
3.00E-01     3.394E+08     1.000E+01
3.50E-01     3.433E+08     1.000E+01
4.00E-01     3.473E+08     1.000E+01
4.50E-01     3.510E+08     1.000E+01
5.00E-01     3.547E+08     1.000E+01
6.00E-01     3.621E+08     1.000E+01
7.00E-01     3.695E+08     1.000E+01
8.00E-01     3.772E+08     1.000E+01
9.00E-01     3.851E+08     1.000E+01
1.00E+00     3.930E+08     1.000E+01
1.25E+00     4.129E+08     1.000E+01
1.50E+00     4.338E+08     1.000E+01
1.75E+00     4.534E+08     1.000E+01
2.00E+00     4.739E+08     1.000E+01
2.50E+00     5.117E+08     1.000E+01
3.00E+00     5.466E+08     1.000E+01
3.50E+00     5.785E+08     1.000E+01
4.00E+00     6.074E+08     1.000E+01
5.00E+00     6.564E+08     1.000E+01
6.00E+00     6.939E+08     1.000E+01
7.00E+00     7.199E+08     1.000E+01
8.00E+00     7.351E+08     1.000E+01
9.00E+00     7.407E+08     1.000E+01
1.00E+01     7.377E+08     1.000E+01
