5      he4 ne18    p na21                  mo14      2.63821E+00      
1.00E-03     0.000E+00     1.000E+00
2.00E-03     0.000E+00     1.000E+00
3.00E-03     0.000E+00     1.000E+00
4.00E-03     0.000E+00     1.000E+00
5.00E-03     0.000E+00     1.000E+00
6.00E-03     0.000E+00     1.000E+00
7.00E-03     0.000E+00     1.000E+00
8.00E-03     0.000E+00     1.000E+00
9.00E-03     0.000E+00     1.000E+00
1.00E-02     5.887E-79     1.884E+01
1.10E-02     3.097E-77     2.101E+01
1.20E-02     8.209E-76     2.310E+01
1.30E-02     1.307E-74     2.510E+01
1.40E-02     1.386E-73     2.698E+01
1.50E-02     1.073E-72     2.879E+01
1.60E-02     6.401E-72     3.048E+01
1.80E-02     1.237E-70     3.355E+01
2.00E-02     1.287E-69     3.631E+01
2.50E-02     8.450E-68     4.197E+01
3.00E-02     1.303E-66     3.882E+01
4.00E-02     7.231E-55     3.463E+00
5.00E-02     1.626E-45     3.297E+00
6.00E-02     2.666E-39     3.206E+00
7.00E-02     7.043E-35     3.149E+00
8.00E-02     1.429E-31     3.105E+00
9.00E-02     5.249E-29     3.056E+00
1.00E-01     5.855E-27     2.989E+00
1.10E-01     2.786E-25     2.881E+00
1.20E-01     7.232E-24     2.724E+00
1.30E-01     1.220E-22     2.559E+00
1.40E-01     1.509E-21     2.434E+00
1.50E-01     1.449E-20     2.375E+00
1.60E-01     1.135E-19     2.371E+00
1.80E-01     4.497E-18     2.431E+00
2.00E-01     1.146E-16     2.488E+00
2.50E-01     6.094E-14     2.511E+00
3.00E-01     5.053E-12     2.356E+00
3.50E-01     1.584E-10     2.149E+00
4.00E-01     2.777E-09     2.092E+00
4.50E-01     3.052E-08     2.150E+00
5.00E-01     2.373E-07     2.201E+00
6.00E-01     7.110E-06     2.084E+00
7.00E-01     1.252E-04     1.859E+00
8.00E-01     1.437E-03     1.739E+00
9.00E-01     1.111E-02     1.699E+00
1.00E+00     6.117E-02     1.679E+00
1.25E+00     1.439E+00     1.625E+00
1.50E+00     1.245E+01     1.564E+00
1.75E+00     5.988E+01     1.508E+00
2.00E+00     1.995E+02     1.459E+00
2.50E+00     1.187E+03     1.383E+00
3.00E+00     4.535E+03     1.331E+00
3.50E+00     1.380E+04     1.319E+00
4.00E+00     3.729E+04     1.328E+00
5.00E+00     1.746E+05     1.328E+00
6.00E+00     5.044E+05     1.328E+00
7.00E+00     1.066E+06     1.328E+00
8.00E+00     1.819E+06     1.328E+00
9.00E+00     2.668E+06     1.328E+00
1.00E+01     3.884E+06     1.328E+00
