5      he4 ne19    p na22                  taly      2.07000E+00      
1.00E-03     0.000E+00     1.000E+00
2.00E-03     0.000E+00     1.000E+00
3.00E-03     0.000E+00     1.000E+00
4.00E-03     0.000E+00     1.000E+00
5.00E-03     0.000E+00     1.000E+00
6.00E-03     0.000E+00     1.000E+00
7.00E-03     0.000E+00     1.000E+00
8.00E-03     0.000E+00     1.000E+00
9.00E-03     0.000E+00     1.000E+00
1.00E-02     0.000E+00     1.000E+00
1.10E-02     3.672E-98     1.000E+01
1.20E-02     1.348E-96     1.000E+01
1.30E-02     4.950E-95     1.000E+01
1.40E-02     1.818E-93     1.000E+01
1.50E-02     6.674E-92     1.000E+01
1.60E-02     2.450E-90     1.000E+01
1.80E-02     3.304E-87     1.000E+01
2.00E-02     4.454E-84     1.000E+01
2.50E-02     2.973E-76     1.000E+01
3.00E-02     1.984E-68     1.000E+01
4.00E-02     8.836E-53     1.000E+01
5.00E-02     3.935E-37     1.000E+01
6.00E-02     1.102E-34     1.000E+01
7.00E-02     3.086E-32     1.000E+01
8.00E-02     8.641E-30     1.000E+01
9.00E-02     2.420E-27     1.000E+01
1.00E-01     6.776E-25     1.000E+01
1.10E-01     8.156E-24     1.000E+01
1.20E-01     9.817E-23     1.000E+01
1.30E-01     1.182E-21     1.000E+01
1.40E-01     1.422E-20     1.000E+01
1.50E-01     1.712E-19     1.000E+01
1.60E-01     8.186E-19     1.000E+01
1.80E-01     1.872E-17     1.000E+01
2.00E-01     4.281E-16     1.000E+01
2.50E-01     1.110E-13     1.000E+01
3.00E-01     7.654E-12     1.000E+01
3.50E-01     1.664E-10     1.000E+01
4.00E-01     3.616E-09     1.000E+01
4.50E-01     3.207E-08     1.000E+01
5.00E-01     2.844E-07     1.000E+01
6.00E-01     7.829E-06     1.000E+01
7.00E-01     1.093E-04     1.000E+01
8.00E-01     9.543E-04     1.000E+01
9.00E-01     5.917E-03     1.000E+01
1.00E+00     2.829E-02     1.000E+01
1.25E+00     4.294E-01     1.000E+01
1.50E+00     6.519E+00     1.000E+01
1.75E+00     3.443E+01     1.000E+01
2.00E+00     1.819E+02     1.000E+01
2.50E+00     1.799E+03     1.000E+01
3.00E+00     9.732E+03     1.000E+01
3.50E+00     3.567E+04     1.000E+01
4.00E+00     1.001E+05     1.000E+01
5.00E+00     4.659E+05     1.000E+01
6.00E+00     1.388E+06     1.000E+01
7.00E+00     3.132E+06     1.000E+01
8.00E+00     5.867E+06     1.000E+01
9.00E+00     9.606E+06     1.000E+01
1.00E+01     1.417E+07     1.000E+01
