4        n ne19 ne20                       taly      1.68650E+01      
1.00E-03     3.299E+04     1.000E+01
2.00E-03     3.322E+04     1.000E+01
3.00E-03     3.344E+04     1.000E+01
4.00E-03     3.366E+04     1.000E+01
5.00E-03     3.388E+04     1.000E+01
6.00E-03     3.367E+04     1.000E+01
7.00E-03     3.345E+04     1.000E+01
8.00E-03     3.324E+04     1.000E+01
9.00E-03     3.302E+04     1.000E+01
1.00E-02     3.281E+04     1.000E+01
1.10E-02     3.280E+04     1.000E+01
1.20E-02     3.279E+04     1.000E+01
1.30E-02     3.278E+04     1.000E+01
1.40E-02     3.276E+04     1.000E+01
1.50E-02     3.275E+04     1.000E+01
1.60E-02     3.274E+04     1.000E+01
1.80E-02     3.272E+04     1.000E+01
2.00E-02     3.269E+04     1.000E+01
2.50E-02     3.264E+04     1.000E+01
3.00E-02     3.258E+04     1.000E+01
4.00E-02     3.246E+04     1.000E+01
5.00E-02     3.235E+04     1.000E+01
6.00E-02     3.243E+04     1.000E+01
7.00E-02     3.251E+04     1.000E+01
8.00E-02     3.259E+04     1.000E+01
9.00E-02     3.267E+04     1.000E+01
1.00E-01     3.274E+04     1.000E+01
1.10E-01     3.288E+04     1.000E+01
1.20E-01     3.301E+04     1.000E+01
1.30E-01     3.314E+04     1.000E+01
1.40E-01     3.328E+04     1.000E+01
1.50E-01     3.341E+04     1.000E+01
1.60E-01     3.358E+04     1.000E+01
1.80E-01     3.392E+04     1.000E+01
2.00E-01     3.427E+04     1.000E+01
2.50E-01     3.521E+04     1.000E+01
3.00E-01     3.616E+04     1.000E+01
3.50E-01     3.708E+04     1.000E+01
4.00E-01     3.799E+04     1.000E+01
4.50E-01     3.886E+04     1.000E+01
5.00E-01     3.974E+04     1.000E+01
6.00E-01     4.147E+04     1.000E+01
7.00E-01     4.318E+04     1.000E+01
8.00E-01     4.485E+04     1.000E+01
9.00E-01     4.647E+04     1.000E+01
1.00E+00     4.803E+04     1.000E+01
1.25E+00     5.155E+04     1.000E+01
1.50E+00     5.506E+04     1.000E+01
1.75E+00     5.808E+04     1.000E+01
2.00E+00     6.111E+04     1.000E+01
2.50E+00     6.645E+04     1.000E+01
3.00E+00     7.119E+04     1.000E+01
3.50E+00     7.543E+04     1.000E+01
4.00E+00     7.922E+04     1.000E+01
5.00E+00     8.562E+04     1.000E+01
6.00E+00     9.062E+04     1.000E+01
7.00E+00     9.435E+04     1.000E+01
8.00E+00     9.681E+04     1.000E+01
9.00E+00     9.783E+04     1.000E+01
1.00E+01     9.710E+04     1.000E+01
