5        n ne18  he4  o15                  taly      8.10800E+00      
1.00E-03     9.036E+07     1.000E+01
2.00E-03     9.093E+07     1.000E+01
3.00E-03     9.151E+07     1.000E+01
4.00E-03     9.208E+07     1.000E+01
5.00E-03     9.266E+07     1.000E+01
6.00E-03     9.204E+07     1.000E+01
7.00E-03     9.141E+07     1.000E+01
8.00E-03     9.080E+07     1.000E+01
9.00E-03     9.018E+07     1.000E+01
1.00E-02     8.957E+07     1.000E+01
1.10E-02     8.951E+07     1.000E+01
1.20E-02     8.945E+07     1.000E+01
1.30E-02     8.938E+07     1.000E+01
1.40E-02     8.932E+07     1.000E+01
1.50E-02     8.926E+07     1.000E+01
1.60E-02     8.919E+07     1.000E+01
1.80E-02     8.907E+07     1.000E+01
2.00E-02     8.894E+07     1.000E+01
2.50E-02     8.863E+07     1.000E+01
3.00E-02     8.831E+07     1.000E+01
4.00E-02     8.769E+07     1.000E+01
5.00E-02     8.707E+07     1.000E+01
6.00E-02     8.699E+07     1.000E+01
7.00E-02     8.691E+07     1.000E+01
8.00E-02     8.683E+07     1.000E+01
9.00E-02     8.674E+07     1.000E+01
1.00E-01     8.666E+07     1.000E+01
1.10E-01     8.672E+07     1.000E+01
1.20E-01     8.678E+07     1.000E+01
1.30E-01     8.684E+07     1.000E+01
1.40E-01     8.690E+07     1.000E+01
1.50E-01     8.696E+07     1.000E+01
1.60E-01     8.712E+07     1.000E+01
1.80E-01     8.744E+07     1.000E+01
2.00E-01     8.776E+07     1.000E+01
2.50E-01     8.878E+07     1.000E+01
3.00E-01     8.985E+07     1.000E+01
3.50E-01     9.084E+07     1.000E+01
4.00E-01     9.184E+07     1.000E+01
4.50E-01     9.277E+07     1.000E+01
5.00E-01     9.370E+07     1.000E+01
6.00E-01     9.553E+07     1.000E+01
7.00E-01     9.740E+07     1.000E+01
8.00E-01     9.932E+07     1.000E+01
9.00E-01     1.013E+08     1.000E+01
1.00E+00     1.033E+08     1.000E+01
1.25E+00     1.084E+08     1.000E+01
1.50E+00     1.138E+08     1.000E+01
1.75E+00     1.191E+08     1.000E+01
2.00E+00     1.246E+08     1.000E+01
2.50E+00     1.352E+08     1.000E+01
3.00E+00     1.458E+08     1.000E+01
3.50E+00     1.562E+08     1.000E+01
4.00E+00     1.667E+08     1.000E+01
5.00E+00     1.881E+08     1.000E+01
6.00E+00     2.101E+08     1.000E+01
7.00E+00     2.317E+08     1.000E+01
8.00E+00     2.518E+08     1.000E+01
9.00E+00     2.690E+08     1.000E+01
1.00E+01     2.825E+08     1.000E+01
