4        p ne21 na22                       mc10      6.73960e+00      
1.00E-03     0.000E+00     1.000E+00
2.00E-03     0.000E+00     1.000E+00
3.00E-03     0.000E+00     1.000E+00
4.00E-03     0.000E+00     1.000E+00
5.00E-03     0.000E+00     1.000E+00
6.00E-03     0.000E+00     1.000E+00
7.00E-03     0.000E+00     1.000E+00
8.00E-03     0.000E+00     1.000E+00
9.00E-03     0.000E+00     1.000E+00
1.00E-02     5.849E-27     1.160E+02
1.10E-02     3.225E-26     1.061E+02
1.20E-02     1.261E-25     9.313E+01
1.30E-02     3.994E-25     7.976E+01
1.40E-02     1.089E-24     6.655E+01
1.50E-02     2.760E-24     5.487E+01
1.60E-02     6.594E-24     4.488E+01
1.80E-02     5.768E-23     2.987E+01
2.00E-02     5.362E-22     2.045E+01
2.50E-02     6.397E-20     8.688E+00
3.00E-02     9.420E-18     3.022E+00
4.00E-02     4.510E-13     1.223E+00
5.00E-02     3.534E-10     1.218E+00
6.00E-02     2.879E-08     1.218E+00
7.00E-02     6.441E-07     1.218E+00
8.00E-02     6.453E-06     1.218E+00
9.00E-02     3.793E-05     1.218E+00
1.00E-01     1.539E-04     1.218E+00
1.10E-01     4.779E-04     1.218E+00
1.20E-01     1.217E-03     1.217E+00
1.30E-01     2.670E-03     1.216E+00
1.40E-01     5.236E-03     1.213E+00
1.50E-01     9.464E-03     1.206E+00
1.60E-01     1.613E-02     1.197E+00
1.80E-01     4.262E-02     1.167E+00
2.00E-01     1.069E-01     1.138E+00
2.50E-01     8.426E-01     1.129E+00
3.00E-01     4.115E+00     1.142E+00
3.50E-01     1.314E+01     1.147E+00
4.00E-01     3.130E+01     1.147E+00
4.50E-01     6.114E+01     1.146E+00
5.00E-01     1.042E+02     1.142E+00
6.00E-01     2.336E+02     1.132E+00
7.00E-01     4.272E+02     1.119E+00
8.00E-01     6.937E+02     1.107E+00
9.00E-01     1.042E+03     1.097E+00
1.00E+00     1.479E+03     1.089E+00
1.25E+00     2.941E+03     1.077E+00
1.50E+00     4.838E+03     1.070E+00
1.75E+00     6.974E+03     1.064E+00
2.00E+00     9.166E+03     1.060E+00
2.50E+00     1.339E+04     1.053E+00
3.00E+00     1.710E+04     1.048E+00
3.50E+00     2.023E+04     1.045E+00
4.00E+00     2.282E+04     1.044E+00
5.00E+00     2.656E+04     1.044E+00
6.00E+00     2.879E+04     1.046E+00
7.00E+00     2.992E+04     1.048E+00
8.00E+00     3.029E+04     1.050E+00
9.00E+00     3.021E+04     1.052E+00
1.00E+01     3.185E+04     1.052E+00
