5        n ne19  he4  o16                  taly      1.21350E+01      
1.00E-03     2.021E+08     1.000E+01
2.00E-03     2.034E+08     1.000E+01
3.00E-03     2.047E+08     1.000E+01
4.00E-03     2.060E+08     1.000E+01
5.00E-03     2.074E+08     1.000E+01
6.00E-03     2.060E+08     1.000E+01
7.00E-03     2.047E+08     1.000E+01
8.00E-03     2.033E+08     1.000E+01
9.00E-03     2.020E+08     1.000E+01
1.00E-02     2.006E+08     1.000E+01
1.10E-02     2.005E+08     1.000E+01
1.20E-02     2.004E+08     1.000E+01
1.30E-02     2.003E+08     1.000E+01
1.40E-02     2.002E+08     1.000E+01
1.50E-02     2.001E+08     1.000E+01
1.60E-02     2.000E+08     1.000E+01
1.80E-02     1.997E+08     1.000E+01
2.00E-02     1.995E+08     1.000E+01
2.50E-02     1.990E+08     1.000E+01
3.00E-02     1.984E+08     1.000E+01
4.00E-02     1.973E+08     1.000E+01
5.00E-02     1.963E+08     1.000E+01
6.00E-02     1.963E+08     1.000E+01
7.00E-02     1.964E+08     1.000E+01
8.00E-02     1.965E+08     1.000E+01
9.00E-02     1.966E+08     1.000E+01
1.00E-01     1.967E+08     1.000E+01
1.10E-01     1.971E+08     1.000E+01
1.20E-01     1.976E+08     1.000E+01
1.30E-01     1.980E+08     1.000E+01
1.40E-01     1.984E+08     1.000E+01
1.50E-01     1.988E+08     1.000E+01
1.60E-01     1.994E+08     1.000E+01
1.80E-01     2.007E+08     1.000E+01
2.00E-01     2.020E+08     1.000E+01
2.50E-01     2.057E+08     1.000E+01
3.00E-01     2.096E+08     1.000E+01
3.50E-01     2.132E+08     1.000E+01
4.00E-01     2.170E+08     1.000E+01
4.50E-01     2.207E+08     1.000E+01
5.00E-01     2.246E+08     1.000E+01
6.00E-01     2.326E+08     1.000E+01
7.00E-01     2.413E+08     1.000E+01
8.00E-01     2.504E+08     1.000E+01
9.00E-01     2.598E+08     1.000E+01
1.00E+00     2.692E+08     1.000E+01
1.25E+00     2.910E+08     1.000E+01
1.50E+00     3.145E+08     1.000E+01
1.75E+00     3.339E+08     1.000E+01
2.00E+00     3.545E+08     1.000E+01
2.50E+00     3.892E+08     1.000E+01
3.00E+00     4.194E+08     1.000E+01
3.50E+00     4.455E+08     1.000E+01
4.00E+00     4.683E+08     1.000E+01
5.00E+00     5.052E+08     1.000E+01
6.00E+00     5.325E+08     1.000E+01
7.00E+00     5.514E+08     1.000E+01
8.00E+00     5.623E+08     1.000E+01
9.00E+00     5.644E+08     1.000E+01
1.00E+01     5.562E+08     1.000E+01
