4        p ni60 cu61                       taly      4.80000E+00      
1.00E-03     0.000E+00     1.000E+00
2.00E-03     0.000E+00     1.000E+00
3.00E-03     0.000E+00     1.000E+00
4.00E-03     0.000E+00     1.000E+00
5.00E-03     0.000E+00     1.000E+00
6.00E-03     0.000E+00     1.000E+00
7.00E-03     0.000E+00     1.000E+00
8.00E-03     0.000E+00     1.000E+00
9.00E-03     0.000E+00     1.000E+00
1.00E-02     0.000E+00     1.000E+00
1.10E-02     5.590E-98     1.000E+01
1.20E-02     3.125E-96     1.000E+01
1.30E-02     1.747E-94     1.000E+01
1.40E-02     9.763E-93     1.000E+01
1.50E-02     5.457E-91     1.000E+01
1.60E-02     3.051E-89     1.000E+01
1.80E-02     9.532E-86     1.000E+01
2.00E-02     2.978E-82     1.000E+01
2.50E-02     1.625E-73     1.000E+01
3.00E-02     8.870E-65     1.000E+01
4.00E-02     2.642E-47     1.000E+01
5.00E-02     7.868E-30     1.000E+01
6.00E-02     6.539E-28     1.000E+01
7.00E-02     5.435E-26     1.000E+01
8.00E-02     4.517E-24     1.000E+01
9.00E-02     3.755E-22     1.000E+01
1.00E-01     3.121E-20     1.000E+01
1.10E-01     2.480E-19     1.000E+01
1.20E-01     1.971E-18     1.000E+01
1.30E-01     1.566E-17     1.000E+01
1.40E-01     1.245E-16     1.000E+01
1.50E-01     9.893E-16     1.000E+01
1.60E-01     3.640E-15     1.000E+01
1.80E-01     4.927E-14     1.000E+01
2.00E-01     6.670E-13     1.000E+01
2.50E-01     6.858E-11     1.000E+01
3.00E-01     2.339E-09     1.000E+01
3.50E-01     3.043E-08     1.000E+01
4.00E-01     3.960E-07     1.000E+01
4.50E-01     2.433E-06     1.000E+01
5.00E-01     1.495E-05     1.000E+01
6.00E-01     2.322E-04     1.000E+01
7.00E-01     2.008E-03     1.000E+01
8.00E-01     1.151E-02     1.000E+01
9.00E-01     4.879E-02     1.000E+01
1.00E+00     1.646E-01     1.000E+01
1.25E+00     1.238E+00     1.000E+01
1.50E+00     9.308E+00     1.000E+01
1.75E+00     2.952E+01     1.000E+01
2.00E+00     9.364E+01     1.000E+01
2.50E+00     4.338E+02     1.000E+01
3.00E+00     1.321E+03     1.000E+01
3.50E+00     3.100E+03     1.000E+01
4.00E+00     6.076E+03     1.000E+01
5.00E+00     1.538E+04     1.000E+01
6.00E+00     2.332E+04     1.000E+01
7.00E+00     2.418E+04     1.000E+01
8.00E+00     2.165E+04     1.000E+01
9.00E+00     1.907E+04     1.000E+01
1.00E+01     1.717E+04     1.000E+01
