5        n ni54  he4 fe51                  taly      6.62500E+00      
1.00E-03     8.366E+04     1.000E+01
2.00E-03     8.396E+04     1.000E+01
3.00E-03     8.426E+04     1.000E+01
4.00E-03     8.456E+04     1.000E+01
5.00E-03     8.486E+04     1.000E+01
6.00E-03     8.417E+04     1.000E+01
7.00E-03     8.349E+04     1.000E+01
8.00E-03     8.281E+04     1.000E+01
9.00E-03     8.214E+04     1.000E+01
1.00E-02     8.147E+04     1.000E+01
1.10E-02     8.136E+04     1.000E+01
1.20E-02     8.125E+04     1.000E+01
1.30E-02     8.114E+04     1.000E+01
1.40E-02     8.103E+04     1.000E+01
1.50E-02     8.093E+04     1.000E+01
1.60E-02     8.082E+04     1.000E+01
1.80E-02     8.060E+04     1.000E+01
2.00E-02     8.039E+04     1.000E+01
2.50E-02     7.985E+04     1.000E+01
3.00E-02     7.931E+04     1.000E+01
4.00E-02     7.826E+04     1.000E+01
5.00E-02     7.721E+04     1.000E+01
6.00E-02     7.696E+04     1.000E+01
7.00E-02     7.671E+04     1.000E+01
8.00E-02     7.646E+04     1.000E+01
9.00E-02     7.621E+04     1.000E+01
1.00E-01     7.596E+04     1.000E+01
1.10E-01     7.594E+04     1.000E+01
1.20E-01     7.592E+04     1.000E+01
1.30E-01     7.590E+04     1.000E+01
1.40E-01     7.588E+04     1.000E+01
1.50E-01     7.586E+04     1.000E+01
1.60E-01     7.598E+04     1.000E+01
1.80E-01     7.624E+04     1.000E+01
2.00E-01     7.649E+04     1.000E+01
2.50E-01     7.753E+04     1.000E+01
3.00E-01     7.876E+04     1.000E+01
3.50E-01     8.014E+04     1.000E+01
4.00E-01     8.155E+04     1.000E+01
4.50E-01     8.313E+04     1.000E+01
5.00E-01     8.474E+04     1.000E+01
6.00E-01     8.842E+04     1.000E+01
7.00E-01     9.263E+04     1.000E+01
8.00E-01     9.738E+04     1.000E+01
9.00E-01     1.027E+05     1.000E+01
1.00E+00     1.086E+05     1.000E+01
1.25E+00     1.264E+05     1.000E+01
1.50E+00     1.471E+05     1.000E+01
1.75E+00     1.729E+05     1.000E+01
2.00E+00     2.033E+05     1.000E+01
2.50E+00     2.832E+05     1.000E+01
3.00E+00     3.956E+05     1.000E+01
3.50E+00     5.487E+05     1.000E+01
4.00E+00     7.466E+05     1.000E+01
5.00E+00     1.212E+06     1.000E+01
6.00E+00     1.486E+06     1.000E+01
7.00E+00     1.454E+06     1.000E+01
8.00E+00     1.326E+06     1.000E+01
9.00E+00     1.212E+06     1.000E+01
1.00E+01     1.121E+06     1.000E+01
