5      he4 ni53    p cu56                  taly      3.74300E+00      
1.00E-03     0.000E+00     1.000E+00
2.00E-03     0.000E+00     1.000E+00
3.00E-03     0.000E+00     1.000E+00
4.00E-03     0.000E+00     1.000E+00
5.00E-03     0.000E+00     1.000E+00
6.00E-03     0.000E+00     1.000E+00
7.00E-03     0.000E+00     1.000E+00
8.00E-03     0.000E+00     1.000E+00
9.00E-03     0.000E+00     1.000E+00
1.00E-02     0.000E+00     1.000E+00
1.10E-02     0.000E+00     1.000E+00
1.20E-02     0.000E+00     1.000E+00
1.30E-02     0.000E+00     1.000E+00
1.40E-02     0.000E+00     1.000E+00
1.50E-02     0.000E+00     1.000E+00
1.60E-02     0.000E+00     1.000E+00
1.80E-02     0.000E+00     1.000E+00
2.00E-02     0.000E+00     1.000E+00
2.50E-02     0.000E+00     1.000E+00
3.00E-02     0.000E+00     1.000E+00
4.00E-02     0.000E+00     1.000E+00
5.00E-02     0.000E+00     1.000E+00
6.00E-02     0.000E+00     1.000E+00
7.00E-02     0.000E+00     1.000E+00
8.00E-02     0.000E+00     1.000E+00
9.00E-02     0.000E+00     1.000E+00
1.00E-01     0.000E+00     1.000E+00
1.10E-01     0.000E+00     1.000E+00
1.20E-01     0.000E+00     1.000E+00
1.30E-01     0.000E+00     1.000E+00
1.40E-01     0.000E+00     1.000E+00
1.50E-01     0.000E+00     1.000E+00
1.60E-01     3.648E-89     1.000E+01
1.80E-01     4.856E-68     1.000E+01
2.00E-01     6.464E-47     1.000E+01
2.50E-01     9.914E-41     1.000E+01
3.00E-01     1.734E-36     1.000E+01
3.50E-01     1.303E-33     1.000E+01
4.00E-01     9.796E-31     1.000E+01
4.50E-01     9.585E-29     1.000E+01
5.00E-01     9.379E-27     1.000E+01
6.00E-01     9.799E-24     1.000E+01
7.00E-01     2.453E-21     1.000E+01
8.00E-01     2.269E-19     1.000E+01
9.00E-01     1.014E-17     1.000E+01
1.00E+00     2.609E-16     1.000E+01
1.25E+00     6.672E-14     1.000E+01
1.50E+00     1.706E-11     1.000E+01
1.75E+00     4.293E-10     1.000E+01
2.00E+00     1.080E-08     1.000E+01
2.50E+00     7.710E-07     1.000E+01
3.00E+00     1.684E-05     1.000E+01
3.50E+00     1.790E-04     1.000E+01
4.00E+00     1.178E-03     1.000E+01
5.00E+00     1.990E-02     1.000E+01
6.00E+00     1.490E-01     1.000E+01
7.00E+00     6.618E-01     1.000E+01
8.00E+00     2.060E+00     1.000E+01
9.00E+00     4.969E+00     1.000E+01
1.00E+01     9.913E+00     1.000E+01
