4        n ni59 ni60                       taly      1.13880E+01      
1.00E-03     1.084E+08     1.000E+01
2.00E-03     9.589E+07     1.000E+01
3.00E-03     8.333E+07     1.000E+01
4.00E-03     7.078E+07     1.000E+01
5.00E-03     5.823E+07     1.000E+01
6.00E-03     5.529E+07     1.000E+01
7.00E-03     5.235E+07     1.000E+01
8.00E-03     4.942E+07     1.000E+01
9.00E-03     4.648E+07     1.000E+01
1.00E-02     4.354E+07     1.000E+01
1.10E-02     4.304E+07     1.000E+01
1.20E-02     4.254E+07     1.000E+01
1.30E-02     4.203E+07     1.000E+01
1.40E-02     4.153E+07     1.000E+01
1.50E-02     4.103E+07     1.000E+01
1.60E-02     4.052E+07     1.000E+01
1.80E-02     3.952E+07     1.000E+01
2.00E-02     3.851E+07     1.000E+01
2.50E-02     3.600E+07     1.000E+01
3.00E-02     3.348E+07     1.000E+01
4.00E-02     2.845E+07     1.000E+01
5.00E-02     2.342E+07     1.000E+01
6.00E-02     2.250E+07     1.000E+01
7.00E-02     2.157E+07     1.000E+01
8.00E-02     2.065E+07     1.000E+01
9.00E-02     1.973E+07     1.000E+01
1.00E-01     1.880E+07     1.000E+01
1.10E-01     1.840E+07     1.000E+01
1.20E-01     1.800E+07     1.000E+01
1.30E-01     1.760E+07     1.000E+01
1.40E-01     1.719E+07     1.000E+01
1.50E-01     1.679E+07     1.000E+01
1.60E-01     1.656E+07     1.000E+01
1.80E-01     1.611E+07     1.000E+01
2.00E-01     1.565E+07     1.000E+01
2.50E-01     1.491E+07     1.000E+01
3.00E-01     1.439E+07     1.000E+01
3.50E-01     1.403E+07     1.000E+01
4.00E-01     1.366E+07     1.000E+01
4.50E-01     1.342E+07     1.000E+01
5.00E-01     1.317E+07     1.000E+01
6.00E-01     1.279E+07     1.000E+01
7.00E-01     1.247E+07     1.000E+01
8.00E-01     1.220E+07     1.000E+01
9.00E-01     1.194E+07     1.000E+01
1.00E+00     1.171E+07     1.000E+01
1.25E+00     1.117E+07     1.000E+01
1.50E+00     1.064E+07     1.000E+01
1.75E+00     1.020E+07     1.000E+01
2.00E+00     9.761E+06     1.000E+01
2.50E+00     9.051E+06     1.000E+01
3.00E+00     8.445E+06     1.000E+01
3.50E+00     7.880E+06     1.000E+01
4.00E+00     7.290E+06     1.000E+01
5.00E+00     5.828E+06     1.000E+01
6.00E+00     4.062E+06     1.000E+01
7.00E+00     2.564E+06     1.000E+01
8.00E+00     1.596E+06     1.000E+01
9.00E+00     1.034E+06     1.000E+01
1.00E+01     7.061E+05     1.000E+01
