5      he4 ni55    p cu58                  taly      1.46800E+00      
1.00E-03     0.000E+00     1.000E+00
2.00E-03     0.000E+00     1.000E+00
3.00E-03     0.000E+00     1.000E+00
4.00E-03     0.000E+00     1.000E+00
5.00E-03     0.000E+00     1.000E+00
6.00E-03     0.000E+00     1.000E+00
7.00E-03     0.000E+00     1.000E+00
8.00E-03     0.000E+00     1.000E+00
9.00E-03     0.000E+00     1.000E+00
1.00E-02     0.000E+00     1.000E+00
1.10E-02     0.000E+00     1.000E+00
1.20E-02     0.000E+00     1.000E+00
1.30E-02     0.000E+00     1.000E+00
1.40E-02     0.000E+00     1.000E+00
1.50E-02     0.000E+00     1.000E+00
1.60E-02     0.000E+00     1.000E+00
1.80E-02     0.000E+00     1.000E+00
2.00E-02     0.000E+00     1.000E+00
2.50E-02     0.000E+00     1.000E+00
3.00E-02     0.000E+00     1.000E+00
4.00E-02     0.000E+00     1.000E+00
5.00E-02     0.000E+00     1.000E+00
6.00E-02     0.000E+00     1.000E+00
7.00E-02     0.000E+00     1.000E+00
8.00E-02     0.000E+00     1.000E+00
9.00E-02     0.000E+00     1.000E+00
1.00E-01     0.000E+00     1.000E+00
1.10E-01     0.000E+00     1.000E+00
1.20E-01     0.000E+00     1.000E+00
1.30E-01     0.000E+00     1.000E+00
1.40E-01     0.000E+00     1.000E+00
1.50E-01     0.000E+00     1.000E+00
1.60E-01     5.052E-89     1.000E+01
1.80E-01     1.289E-67     1.000E+01
2.00E-01     3.290E-46     1.000E+01
2.50E-01     5.052E-40     1.000E+01
3.00E-01     8.725E-36     1.000E+01
3.50E-01     6.377E-33     1.000E+01
4.00E-01     4.661E-30     1.000E+01
4.50E-01     4.420E-28     1.000E+01
5.00E-01     4.192E-26     1.000E+01
6.00E-01     4.177E-23     1.000E+01
7.00E-01     1.013E-20     1.000E+01
8.00E-01     9.230E-19     1.000E+01
9.00E-01     4.135E-17     1.000E+01
1.00E+00     1.087E-15     1.000E+01
1.25E+00     3.375E-13     1.000E+01
1.50E+00     1.048E-10     1.000E+01
1.75E+00     3.755E-09     1.000E+01
2.00E+00     1.346E-07     1.000E+01
2.50E+00     2.116E-05     1.000E+01
3.00E+00     9.717E-04     1.000E+01
3.50E+00     1.972E-02     1.000E+01
4.00E+00     2.231E-01     1.000E+01
5.00E+00     8.514E+00     1.000E+01
6.00E+00     1.113E+02     1.000E+01
7.00E+00     7.216E+02     1.000E+01
8.00E+00     2.729E+03     1.000E+01
9.00E+00     6.272E+03     1.000E+01
1.00E+01     9.315E+03     1.000E+01
