4      he4 ni54 zn58                       taly      5.50000E+00      
1.00E-03     0.000E+00     1.000E+00
2.00E-03     0.000E+00     1.000E+00
3.00E-03     0.000E+00     1.000E+00
4.00E-03     0.000E+00     1.000E+00
5.00E-03     0.000E+00     1.000E+00
6.00E-03     0.000E+00     1.000E+00
7.00E-03     0.000E+00     1.000E+00
8.00E-03     0.000E+00     1.000E+00
9.00E-03     0.000E+00     1.000E+00
1.00E-02     0.000E+00     1.000E+00
1.10E-02     0.000E+00     1.000E+00
1.20E-02     0.000E+00     1.000E+00
1.30E-02     0.000E+00     1.000E+00
1.40E-02     0.000E+00     1.000E+00
1.50E-02     0.000E+00     1.000E+00
1.60E-02     0.000E+00     1.000E+00
1.80E-02     0.000E+00     1.000E+00
2.00E-02     0.000E+00     1.000E+00
2.50E-02     0.000E+00     1.000E+00
3.00E-02     0.000E+00     1.000E+00
4.00E-02     0.000E+00     1.000E+00
5.00E-02     0.000E+00     1.000E+00
6.00E-02     0.000E+00     1.000E+00
7.00E-02     0.000E+00     1.000E+00
8.00E-02     0.000E+00     1.000E+00
9.00E-02     0.000E+00     1.000E+00
1.00E-01     0.000E+00     1.000E+00
1.10E-01     0.000E+00     1.000E+00
1.20E-01     0.000E+00     1.000E+00
1.30E-01     0.000E+00     1.000E+00
1.40E-01     0.000E+00     1.000E+00
1.50E-01     0.000E+00     1.000E+00
1.60E-01     1.175E-89     1.000E+01
1.80E-01     1.623E-69     1.000E+01
2.00E-01     2.241E-49     1.000E+01
2.50E-01     2.717E-43     1.000E+01
3.00E-01     3.054E-39     1.000E+01
3.50E-01     1.231E-36     1.000E+01
4.00E-01     4.965E-34     1.000E+01
4.50E-01     3.560E-32     1.000E+01
5.00E-01     2.553E-30     1.000E+01
6.00E-01     2.460E-27     1.000E+01
7.00E-01     6.075E-25     1.000E+01
8.00E-01     5.486E-23     1.000E+01
9.00E-01     2.405E-21     1.000E+01
1.00E+00     6.285E-20     1.000E+01
1.25E+00     2.293E-17     1.000E+01
1.50E+00     8.368E-15     1.000E+01
1.75E+00     3.666E-13     1.000E+01
2.00E+00     1.606E-11     1.000E+01
2.50E+00     3.264E-09     1.000E+01
3.00E+00     1.655E-07     1.000E+01
3.50E+00     3.292E-06     1.000E+01
4.00E+00     3.361E-05     1.000E+01
5.00E+00     8.646E-04     1.000E+01
6.00E+00     5.939E-03     1.000E+01
7.00E+00     1.807E-02     1.000E+01
8.00E+00     3.675E-02     1.000E+01
9.00E+00     6.211E-02     1.000E+01
1.00E+01     9.523E-02     1.000E+01
