4        p ni55 cu56                       taly      1.92000E-01      
1.00E-03     0.000E+00     1.000E+00
2.00E-03     0.000E+00     1.000E+00
3.00E-03     0.000E+00     1.000E+00
4.00E-03     0.000E+00     1.000E+00
5.00E-03     0.000E+00     1.000E+00
6.00E-03     0.000E+00     1.000E+00
7.00E-03     0.000E+00     1.000E+00
8.00E-03     0.000E+00     1.000E+00
9.00E-03     0.000E+00     1.000E+00
1.00E-02     0.000E+00     1.000E+00
1.10E-02     5.643E-98     1.000E+01
1.20E-02     3.184E-96     1.000E+01
1.30E-02     1.797E-94     1.000E+01
1.40E-02     1.014E-92     1.000E+01
1.50E-02     5.720E-91     1.000E+01
1.60E-02     3.228E-89     1.000E+01
1.80E-02     1.028E-85     1.000E+01
2.00E-02     3.272E-82     1.000E+01
2.50E-02     1.872E-73     1.000E+01
3.00E-02     1.071E-64     1.000E+01
4.00E-02     3.503E-47     1.000E+01
5.00E-02     1.146E-29     1.000E+01
6.00E-02     9.445E-28     1.000E+01
7.00E-02     7.783E-26     1.000E+01
8.00E-02     6.413E-24     1.000E+01
9.00E-02     5.284E-22     1.000E+01
1.00E-01     4.354E-20     1.000E+01
1.10E-01     3.434E-19     1.000E+01
1.20E-01     2.709E-18     1.000E+01
1.30E-01     2.137E-17     1.000E+01
1.40E-01     1.685E-16     1.000E+01
1.50E-01     1.329E-15     1.000E+01
1.60E-01     4.851E-15     1.000E+01
1.80E-01     6.462E-14     1.000E+01
2.00E-01     8.608E-13     1.000E+01
2.50E-01     8.034E-11     1.000E+01
3.00E-01     2.332E-09     1.000E+01
3.50E-01     2.387E-08     1.000E+01
4.00E-01     2.444E-07     1.000E+01
4.50E-01     1.124E-06     1.000E+01
5.00E-01     5.170E-06     1.000E+01
6.00E-01     4.478E-05     1.000E+01
7.00E-01     2.247E-04     1.000E+01
8.00E-01     7.887E-04     1.000E+01
9.00E-01     2.164E-03     1.000E+01
1.00E+00     4.971E-03     1.000E+01
1.25E+00     1.903E-02     1.000E+01
1.50E+00     7.285E-02     1.000E+01
1.75E+00     1.567E-01     1.000E+01
2.00E+00     3.371E-01     1.000E+01
2.50E+00     9.624E-01     1.000E+01
3.00E+00     2.140E+00     1.000E+01
3.50E+00     4.103E+00     1.000E+01
4.00E+00     7.146E+00     1.000E+01
5.00E+00     1.803E+01     1.000E+01
6.00E+00     3.861E+01     1.000E+01
7.00E+00     7.235E+01     1.000E+01
8.00E+00     1.146E+02     1.000E+01
9.00E+00     1.419E+02     1.000E+01
1.00E+01     1.360E+02     1.000E+01
