4        p ni58 cu59                       taly      3.41900E+00      
1.00E-03     0.000E+00     1.000E+00
2.00E-03     0.000E+00     1.000E+00
3.00E-03     0.000E+00     1.000E+00
4.00E-03     0.000E+00     1.000E+00
5.00E-03     0.000E+00     1.000E+00
6.00E-03     0.000E+00     1.000E+00
7.00E-03     0.000E+00     1.000E+00
8.00E-03     0.000E+00     1.000E+00
9.00E-03     0.000E+00     1.000E+00
1.00E-02     0.000E+00     1.000E+00
1.10E-02     5.548E-98     1.000E+01
1.20E-02     3.078E-96     1.000E+01
1.30E-02     1.708E-94     1.000E+01
1.40E-02     9.474E-93     1.000E+01
1.50E-02     5.256E-91     1.000E+01
1.60E-02     2.916E-89     1.000E+01
1.80E-02     8.976E-86     1.000E+01
2.00E-02     2.763E-82     1.000E+01
2.50E-02     1.452E-73     1.000E+01
3.00E-02     7.634E-65     1.000E+01
4.00E-02     2.109E-47     1.000E+01
5.00E-02     5.828E-30     1.000E+01
6.00E-02     4.835E-28     1.000E+01
7.00E-02     4.012E-26     1.000E+01
8.00E-02     3.328E-24     1.000E+01
9.00E-02     2.761E-22     1.000E+01
1.00E-01     2.291E-20     1.000E+01
1.10E-01     1.819E-19     1.000E+01
1.20E-01     1.444E-18     1.000E+01
1.30E-01     1.146E-17     1.000E+01
1.40E-01     9.096E-17     1.000E+01
1.50E-01     7.221E-16     1.000E+01
1.60E-01     2.661E-15     1.000E+01
1.80E-01     3.613E-14     1.000E+01
2.00E-01     4.906E-13     1.000E+01
2.50E-01     5.036E-11     1.000E+01
3.00E-01     1.714E-09     1.000E+01
3.50E-01     2.218E-08     1.000E+01
4.00E-01     2.871E-07     1.000E+01
4.50E-01     1.736E-06     1.000E+01
5.00E-01     1.050E-05     1.000E+01
6.00E-01     1.538E-04     1.000E+01
7.00E-01     1.230E-03     1.000E+01
8.00E-01     6.458E-03     1.000E+01
9.00E-01     2.503E-02     1.000E+01
1.00E+00     7.738E-02     1.000E+01
1.25E+00     4.865E-01     1.000E+01
1.50E+00     3.059E+00     1.000E+01
1.75E+00     8.562E+00     1.000E+01
2.00E+00     2.396E+01     1.000E+01
2.50E+00     9.184E+01     1.000E+01
3.00E+00     2.406E+02     1.000E+01
3.50E+00     5.008E+02     1.000E+01
4.00E+00     8.944E+02     1.000E+01
5.00E+00     2.049E+03     1.000E+01
6.00E+00     3.112E+03     1.000E+01
7.00E+00     3.182E+03     1.000E+01
8.00E+00     2.597E+03     1.000E+01
9.00E+00     2.009E+03     1.000E+01
1.00E+01     1.586E+03     1.000E+01
