4        p ni57 cu58                       taly      2.87300E+00      
1.00E-03     0.000E+00     1.000E+00
2.00E-03     0.000E+00     1.000E+00
3.00E-03     0.000E+00     1.000E+00
4.00E-03     0.000E+00     1.000E+00
5.00E-03     0.000E+00     1.000E+00
6.00E-03     0.000E+00     1.000E+00
7.00E-03     0.000E+00     1.000E+00
8.00E-03     0.000E+00     1.000E+00
9.00E-03     0.000E+00     1.000E+00
1.00E-02     0.000E+00     1.000E+00
1.10E-02     5.632E-98     1.000E+01
1.20E-02     3.172E-96     1.000E+01
1.30E-02     1.787E-94     1.000E+01
1.40E-02     1.006E-92     1.000E+01
1.50E-02     5.668E-91     1.000E+01
1.60E-02     3.192E-89     1.000E+01
1.80E-02     1.013E-85     1.000E+01
2.00E-02     3.212E-82     1.000E+01
2.50E-02     1.821E-73     1.000E+01
3.00E-02     1.032E-64     1.000E+01
4.00E-02     3.315E-47     1.000E+01
5.00E-02     1.065E-29     1.000E+01
6.00E-02     8.479E-28     1.000E+01
7.00E-02     6.751E-26     1.000E+01
8.00E-02     5.375E-24     1.000E+01
9.00E-02     4.280E-22     1.000E+01
1.00E-01     3.408E-20     1.000E+01
1.10E-01     2.695E-19     1.000E+01
1.20E-01     2.131E-18     1.000E+01
1.30E-01     1.685E-17     1.000E+01
1.40E-01     1.332E-16     1.000E+01
1.50E-01     1.054E-15     1.000E+01
1.60E-01     3.870E-15     1.000E+01
1.80E-01     5.222E-14     1.000E+01
2.00E-01     7.046E-13     1.000E+01
2.50E-01     7.126E-11     1.000E+01
3.00E-01     2.386E-09     1.000E+01
3.50E-01     3.014E-08     1.000E+01
4.00E-01     3.806E-07     1.000E+01
4.50E-01     2.211E-06     1.000E+01
5.00E-01     1.284E-05     1.000E+01
6.00E-01     1.701E-04     1.000E+01
7.00E-01     1.223E-03     1.000E+01
8.00E-01     5.788E-03     1.000E+01
9.00E-01     2.034E-02     1.000E+01
1.00E+00     5.743E-02     1.000E+01
1.25E+00     3.010E-01     1.000E+01
1.50E+00     1.578E+00     1.000E+01
1.75E+00     3.867E+00     1.000E+01
2.00E+00     9.479E+00     1.000E+01
2.50E+00     2.940E+01     1.000E+01
3.00E+00     6.448E+01     1.000E+01
3.50E+00     1.155E+02     1.000E+01
4.00E+00     1.823E+02     1.000E+01
5.00E+00     3.592E+02     1.000E+01
6.00E+00     5.659E+02     1.000E+01
7.00E+00     7.042E+02     1.000E+01
8.00E+00     6.855E+02     1.000E+01
9.00E+00     5.704E+02     1.000E+01
1.00E+01     4.525E+02     1.000E+01
