4        n ni55 ni56                       taly      1.66430E+01      
1.00E-03     5.537E+04     1.000E+01
2.00E-03     5.555E+04     1.000E+01
3.00E-03     5.572E+04     1.000E+01
4.00E-03     5.590E+04     1.000E+01
5.00E-03     5.607E+04     1.000E+01
6.00E-03     5.560E+04     1.000E+01
7.00E-03     5.512E+04     1.000E+01
8.00E-03     5.465E+04     1.000E+01
9.00E-03     5.418E+04     1.000E+01
1.00E-02     5.370E+04     1.000E+01
1.10E-02     5.360E+04     1.000E+01
1.20E-02     5.350E+04     1.000E+01
1.30E-02     5.340E+04     1.000E+01
1.40E-02     5.331E+04     1.000E+01
1.50E-02     5.321E+04     1.000E+01
1.60E-02     5.311E+04     1.000E+01
1.80E-02     5.291E+04     1.000E+01
2.00E-02     5.271E+04     1.000E+01
2.50E-02     5.222E+04     1.000E+01
3.00E-02     5.172E+04     1.000E+01
4.00E-02     5.073E+04     1.000E+01
5.00E-02     4.975E+04     1.000E+01
6.00E-02     4.930E+04     1.000E+01
7.00E-02     4.885E+04     1.000E+01
8.00E-02     4.840E+04     1.000E+01
9.00E-02     4.795E+04     1.000E+01
1.00E-01     4.750E+04     1.000E+01
1.10E-01     4.720E+04     1.000E+01
1.20E-01     4.690E+04     1.000E+01
1.30E-01     4.659E+04     1.000E+01
1.40E-01     4.629E+04     1.000E+01
1.50E-01     4.599E+04     1.000E+01
1.60E-01     4.578E+04     1.000E+01
1.80E-01     4.535E+04     1.000E+01
2.00E-01     4.492E+04     1.000E+01
2.50E-01     4.410E+04     1.000E+01
3.00E-01     4.340E+04     1.000E+01
3.50E-01     4.280E+04     1.000E+01
4.00E-01     4.220E+04     1.000E+01
4.50E-01     4.168E+04     1.000E+01
5.00E-01     4.116E+04     1.000E+01
6.00E-01     4.026E+04     1.000E+01
7.00E-01     3.950E+04     1.000E+01
8.00E-01     3.886E+04     1.000E+01
9.00E-01     3.832E+04     1.000E+01
1.00E+00     3.787E+04     1.000E+01
1.25E+00     3.723E+04     1.000E+01
1.50E+00     3.659E+04     1.000E+01
1.75E+00     3.644E+04     1.000E+01
2.00E+00     3.629E+04     1.000E+01
2.50E+00     3.649E+04     1.000E+01
3.00E+00     3.693E+04     1.000E+01
3.50E+00     3.748E+04     1.000E+01
4.00E+00     3.806E+04     1.000E+01
5.00E+00     3.911E+04     1.000E+01
6.00E+00     3.972E+04     1.000E+01
7.00E+00     3.907E+04     1.000E+01
8.00E+00     3.516E+04     1.000E+01
9.00E+00     2.647E+04     1.000E+01
1.00E+01     1.637E+04     1.000E+01
