4      he4 ni57 zn61                       taly      2.69100E+00      
1.00E-03     0.000E+00     1.000E+00
2.00E-03     0.000E+00     1.000E+00
3.00E-03     0.000E+00     1.000E+00
4.00E-03     0.000E+00     1.000E+00
5.00E-03     0.000E+00     1.000E+00
6.00E-03     0.000E+00     1.000E+00
7.00E-03     0.000E+00     1.000E+00
8.00E-03     0.000E+00     1.000E+00
9.00E-03     0.000E+00     1.000E+00
1.00E-02     0.000E+00     1.000E+00
1.10E-02     0.000E+00     1.000E+00
1.20E-02     0.000E+00     1.000E+00
1.30E-02     0.000E+00     1.000E+00
1.40E-02     0.000E+00     1.000E+00
1.50E-02     0.000E+00     1.000E+00
1.60E-02     0.000E+00     1.000E+00
1.80E-02     0.000E+00     1.000E+00
2.00E-02     0.000E+00     1.000E+00
2.50E-02     0.000E+00     1.000E+00
3.00E-02     0.000E+00     1.000E+00
4.00E-02     0.000E+00     1.000E+00
5.00E-02     0.000E+00     1.000E+00
6.00E-02     0.000E+00     1.000E+00
7.00E-02     0.000E+00     1.000E+00
8.00E-02     0.000E+00     1.000E+00
9.00E-02     0.000E+00     1.000E+00
1.00E-01     0.000E+00     1.000E+00
1.10E-01     0.000E+00     1.000E+00
1.20E-01     0.000E+00     1.000E+00
1.30E-01     0.000E+00     1.000E+00
1.40E-01     0.000E+00     1.000E+00
1.50E-01     0.000E+00     1.000E+00
1.60E-01     3.493E-89     1.000E+01
1.80E-01     4.263E-68     1.000E+01
2.00E-01     5.201E-47     1.000E+01
2.50E-01     9.763E-41     1.000E+01
3.00E-01     1.921E-36     1.000E+01
3.50E-01     1.529E-33     1.000E+01
4.00E-01     1.216E-30     1.000E+01
4.50E-01     1.228E-28     1.000E+01
5.00E-01     1.239E-26     1.000E+01
6.00E-01     1.375E-23     1.000E+01
7.00E-01     3.730E-21     1.000E+01
8.00E-01     3.805E-19     1.000E+01
9.00E-01     1.886E-17     1.000E+01
1.00E+00     5.393E-16     1.000E+01
1.25E+00     1.762E-13     1.000E+01
1.50E+00     5.755E-11     1.000E+01
1.75E+00     1.595E-09     1.000E+01
2.00E+00     4.423E-08     1.000E+01
2.50E+00     2.950E-06     1.000E+01
3.00E+00     5.238E-05     1.000E+01
3.50E+00     4.270E-04     1.000E+01
4.00E+00     2.138E-03     1.000E+01
5.00E+00     2.286E-02     1.000E+01
6.00E+00     1.271E-01     1.000E+01
7.00E+00     4.466E-01     1.000E+01
8.00E+00     1.045E+00     1.000E+01
9.00E+00     1.824E+00     1.000E+01
1.00E+01     2.707E+00     1.000E+01
