4        n ni58 ni59                       taex      8.99900E+00      
1.00E-03     2.319E+07     1.044E+00
2.00E-03     2.035E+07     1.044E+00
3.00E-03     1.751E+07     1.044E+00
4.00E-03     1.467E+07     1.044E+00
5.00E-03     1.183E+07     1.044E+00
6.00E-03     1.126E+07     1.044E+00
7.00E-03     1.069E+07     1.044E+00
8.00E-03     1.012E+07     1.044E+00
9.00E-03     9.545E+06     1.044E+00
1.00E-02     8.973E+06     1.044E+00
1.10E-02     8.890E+06     1.044E+00
1.20E-02     8.807E+06     1.044E+00
1.30E-02     8.724E+06     1.044E+00
1.40E-02     8.641E+06     1.044E+00
1.50E-02     8.558E+06     1.044E+00
1.60E-02     8.475E+06     1.044E+00
1.80E-02     8.309E+06     1.044E+00
2.00E-02     8.143E+06     1.044E+00
2.50E-02     7.728E+06     1.044E+00
3.00E-02     7.313E+06     1.044E+00
4.00E-02     6.482E+06     1.044E+00
5.00E-02     5.652E+06     1.044E+00
6.00E-02     5.529E+06     1.044E+00
7.00E-02     5.405E+06     1.044E+00
8.00E-02     5.282E+06     1.044E+00
9.00E-02     5.159E+06     1.044E+00
1.00E-01     5.036E+06     1.044E+00
1.10E-01     4.999E+06     1.044E+00
1.20E-01     4.963E+06     1.044E+00
1.30E-01     4.927E+06     1.044E+00
1.40E-01     4.891E+06     1.044E+00
1.50E-01     4.855E+06     1.044E+00
1.60E-01     4.848E+06     1.044E+00
1.80E-01     4.834E+06     1.044E+00
2.00E-01     4.821E+06     1.044E+00
2.50E-01     4.844E+06     1.044E+00
3.00E-01     4.886E+06     1.044E+00
3.50E-01     4.930E+06     1.044E+00
4.00E-01     4.975E+06     1.044E+00
4.50E-01     5.011E+06     1.044E+00
5.00E-01     5.047E+06     1.044E+00
6.00E-01     5.106E+06     1.044E+00
7.00E-01     5.155E+06     1.044E+00
8.00E-01     5.198E+06     1.044E+00
9.00E-01     5.238E+06     1.044E+00
1.00E+00     5.276E+06     1.044E+00
1.25E+00     5.373E+06     1.044E+00
1.50E+00     5.469E+06     1.044E+00
1.75E+00     5.578E+06     1.044E+00
2.00E+00     5.688E+06     1.044E+00
2.50E+00     5.932E+06     1.044E+00
3.00E+00     6.183E+06     1.044E+00
3.50E+00     6.417E+06     1.044E+00
4.00E+00     6.599E+06     1.044E+00
5.00E+00     6.533E+06     1.044E+00
6.00E+00     5.296E+06     1.044E+00
7.00E+00     3.277E+06     1.044E+00
8.00E+00     1.758E+06     1.044E+00
9.00E+00     9.494E+05     1.044E+00
1.00E+01     5.475E+05     1.044E+00
