4      he4 ni53 zn57                       taly      5.34000E+00      
1.00E-03     0.000E+00     1.000E+00
2.00E-03     0.000E+00     1.000E+00
3.00E-03     0.000E+00     1.000E+00
4.00E-03     0.000E+00     1.000E+00
5.00E-03     0.000E+00     1.000E+00
6.00E-03     0.000E+00     1.000E+00
7.00E-03     0.000E+00     1.000E+00
8.00E-03     0.000E+00     1.000E+00
9.00E-03     0.000E+00     1.000E+00
1.00E-02     0.000E+00     1.000E+00
1.10E-02     0.000E+00     1.000E+00
1.20E-02     0.000E+00     1.000E+00
1.30E-02     0.000E+00     1.000E+00
1.40E-02     0.000E+00     1.000E+00
1.50E-02     0.000E+00     1.000E+00
1.60E-02     0.000E+00     1.000E+00
1.80E-02     0.000E+00     1.000E+00
2.00E-02     0.000E+00     1.000E+00
2.50E-02     0.000E+00     1.000E+00
3.00E-02     0.000E+00     1.000E+00
4.00E-02     0.000E+00     1.000E+00
5.00E-02     0.000E+00     1.000E+00
6.00E-02     0.000E+00     1.000E+00
7.00E-02     0.000E+00     1.000E+00
8.00E-02     0.000E+00     1.000E+00
9.00E-02     0.000E+00     1.000E+00
1.00E-01     0.000E+00     1.000E+00
1.10E-01     0.000E+00     1.000E+00
1.20E-01     0.000E+00     1.000E+00
1.30E-01     0.000E+00     1.000E+00
1.40E-01     0.000E+00     1.000E+00
1.50E-01     0.000E+00     1.000E+00
1.60E-01     1.181E-89     1.000E+01
1.80E-01     1.649E-69     1.000E+01
2.00E-01     2.302E-49     1.000E+01
2.50E-01     2.741E-43     1.000E+01
3.00E-01     2.954E-39     1.000E+01
3.50E-01     9.747E-37     1.000E+01
4.00E-01     3.216E-34     1.000E+01
4.50E-01     1.347E-32     1.000E+01
5.00E-01     5.642E-31     1.000E+01
6.00E-01     3.387E-28     1.000E+01
7.00E-01     8.295E-26     1.000E+01
8.00E-01     8.051E-24     1.000E+01
9.00E-01     3.815E-22     1.000E+01
1.00E+00     1.044E-20     1.000E+01
1.25E+00     3.117E-18     1.000E+01
1.50E+00     9.306E-16     1.000E+01
1.75E+00     2.731E-14     1.000E+01
2.00E+00     8.013E-13     1.000E+01
2.50E+00     7.704E-11     1.000E+01
3.00E+00     2.234E-09     1.000E+01
3.50E+00     3.085E-08     1.000E+01
4.00E+00     2.555E-07     1.000E+01
5.00E+00     6.161E-06     1.000E+01
6.00E+00     5.905E-05     1.000E+01
7.00E+00     3.154E-04     1.000E+01
8.00E+00     1.141E-03     1.000E+01
9.00E+00     3.141E-03     1.000E+01
1.00E+01     7.074E-03     1.000E+01
