4        n ni57 ni58                       taly      1.22160E+01      
1.00E-03     3.673E+07     1.000E+01
2.00E-03     3.457E+07     1.000E+01
3.00E-03     3.241E+07     1.000E+01
4.00E-03     3.025E+07     1.000E+01
5.00E-03     2.809E+07     1.000E+01
6.00E-03     2.720E+07     1.000E+01
7.00E-03     2.632E+07     1.000E+01
8.00E-03     2.543E+07     1.000E+01
9.00E-03     2.455E+07     1.000E+01
1.00E-02     2.366E+07     1.000E+01
1.10E-02     2.346E+07     1.000E+01
1.20E-02     2.325E+07     1.000E+01
1.30E-02     2.305E+07     1.000E+01
1.40E-02     2.284E+07     1.000E+01
1.50E-02     2.264E+07     1.000E+01
1.60E-02     2.243E+07     1.000E+01
1.80E-02     2.202E+07     1.000E+01
2.00E-02     2.161E+07     1.000E+01
2.50E-02     2.059E+07     1.000E+01
3.00E-02     1.956E+07     1.000E+01
4.00E-02     1.751E+07     1.000E+01
5.00E-02     1.546E+07     1.000E+01
6.00E-02     1.493E+07     1.000E+01
7.00E-02     1.441E+07     1.000E+01
8.00E-02     1.388E+07     1.000E+01
9.00E-02     1.335E+07     1.000E+01
1.00E-01     1.282E+07     1.000E+01
1.10E-01     1.256E+07     1.000E+01
1.20E-01     1.230E+07     1.000E+01
1.30E-01     1.204E+07     1.000E+01
1.40E-01     1.178E+07     1.000E+01
1.50E-01     1.152E+07     1.000E+01
1.60E-01     1.136E+07     1.000E+01
1.80E-01     1.104E+07     1.000E+01
2.00E-01     1.072E+07     1.000E+01
2.50E-01     1.018E+07     1.000E+01
3.00E-01     9.772E+06     1.000E+01
3.50E-01     9.480E+06     1.000E+01
4.00E-01     9.188E+06     1.000E+01
4.50E-01     8.980E+06     1.000E+01
5.00E-01     8.773E+06     1.000E+01
6.00E-01     8.461E+06     1.000E+01
7.00E-01     8.217E+06     1.000E+01
8.00E-01     8.024E+06     1.000E+01
9.00E-01     7.868E+06     1.000E+01
1.00E+00     7.741E+06     1.000E+01
1.25E+00     7.549E+06     1.000E+01
1.50E+00     7.357E+06     1.000E+01
1.75E+00     7.259E+06     1.000E+01
2.00E+00     7.161E+06     1.000E+01
2.50E+00     7.020E+06     1.000E+01
3.00E+00     6.893E+06     1.000E+01
3.50E+00     6.770E+06     1.000E+01
4.00E+00     6.648E+06     1.000E+01
5.00E+00     6.360E+06     1.000E+01
6.00E+00     5.783E+06     1.000E+01
7.00E+00     4.589E+06     1.000E+01
8.00E+00     3.047E+06     1.000E+01
9.00E+00     1.822E+06     1.000E+01
1.00E+01     1.086E+06     1.000E+01
