4      he4 ni52 zn56                       taly      4.53000E+00      
1.00E-03     0.000E+00     1.000E+00
2.00E-03     0.000E+00     1.000E+00
3.00E-03     0.000E+00     1.000E+00
4.00E-03     0.000E+00     1.000E+00
5.00E-03     0.000E+00     1.000E+00
6.00E-03     0.000E+00     1.000E+00
7.00E-03     0.000E+00     1.000E+00
8.00E-03     0.000E+00     1.000E+00
9.00E-03     0.000E+00     1.000E+00
1.00E-02     0.000E+00     1.000E+00
1.10E-02     0.000E+00     1.000E+00
1.20E-02     0.000E+00     1.000E+00
1.30E-02     0.000E+00     1.000E+00
1.40E-02     0.000E+00     1.000E+00
1.50E-02     0.000E+00     1.000E+00
1.60E-02     0.000E+00     1.000E+00
1.80E-02     0.000E+00     1.000E+00
2.00E-02     0.000E+00     1.000E+00
2.50E-02     0.000E+00     1.000E+00
3.00E-02     0.000E+00     1.000E+00
4.00E-02     0.000E+00     1.000E+00
5.00E-02     0.000E+00     1.000E+00
6.00E-02     0.000E+00     1.000E+00
7.00E-02     0.000E+00     1.000E+00
8.00E-02     0.000E+00     1.000E+00
9.00E-02     0.000E+00     1.000E+00
1.00E-01     0.000E+00     1.000E+00
1.10E-01     0.000E+00     1.000E+00
1.20E-01     0.000E+00     1.000E+00
1.30E-01     0.000E+00     1.000E+00
1.40E-01     0.000E+00     1.000E+00
1.50E-01     0.000E+00     1.000E+00
1.60E-01     9.776E-90     1.000E+01
1.80E-01     9.342E-70     1.000E+01
2.00E-01     8.928E-50     1.000E+01
2.50E-01     1.291E-43     1.000E+01
3.00E-01     1.582E-39     1.000E+01
3.50E-01     5.581E-37     1.000E+01
4.00E-01     1.969E-34     1.000E+01
4.50E-01     7.676E-33     1.000E+01
5.00E-01     2.993E-31     1.000E+01
6.00E-01     1.275E-28     1.000E+01
7.00E-01     2.777E-26     1.000E+01
8.00E-01     2.587E-24     1.000E+01
9.00E-01     1.192E-22     1.000E+01
1.00E+00     3.166E-21     1.000E+01
1.25E+00     8.271E-19     1.000E+01
1.50E+00     2.161E-16     1.000E+01
1.75E+00     5.889E-15     1.000E+01
2.00E+00     1.604E-13     1.000E+01
2.50E+00     1.586E-11     1.000E+01
3.00E+00     4.898E-10     1.000E+01
3.50E+00     7.154E-09     1.000E+01
4.00E+00     6.231E-08     1.000E+01
5.00E+00     1.663E-06     1.000E+01
6.00E+00     1.765E-05     1.000E+01
7.00E+00     1.033E-04     1.000E+01
8.00E+00     4.032E-04     1.000E+01
9.00E+00     1.180E-03     1.000E+01
1.00E+01     2.790E-03     1.000E+01
