4      he4 ni60 zn64                       taly      3.95600E+00      
1.00E-03     0.000E+00     1.000E+00
2.00E-03     0.000E+00     1.000E+00
3.00E-03     0.000E+00     1.000E+00
4.00E-03     0.000E+00     1.000E+00
5.00E-03     0.000E+00     1.000E+00
6.00E-03     0.000E+00     1.000E+00
7.00E-03     0.000E+00     1.000E+00
8.00E-03     0.000E+00     1.000E+00
9.00E-03     0.000E+00     1.000E+00
1.00E-02     0.000E+00     1.000E+00
1.10E-02     0.000E+00     1.000E+00
1.20E-02     0.000E+00     1.000E+00
1.30E-02     0.000E+00     1.000E+00
1.40E-02     0.000E+00     1.000E+00
1.50E-02     0.000E+00     1.000E+00
1.60E-02     0.000E+00     1.000E+00
1.80E-02     0.000E+00     1.000E+00
2.00E-02     0.000E+00     1.000E+00
2.50E-02     0.000E+00     1.000E+00
3.00E-02     0.000E+00     1.000E+00
4.00E-02     0.000E+00     1.000E+00
5.00E-02     0.000E+00     1.000E+00
6.00E-02     0.000E+00     1.000E+00
7.00E-02     0.000E+00     1.000E+00
8.00E-02     0.000E+00     1.000E+00
9.00E-02     0.000E+00     1.000E+00
1.00E-01     0.000E+00     1.000E+00
1.10E-01     0.000E+00     1.000E+00
1.20E-01     0.000E+00     1.000E+00
1.30E-01     0.000E+00     1.000E+00
1.40E-01     0.000E+00     1.000E+00
1.50E-01     0.000E+00     1.000E+00
1.60E-01     2.840E-89     1.000E+01
1.80E-01     2.291E-68     1.000E+01
2.00E-01     1.848E-47     1.000E+01
2.50E-01     1.011E-40     1.000E+01
3.00E-01     3.586E-36     1.000E+01
3.50E-01     3.618E-33     1.000E+01
4.00E-01     3.650E-30     1.000E+01
4.50E-01     3.898E-28     1.000E+01
5.00E-01     4.163E-26     1.000E+01
6.00E-01     4.769E-23     1.000E+01
7.00E-01     1.289E-20     1.000E+01
8.00E-01     1.281E-18     1.000E+01
9.00E-01     6.154E-17     1.000E+01
1.00E+00     1.708E-15     1.000E+01
1.25E+00     5.633E-13     1.000E+01
1.50E+00     1.858E-10     1.000E+01
1.75E+00     6.534E-09     1.000E+01
2.00E+00     2.298E-07     1.000E+01
2.50E+00     2.989E-05     1.000E+01
3.00E+00     1.008E-03     1.000E+01
3.50E+00     1.421E-02     1.000E+01
4.00E+00     1.105E-01     1.000E+01
5.00E+00     1.986E+00     1.000E+01
6.00E+00     1.105E+01     1.000E+01
7.00E+00     2.824E+01     1.000E+01
8.00E+00     4.861E+01     1.000E+01
9.00E+00     7.069E+01     1.000E+01
1.00E+01     9.595E+01     1.000E+01
