4        n ni52 ni53                       taly      1.42280E+01      
1.00E-03     9.573E+04     1.000E+01
2.00E-03     9.600E+04     1.000E+01
3.00E-03     9.626E+04     1.000E+01
4.00E-03     9.653E+04     1.000E+01
5.00E-03     9.680E+04     1.000E+01
6.00E-03     9.596E+04     1.000E+01
7.00E-03     9.513E+04     1.000E+01
8.00E-03     9.429E+04     1.000E+01
9.00E-03     9.346E+04     1.000E+01
1.00E-02     9.262E+04     1.000E+01
1.10E-02     9.244E+04     1.000E+01
1.20E-02     9.226E+04     1.000E+01
1.30E-02     9.208E+04     1.000E+01
1.40E-02     9.191E+04     1.000E+01
1.50E-02     9.173E+04     1.000E+01
1.60E-02     9.155E+04     1.000E+01
1.80E-02     9.119E+04     1.000E+01
2.00E-02     9.084E+04     1.000E+01
2.50E-02     8.994E+04     1.000E+01
3.00E-02     8.905E+04     1.000E+01
4.00E-02     8.727E+04     1.000E+01
5.00E-02     8.549E+04     1.000E+01
6.00E-02     8.468E+04     1.000E+01
7.00E-02     8.387E+04     1.000E+01
8.00E-02     8.307E+04     1.000E+01
9.00E-02     8.226E+04     1.000E+01
1.00E-01     8.145E+04     1.000E+01
1.10E-01     8.091E+04     1.000E+01
1.20E-01     8.037E+04     1.000E+01
1.30E-01     7.983E+04     1.000E+01
1.40E-01     7.929E+04     1.000E+01
1.50E-01     7.874E+04     1.000E+01
1.60E-01     7.836E+04     1.000E+01
1.80E-01     7.759E+04     1.000E+01
2.00E-01     7.682E+04     1.000E+01
2.50E-01     7.534E+04     1.000E+01
3.00E-01     7.409E+04     1.000E+01
3.50E-01     7.300E+04     1.000E+01
4.00E-01     7.191E+04     1.000E+01
4.50E-01     7.096E+04     1.000E+01
5.00E-01     7.001E+04     1.000E+01
6.00E-01     6.830E+04     1.000E+01
7.00E-01     6.660E+04     1.000E+01
8.00E-01     6.457E+04     1.000E+01
9.00E-01     6.180E+04     1.000E+01
1.00E+00     5.793E+04     1.000E+01
1.25E+00     4.373E+04     1.000E+01
1.50E+00     2.952E+04     1.000E+01
1.75E+00     2.170E+04     1.000E+01
2.00E+00     1.388E+04     1.000E+01
2.50E+00     8.415E+03     1.000E+01
3.00E+00     6.182E+03     1.000E+01
3.50E+00     5.069E+03     1.000E+01
4.00E+00     4.418E+03     1.000E+01
5.00E+00     3.681E+03     1.000E+01
6.00E+00     3.246E+03     1.000E+01
7.00E+00     2.931E+03     1.000E+01
8.00E+00     2.669E+03     1.000E+01
9.00E+00     2.431E+03     1.000E+01
1.00E+01     2.204E+03     1.000E+01
