5      he4 ni52    p cu55                  taly      3.29700E+00      
1.00E-03     0.000E+00     1.000E+00
2.00E-03     0.000E+00     1.000E+00
3.00E-03     0.000E+00     1.000E+00
4.00E-03     0.000E+00     1.000E+00
5.00E-03     0.000E+00     1.000E+00
6.00E-03     0.000E+00     1.000E+00
7.00E-03     0.000E+00     1.000E+00
8.00E-03     0.000E+00     1.000E+00
9.00E-03     0.000E+00     1.000E+00
1.00E-02     0.000E+00     1.000E+00
1.10E-02     0.000E+00     1.000E+00
1.20E-02     0.000E+00     1.000E+00
1.30E-02     0.000E+00     1.000E+00
1.40E-02     0.000E+00     1.000E+00
1.50E-02     0.000E+00     1.000E+00
1.60E-02     0.000E+00     1.000E+00
1.80E-02     0.000E+00     1.000E+00
2.00E-02     0.000E+00     1.000E+00
2.50E-02     0.000E+00     1.000E+00
3.00E-02     0.000E+00     1.000E+00
4.00E-02     0.000E+00     1.000E+00
5.00E-02     0.000E+00     1.000E+00
6.00E-02     0.000E+00     1.000E+00
7.00E-02     0.000E+00     1.000E+00
8.00E-02     0.000E+00     1.000E+00
9.00E-02     0.000E+00     1.000E+00
1.00E-01     0.000E+00     1.000E+00
1.10E-01     0.000E+00     1.000E+00
1.20E-01     0.000E+00     1.000E+00
1.30E-01     0.000E+00     1.000E+00
1.40E-01     0.000E+00     1.000E+00
1.50E-01     0.000E+00     1.000E+00
1.60E-01     3.056E-89     1.000E+01
1.80E-01     2.855E-68     1.000E+01
2.00E-01     2.667E-47     1.000E+01
2.50E-01     5.124E-41     1.000E+01
3.00E-01     1.050E-36     1.000E+01
3.50E-01     8.422E-34     1.000E+01
4.00E-01     6.753E-31     1.000E+01
4.50E-01     6.611E-29     1.000E+01
5.00E-01     6.473E-27     1.000E+01
6.00E-01     6.678E-24     1.000E+01
7.00E-01     1.661E-21     1.000E+01
8.00E-01     1.532E-19     1.000E+01
9.00E-01     6.796E-18     1.000E+01
1.00E+00     1.717E-16     1.000E+01
1.25E+00     3.758E-14     1.000E+01
1.50E+00     8.228E-12     1.000E+01
1.75E+00     1.792E-10     1.000E+01
2.00E+00     3.904E-09     1.000E+01
2.50E+00     2.539E-07     1.000E+01
3.00E+00     5.528E-06     1.000E+01
3.50E+00     6.029E-05     1.000E+01
4.00E+00     4.106E-04     1.000E+01
5.00E+00     7.476E-03     1.000E+01
6.00E+00     6.030E-02     1.000E+01
7.00E+00     2.871E-01     1.000E+01
8.00E+00     9.496E-01     1.000E+01
9.00E+00     2.414E+00     1.000E+01
1.00E+01     5.036E+00     1.000E+01
