4        n ni56 ni57                       taly      1.02470E+01      
1.00E-03     1.952E+07     1.000E+01
2.00E-03     1.724E+07     1.000E+01
3.00E-03     1.495E+07     1.000E+01
4.00E-03     1.267E+07     1.000E+01
5.00E-03     1.038E+07     1.000E+01
6.00E-03     9.849E+06     1.000E+01
7.00E-03     9.317E+06     1.000E+01
8.00E-03     8.784E+06     1.000E+01
9.00E-03     8.251E+06     1.000E+01
1.00E-02     7.718E+06     1.000E+01
1.10E-02     7.626E+06     1.000E+01
1.20E-02     7.533E+06     1.000E+01
1.30E-02     7.441E+06     1.000E+01
1.40E-02     7.348E+06     1.000E+01
1.50E-02     7.256E+06     1.000E+01
1.60E-02     7.163E+06     1.000E+01
1.80E-02     6.978E+06     1.000E+01
2.00E-02     6.793E+06     1.000E+01
2.50E-02     6.331E+06     1.000E+01
3.00E-02     5.869E+06     1.000E+01
4.00E-02     4.944E+06     1.000E+01
5.00E-02     4.019E+06     1.000E+01
6.00E-02     3.850E+06     1.000E+01
7.00E-02     3.681E+06     1.000E+01
8.00E-02     3.512E+06     1.000E+01
9.00E-02     3.343E+06     1.000E+01
1.00E-01     3.173E+06     1.000E+01
1.10E-01     3.101E+06     1.000E+01
1.20E-01     3.030E+06     1.000E+01
1.30E-01     2.958E+06     1.000E+01
1.40E-01     2.886E+06     1.000E+01
1.50E-01     2.814E+06     1.000E+01
1.60E-01     2.774E+06     1.000E+01
1.80E-01     2.695E+06     1.000E+01
2.00E-01     2.616E+06     1.000E+01
2.50E-01     2.493E+06     1.000E+01
3.00E-01     2.410E+06     1.000E+01
3.50E-01     2.360E+06     1.000E+01
4.00E-01     2.309E+06     1.000E+01
4.50E-01     2.281E+06     1.000E+01
5.00E-01     2.252E+06     1.000E+01
6.00E-01     2.220E+06     1.000E+01
7.00E-01     2.204E+06     1.000E+01
8.00E-01     2.198E+06     1.000E+01
9.00E-01     2.199E+06     1.000E+01
1.00E+00     2.204E+06     1.000E+01
1.25E+00     2.234E+06     1.000E+01
1.50E+00     2.264E+06     1.000E+01
1.75E+00     2.302E+06     1.000E+01
2.00E+00     2.339E+06     1.000E+01
2.50E+00     2.412E+06     1.000E+01
3.00E+00     2.476E+06     1.000E+01
3.50E+00     2.531E+06     1.000E+01
4.00E+00     2.577E+06     1.000E+01
5.00E+00     2.640E+06     1.000E+01
6.00E+00     2.660E+06     1.000E+01
7.00E+00     2.626E+06     1.000E+01
8.00E+00     2.497E+06     1.000E+01
9.00E+00     2.209E+06     1.000E+01
1.00E+01     1.740E+06     1.000E+01
