4      he4 ni59 zn63                       taly      3.48200E+00      
1.00E-03     0.000E+00     1.000E+00
2.00E-03     0.000E+00     1.000E+00
3.00E-03     0.000E+00     1.000E+00
4.00E-03     0.000E+00     1.000E+00
5.00E-03     0.000E+00     1.000E+00
6.00E-03     0.000E+00     1.000E+00
7.00E-03     0.000E+00     1.000E+00
8.00E-03     0.000E+00     1.000E+00
9.00E-03     0.000E+00     1.000E+00
1.00E-02     0.000E+00     1.000E+00
1.10E-02     0.000E+00     1.000E+00
1.20E-02     0.000E+00     1.000E+00
1.30E-02     0.000E+00     1.000E+00
1.40E-02     0.000E+00     1.000E+00
1.50E-02     0.000E+00     1.000E+00
1.60E-02     0.000E+00     1.000E+00
1.80E-02     0.000E+00     1.000E+00
2.00E-02     0.000E+00     1.000E+00
2.50E-02     0.000E+00     1.000E+00
3.00E-02     0.000E+00     1.000E+00
4.00E-02     0.000E+00     1.000E+00
5.00E-02     0.000E+00     1.000E+00
6.00E-02     0.000E+00     1.000E+00
7.00E-02     0.000E+00     1.000E+00
8.00E-02     0.000E+00     1.000E+00
9.00E-02     0.000E+00     1.000E+00
1.00E-01     0.000E+00     1.000E+00
1.10E-01     0.000E+00     1.000E+00
1.20E-01     0.000E+00     1.000E+00
1.30E-01     0.000E+00     1.000E+00
1.40E-01     0.000E+00     1.000E+00
1.50E-01     0.000E+00     1.000E+00
1.60E-01     2.518E-89     1.000E+01
1.80E-01     1.596E-68     1.000E+01
2.00E-01     1.012E-47     1.000E+01
2.50E-01     6.664E-41     1.000E+01
3.00E-01     2.628E-36     1.000E+01
3.50E-01     2.738E-33     1.000E+01
4.00E-01     2.853E-30     1.000E+01
4.50E-01     3.031E-28     1.000E+01
5.00E-01     3.221E-26     1.000E+01
6.00E-01     3.647E-23     1.000E+01
7.00E-01     9.772E-21     1.000E+01
8.00E-01     9.651E-19     1.000E+01
9.00E-01     4.614E-17     1.000E+01
1.00E+00     1.277E-15     1.000E+01
1.25E+00     4.174E-13     1.000E+01
1.50E+00     1.364E-10     1.000E+01
1.75E+00     4.603E-09     1.000E+01
2.00E+00     1.553E-07     1.000E+01
2.50E+00     1.683E-05     1.000E+01
3.00E+00     4.509E-04     1.000E+01
3.50E+00     5.035E-03     1.000E+01
4.00E+00     3.157E-02     1.000E+01
5.00E+00     4.131E-01     1.000E+01
6.00E+00     2.142E+00     1.000E+01
7.00E+00     6.418E+00     1.000E+01
8.00E+00     1.405E+01     1.000E+01
9.00E+00     2.557E+01     1.000E+01
1.00E+01     4.126E+01     1.000E+01
