5        n ni53  he4 fe50                  taly      1.05040E+01      
1.00E-03     1.207E+06     1.000E+01
2.00E-03     1.211E+06     1.000E+01
3.00E-03     1.214E+06     1.000E+01
4.00E-03     1.218E+06     1.000E+01
5.00E-03     1.222E+06     1.000E+01
6.00E-03     1.211E+06     1.000E+01
7.00E-03     1.201E+06     1.000E+01
8.00E-03     1.190E+06     1.000E+01
9.00E-03     1.180E+06     1.000E+01
1.00E-02     1.170E+06     1.000E+01
1.10E-02     1.168E+06     1.000E+01
1.20E-02     1.166E+06     1.000E+01
1.30E-02     1.163E+06     1.000E+01
1.40E-02     1.161E+06     1.000E+01
1.50E-02     1.159E+06     1.000E+01
1.60E-02     1.157E+06     1.000E+01
1.80E-02     1.152E+06     1.000E+01
2.00E-02     1.148E+06     1.000E+01
2.50E-02     1.137E+06     1.000E+01
3.00E-02     1.127E+06     1.000E+01
4.00E-02     1.106E+06     1.000E+01
5.00E-02     1.085E+06     1.000E+01
6.00E-02     1.076E+06     1.000E+01
7.00E-02     1.066E+06     1.000E+01
8.00E-02     1.057E+06     1.000E+01
9.00E-02     1.048E+06     1.000E+01
1.00E-01     1.039E+06     1.000E+01
1.10E-01     1.033E+06     1.000E+01
1.20E-01     1.027E+06     1.000E+01
1.30E-01     1.020E+06     1.000E+01
1.40E-01     1.015E+06     1.000E+01
1.50E-01     1.009E+06     1.000E+01
1.60E-01     1.004E+06     1.000E+01
1.80E-01     9.963E+05     1.000E+01
2.00E-01     9.882E+05     1.000E+01
2.50E-01     9.732E+05     1.000E+01
3.00E-01     9.609E+05     1.000E+01
3.50E-01     9.504E+05     1.000E+01
4.00E-01     9.400E+05     1.000E+01
4.50E-01     9.310E+05     1.000E+01
5.00E-01     9.222E+05     1.000E+01
6.00E-01     9.070E+05     1.000E+01
7.00E-01     8.938E+05     1.000E+01
8.00E-01     8.814E+05     1.000E+01
9.00E-01     8.684E+05     1.000E+01
1.00E+00     8.537E+05     1.000E+01
1.25E+00     8.090E+05     1.000E+01
1.50E+00     7.667E+05     1.000E+01
1.75E+00     7.662E+05     1.000E+01
2.00E+00     7.656E+05     1.000E+01
2.50E+00     8.644E+05     1.000E+01
3.00E+00     9.812E+05     1.000E+01
3.50E+00     1.075E+06     1.000E+01
4.00E+00     1.137E+06     1.000E+01
5.00E+00     1.193E+06     1.000E+01
6.00E+00     1.192E+06     1.000E+01
7.00E+00     1.163E+06     1.000E+01
8.00E+00     1.115E+06     1.000E+01
9.00E+00     1.053E+06     1.000E+01
1.00E+01     9.789E+05     1.000E+01
