4        p  o18  f19                       mc13      7.99480e+00      
1.00E-03     0.000E+00     1.000E+00
2.00E-03     0.000E+00     1.000E+00
3.00E-03     0.000E+00     1.000E+00
4.00E-03     0.000E+00     1.000E+00
5.00E-03     0.000E+00     1.000E+00
6.00E-03     0.000E+00     1.000E+00
7.00E-03     0.000E+00     1.000E+00
8.00E-03     0.000E+00     1.000E+00
9.00E-03     0.000E+00     1.000E+00
1.00E-02     4.967E-24     1.731E+00
1.10E-02     4.222E-23     1.678E+00
1.20E-02     2.676E-22     1.613E+00
1.30E-02     1.370E-21     1.535E+00
1.40E-02     5.973E-21     1.467E+00
1.50E-02     2.321E-20     1.404E+00
1.60E-02     8.151E-20     1.352E+00
1.80E-02     8.027E-19     1.289E+00
2.00E-02     6.045E-18     1.272E+00
2.50E-02     4.041E-16     1.276E+00
3.00E-02     1.093E-14     1.390E+00
4.00E-02     1.555E-12     2.120E+00
5.00E-02     1.227E-10     2.359E+00
6.00E-02     1.274E-08     1.782E+00
7.00E-02     4.764E-07     1.513E+00
8.00E-02     7.304E-06     1.414E+00
9.00E-02     6.049E-05     1.374E+00
1.00E-01     3.239E-04     1.357E+00
1.10E-01     1.263E-03     1.349E+00
1.20E-01     3.880E-03     1.344E+00
1.30E-01     9.946E-03     1.342E+00
1.40E-01     2.211E-02     1.340E+00
1.50E-01     4.386E-02     1.339E+00
1.60E-01     7.942E-02     1.338E+00
1.80E-01     2.102E-01     1.337E+00
2.00E-01     4.507E-01     1.337E+00
2.50E-01     1.694E+00     1.336E+00
3.00E-01     3.903E+00     1.335E+00
3.50E-01     6.853E+00     1.333E+00
4.00E-01     1.020E+01     1.330E+00
4.50E-01     1.370E+01     1.327E+00
5.00E-01     1.715E+01     1.321E+00
6.00E-01     2.387E+01     1.304E+00
7.00E-01     3.121E+01     1.275E+00
8.00E-01     4.137E+01     1.239E+00
9.00E-01     5.709E+01     1.210E+00
1.00E+00     8.167E+01     1.196E+00
1.25E+00     2.000E+02     1.189E+00
1.50E+00     4.213E+02     1.183E+00
1.75E+00     7.430E+02     1.177E+00
2.00E+00     1.149E+03     1.171E+00
2.50E+00     2.129E+03     1.164E+00
3.00E+00     3.236E+03     1.165E+00
3.50E+00     4.386E+03     1.168E+00
4.00E+00     5.546E+03     1.177E+00
5.00E+00     7.814E+03     1.197E+00
6.00E+00     1.062E+04     1.210E+00
7.00E+00     1.396E+04     1.210E+00
8.00E+00     1.689E+04     1.210E+00
9.00E+00     1.924E+04     1.210E+00
1.00E+01     2.177E+04     1.210E+00
