4        p  o16  f17                       mc10      6.00270e-01      
1.00E-03     0.000E+00     1.000E+00
2.00E-03     0.000E+00     1.000E+00
3.00E-03     0.000E+00     1.000E+00
4.00E-03     0.000E+00     1.000E+00
5.00E-03     0.000E+00     1.000E+00
6.00E-03     0.000E+00     1.000E+00
7.00E-03     0.000E+00     1.000E+00
8.00E-03     0.000E+00     1.000E+00
9.00E-03     0.000E+00     1.000E+00
1.00E-02     7.200E-25     1.076E+00
1.10E-02     7.580E-24     1.076E+00
1.20E-02     6.080E-23     1.076E+00
1.30E-02     3.910E-22     1.076E+00
1.40E-02     2.090E-21     1.076E+00
1.50E-02     9.600E-21     1.076E+00
1.60E-02     3.870E-20     1.075E+00
1.80E-02     4.540E-19     1.075E+00
2.00E-02     3.780E-18     1.075E+00
2.50E-02     2.620E-16     1.074E+00
3.00E-02     6.590E-15     1.073E+00
4.00E-02     7.160E-13     1.072E+00
5.00E-02     1.980E-11     1.072E+00
6.00E-02     2.480E-10     1.072E+00
7.00E-02     1.860E-09     1.072E+00
8.00E-02     9.710E-09     1.073E+00
9.00E-02     3.920E-08     1.073E+00
1.00E-01     1.300E-07     1.073E+00
1.10E-01     3.700E-07     1.073E+00
1.20E-01     9.310E-07     1.073E+00
1.30E-01     2.120E-06     1.073E+00
1.40E-01     4.460E-06     1.073E+00
1.50E-01     8.740E-06     1.073E+00
1.60E-01     1.620E-05     1.072E+00
1.80E-01     4.780E-05     1.072E+00
2.00E-01     1.210E-04     1.072E+00
2.50E-01     7.770E-04     1.072E+00
3.00E-01     3.170E-03     1.071E+00
3.50E-01     9.700E-03     1.071E+00
4.00E-01     2.430E-02     1.070E+00
4.50E-01     5.250E-02     1.070E+00
5.00E-01     1.020E-01     1.070E+00
6.00E-01     3.010E-01     1.069E+00
7.00E-01     7.120E-01     1.067E+00
8.00E-01     1.440E+00     1.066E+00
9.00E-01     2.610E+00     1.065E+00
1.00E+00     4.340E+00     1.063E+00
1.25E+00     1.190E+01     1.060E+00
1.50E+00     2.560E+01     1.056E+00
1.75E+00     4.680E+01     1.053E+00
2.00E+00     7.670E+01     1.050E+00
2.50E+00     1.660E+02     1.045E+00
3.00E+00     3.040E+02     1.042E+00
3.50E+00     4.920E+02     1.043E+00
4.00E+00     7.270E+02     1.044E+00
5.00E+00     1.330E+03     1.042E+00
6.00E+00     2.116E+03     1.044E+00
7.00E+00     3.056E+03     1.042E+00
8.00E+00     4.188E+03     1.043E+00
9.00E+00     5.547E+03     1.044E+00
1.00E+01     7.211E+03     1.043E+00
