5        p  o18  he4  n15                  mc13      3.98109e+00      
1.00E-03     0.000E+00     1.000E+00
2.00E-03     0.000E+00     1.000E+00
3.00E-03     0.000E+00     1.000E+00
4.00E-03     0.000E+00     1.000E+00
5.00E-03     0.000E+00     1.000E+00
6.00E-03     0.000E+00     1.000E+00
7.00E-03     0.000E+00     1.000E+00
8.00E-03     0.000E+00     1.000E+00
9.00E-03     0.000E+00     1.000E+00
1.00E-02     8.660E-21     1.206E+00
1.10E-02     8.000E-20     1.218E+00
1.20E-02     5.710E-19     1.225E+00
1.30E-02     3.320E-18     1.241E+00
1.40E-02     1.630E-17     1.254E+00
1.50E-02     6.980E-17     1.269E+00
1.60E-02     2.680E-16     1.276E+00
1.80E-02     3.080E-15     1.290E+00
2.00E-02     2.520E-14     1.310E+00
2.50E-02     1.830E-12     1.318E+00
3.00E-02     4.840E-11     1.318E+00
4.00E-02     5.860E-09     1.306E+00
5.00E-02     1.920E-07     1.280E+00
6.00E-02     4.480E-06     1.166E+00
7.00E-02     1.000E-04     1.084E+00
8.00E-02     1.350E-03     1.073E+00
9.00E-02     1.070E-02     1.073E+00
1.00E-01     5.670E-02     1.073E+00
1.10E-01     2.200E-01     1.074E+00
1.20E-01     6.730E-01     1.074E+00
1.30E-01     1.730E+00     1.074E+00
1.40E-01     3.840E+00     1.074E+00
1.50E-01     7.620E+00     1.074E+00
1.60E-01     1.380E+01     1.074E+00
1.80E-01     3.680E+01     1.074E+00
2.00E-01     7.940E+01     1.073E+00
2.50E-01     3.080E+02     1.072E+00
3.00E-01     7.620E+02     1.075E+00
3.50E-01     1.530E+03     1.088E+00
4.00E-01     2.860E+03     1.120E+00
4.50E-01     5.470E+03     1.160E+00
5.00E-01     1.060E+04     1.194E+00
6.00E-01     3.730E+04     1.229E+00
7.00E-01     1.110E+05     1.239E+00
8.00E-01     2.710E+05     1.242E+00
9.00E-01     5.560E+05     1.234E+00
1.00E+00     1.020E+06     1.226E+00
1.25E+00     3.080E+06     1.208E+00
1.50E+00     6.500E+06     1.194E+00
1.75E+00     1.110E+07     1.179E+00
2.00E+00     1.630E+07     1.175E+00
2.50E+00     2.750E+07     1.168E+00
3.00E+00     3.789E+07     1.160E+00
3.50E+00     4.696E+07     1.156E+00
4.00E+00     5.418E+07     1.155E+00
5.00E+00     6.446E+07     1.147E+00
6.00E+00     7.153E+07     1.141E+00
7.00E+00     7.659E+07     1.133E+00
8.00E+00     8.193E+07     1.122E+00
9.00E+00     8.694E+07     1.112E+00
1.00E+01     9.243E+07     1.103E+00
