4      he4  o17 ne21                       taly      7.34800E+00      
1.00E-03     0.000E+00     1.000E+00
2.00E-03     0.000E+00     1.000E+00
3.00E-03     0.000E+00     1.000E+00
4.00E-03     0.000E+00     1.000E+00
5.00E-03     0.000E+00     1.000E+00
6.00E-03     0.000E+00     1.000E+00
7.00E-03     0.000E+00     1.000E+00
8.00E-03     0.000E+00     1.000E+00
9.00E-03     0.000E+00     1.000E+00
1.00E-02     0.000E+00     1.000E+00
1.10E-02     5.419E-98     1.000E+01
1.20E-02     2.937E-96     1.000E+01
1.30E-02     1.592E-94     1.000E+01
1.40E-02     8.625E-93     1.000E+01
1.50E-02     4.674E-91     1.000E+01
1.60E-02     2.533E-89     1.000E+01
1.80E-02     7.439E-86     1.000E+01
2.00E-02     2.185E-82     1.000E+01
2.50E-02     1.021E-73     1.000E+01
3.00E-02     4.772E-65     1.000E+01
4.00E-02     1.043E-47     1.000E+01
5.00E-02     2.278E-30     1.000E+01
6.00E-02     1.879E-28     1.000E+01
7.00E-02     1.551E-26     1.000E+01
8.00E-02     1.279E-24     1.000E+01
9.00E-02     1.056E-22     1.000E+01
1.00E-01     8.711E-21     1.000E+01
1.10E-01     7.030E-20     1.000E+01
1.20E-01     5.674E-19     1.000E+01
1.30E-01     4.580E-18     1.000E+01
1.40E-01     3.696E-17     1.000E+01
1.50E-01     2.983E-16     1.000E+01
1.60E-01     1.104E-15     1.000E+01
1.80E-01     1.511E-14     1.000E+01
2.00E-01     2.068E-13     1.000E+01
2.50E-01     2.110E-11     1.000E+01
3.00E-01     7.052E-10     1.000E+01
3.50E-01     8.918E-09     1.000E+01
4.00E-01     1.128E-07     1.000E+01
4.50E-01     6.666E-07     1.000E+01
5.00E-01     3.940E-06     1.000E+01
6.00E-01     5.495E-05     1.000E+01
7.00E-01     4.138E-04     1.000E+01
8.00E-01     2.019E-03     1.000E+01
9.00E-01     7.196E-03     1.000E+01
1.00E+00     2.035E-02     1.000E+01
1.25E+00     1.030E-01     1.000E+01
1.50E+00     5.215E-01     1.000E+01
1.75E+00     1.238E+00     1.000E+01
2.00E+00     2.941E+00     1.000E+01
2.50E+00     9.037E+00     1.000E+01
3.00E+00     2.061E+01     1.000E+01
3.50E+00     3.967E+01     1.000E+01
4.00E+00     6.849E+01     1.000E+01
5.00E+00     1.651E+02     1.000E+01
6.00E+00     3.290E+02     1.000E+01
7.00E+00     5.763E+02     1.000E+01
8.00E+00     9.187E+02     1.000E+01
9.00E+00     1.364E+03     1.000E+01
1.00E+01     1.913E+03     1.000E+01
