5        n  o15  he4  c12                  taly      8.50200E+00      
1.00E-03     4.205E+08     1.000E+01
2.00E-03     4.211E+08     1.000E+01
3.00E-03     4.217E+08     1.000E+01
4.00E-03     4.223E+08     1.000E+01
5.00E-03     4.230E+08     1.000E+01
6.00E-03     4.190E+08     1.000E+01
7.00E-03     4.151E+08     1.000E+01
8.00E-03     4.113E+08     1.000E+01
9.00E-03     4.074E+08     1.000E+01
1.00E-02     4.036E+08     1.000E+01
1.10E-02     4.028E+08     1.000E+01
1.20E-02     4.019E+08     1.000E+01
1.30E-02     4.011E+08     1.000E+01
1.40E-02     4.002E+08     1.000E+01
1.50E-02     3.994E+08     1.000E+01
1.60E-02     3.986E+08     1.000E+01
1.80E-02     3.969E+08     1.000E+01
2.00E-02     3.952E+08     1.000E+01
2.50E-02     3.910E+08     1.000E+01
3.00E-02     3.869E+08     1.000E+01
4.00E-02     3.789E+08     1.000E+01
5.00E-02     3.709E+08     1.000E+01
6.00E-02     3.676E+08     1.000E+01
7.00E-02     3.644E+08     1.000E+01
8.00E-02     3.611E+08     1.000E+01
9.00E-02     3.579E+08     1.000E+01
1.00E-01     3.547E+08     1.000E+01
1.10E-01     3.528E+08     1.000E+01
1.20E-01     3.508E+08     1.000E+01
1.30E-01     3.489E+08     1.000E+01
1.40E-01     3.470E+08     1.000E+01
1.50E-01     3.451E+08     1.000E+01
1.60E-01     3.439E+08     1.000E+01
1.80E-01     3.415E+08     1.000E+01
2.00E-01     3.391E+08     1.000E+01
2.50E-01     3.352E+08     1.000E+01
3.00E-01     3.322E+08     1.000E+01
3.50E-01     3.299E+08     1.000E+01
4.00E-01     3.275E+08     1.000E+01
4.50E-01     3.257E+08     1.000E+01
5.00E-01     3.239E+08     1.000E+01
6.00E-01     3.212E+08     1.000E+01
7.00E-01     3.193E+08     1.000E+01
8.00E-01     3.181E+08     1.000E+01
9.00E-01     3.175E+08     1.000E+01
1.00E+00     3.174E+08     1.000E+01
1.25E+00     3.198E+08     1.000E+01
1.50E+00     3.221E+08     1.000E+01
1.75E+00     3.269E+08     1.000E+01
2.00E+00     3.317E+08     1.000E+01
2.50E+00     3.436E+08     1.000E+01
3.00E+00     3.564E+08     1.000E+01
3.50E+00     3.697E+08     1.000E+01
4.00E+00     3.829E+08     1.000E+01
5.00E+00     4.090E+08     1.000E+01
6.00E+00     4.338E+08     1.000E+01
7.00E+00     4.571E+08     1.000E+01
8.00E+00     4.788E+08     1.000E+01
9.00E+00     4.987E+08     1.000E+01
1.00E+01     5.167E+08     1.000E+01
