4        n  o17  o18                       taly      8.04500E+00      
1.00E-03     2.091E+05     1.000E+01
2.00E-03     1.859E+05     1.000E+01
3.00E-03     1.626E+05     1.000E+01
4.00E-03     1.393E+05     1.000E+01
5.00E-03     1.160E+05     1.000E+01
6.00E-03     1.104E+05     1.000E+01
7.00E-03     1.049E+05     1.000E+01
8.00E-03     9.929E+04     1.000E+01
9.00E-03     9.372E+04     1.000E+01
1.00E-02     8.815E+04     1.000E+01
1.10E-02     8.714E+04     1.000E+01
1.20E-02     8.613E+04     1.000E+01
1.30E-02     8.512E+04     1.000E+01
1.40E-02     8.411E+04     1.000E+01
1.50E-02     8.310E+04     1.000E+01
1.60E-02     8.209E+04     1.000E+01
1.80E-02     8.007E+04     1.000E+01
2.00E-02     7.805E+04     1.000E+01
2.50E-02     7.301E+04     1.000E+01
3.00E-02     6.796E+04     1.000E+01
4.00E-02     5.786E+04     1.000E+01
5.00E-02     4.776E+04     1.000E+01
6.00E-02     4.592E+04     1.000E+01
7.00E-02     4.408E+04     1.000E+01
8.00E-02     4.224E+04     1.000E+01
9.00E-02     4.040E+04     1.000E+01
1.00E-01     3.856E+04     1.000E+01
1.10E-01     3.777E+04     1.000E+01
1.20E-01     3.698E+04     1.000E+01
1.30E-01     3.619E+04     1.000E+01
1.40E-01     3.540E+04     1.000E+01
1.50E-01     3.461E+04     1.000E+01
1.60E-01     3.414E+04     1.000E+01
1.80E-01     3.321E+04     1.000E+01
2.00E-01     3.227E+04     1.000E+01
2.50E-01     3.066E+04     1.000E+01
3.00E-01     2.942E+04     1.000E+01
3.50E-01     2.847E+04     1.000E+01
4.00E-01     2.753E+04     1.000E+01
4.50E-01     2.680E+04     1.000E+01
5.00E-01     2.608E+04     1.000E+01
6.00E-01     2.490E+04     1.000E+01
7.00E-01     2.393E+04     1.000E+01
8.00E-01     2.310E+04     1.000E+01
9.00E-01     2.238E+04     1.000E+01
1.00E+00     2.177E+04     1.000E+01
1.25E+00     2.068E+04     1.000E+01
1.50E+00     1.960E+04     1.000E+01
1.75E+00     1.896E+04     1.000E+01
2.00E+00     1.831E+04     1.000E+01
2.50E+00     1.748E+04     1.000E+01
3.00E+00     1.692E+04     1.000E+01
3.50E+00     1.654E+04     1.000E+01
4.00E+00     1.631E+04     1.000E+01
5.00E+00     1.619E+04     1.000E+01
6.00E+00     1.647E+04     1.000E+01
7.00E+00     1.711E+04     1.000E+01
8.00E+00     1.814E+04     1.000E+01
9.00E+00     1.961E+04     1.000E+01
1.00E+01     2.161E+04     1.000E+01
