4        n  o16  o17                       taex      4.14300E+00      
1.00E-03     1.750E+04     1.105E+00
2.00E-03     1.627E+04     1.105E+00
3.00E-03     1.504E+04     1.105E+00
4.00E-03     1.381E+04     1.105E+00
5.00E-03     1.257E+04     1.105E+00
6.00E-03     1.210E+04     1.105E+00
7.00E-03     1.163E+04     1.105E+00
8.00E-03     1.116E+04     1.105E+00
9.00E-03     1.069E+04     1.105E+00
1.00E-02     1.022E+04     1.105E+00
1.10E-02     1.015E+04     1.105E+00
1.20E-02     1.008E+04     1.105E+00
1.30E-02     1.001E+04     1.105E+00
1.40E-02     9.944E+03     1.105E+00
1.50E-02     9.875E+03     1.105E+00
1.60E-02     9.806E+03     1.105E+00
1.80E-02     9.668E+03     1.105E+00
2.00E-02     9.531E+03     1.105E+00
2.50E-02     9.186E+03     1.105E+00
3.00E-02     8.841E+03     1.105E+00
4.00E-02     8.152E+03     1.105E+00
5.00E-02     7.463E+03     1.105E+00
6.00E-02     7.332E+03     1.105E+00
7.00E-02     7.201E+03     1.105E+00
8.00E-02     7.070E+03     1.105E+00
9.00E-02     6.939E+03     1.105E+00
1.00E-01     6.808E+03     1.105E+00
1.10E-01     6.722E+03     1.105E+00
1.20E-01     6.636E+03     1.105E+00
1.30E-01     6.551E+03     1.105E+00
1.40E-01     6.465E+03     1.105E+00
1.50E-01     6.379E+03     1.105E+00
1.60E-01     6.317E+03     1.105E+00
1.80E-01     6.192E+03     1.105E+00
2.00E-01     6.068E+03     1.105E+00
2.50E-01     5.831E+03     1.105E+00
3.00E-01     5.643E+03     1.105E+00
3.50E-01     5.499E+03     1.105E+00
4.00E-01     5.354E+03     1.105E+00
4.50E-01     5.246E+03     1.105E+00
5.00E-01     5.138E+03     1.105E+00
6.00E-01     4.969E+03     1.105E+00
7.00E-01     4.835E+03     1.105E+00
8.00E-01     4.726E+03     1.105E+00
9.00E-01     4.637E+03     1.105E+00
1.00E+00     4.564E+03     1.105E+00
1.25E+00     4.456E+03     1.105E+00
1.50E+00     4.349E+03     1.105E+00
1.75E+00     4.315E+03     1.105E+00
2.00E+00     4.280E+03     1.105E+00
2.50E+00     4.287E+03     1.105E+00
3.00E+00     4.343E+03     1.105E+00
3.50E+00     4.436E+03     1.105E+00
4.00E+00     4.559E+03     1.105E+00
5.00E+00     4.890E+03     1.105E+00
6.00E+00     5.325E+03     1.105E+00
7.00E+00     5.862E+03     1.105E+00
8.00E+00     6.506E+03     1.105E+00
9.00E+00     7.272E+03     1.105E+00
1.00E+01     8.180E+03     1.105E+00
