4        n  o14  o15                       taly      1.32220E+01      
1.00E-03     3.335E+04     1.000E+01
2.00E-03     3.339E+04     1.000E+01
3.00E-03     3.343E+04     1.000E+01
4.00E-03     3.348E+04     1.000E+01
5.00E-03     3.352E+04     1.000E+01
6.00E-03     3.321E+04     1.000E+01
7.00E-03     3.291E+04     1.000E+01
8.00E-03     3.260E+04     1.000E+01
9.00E-03     3.230E+04     1.000E+01
1.00E-02     3.199E+04     1.000E+01
1.10E-02     3.193E+04     1.000E+01
1.20E-02     3.187E+04     1.000E+01
1.30E-02     3.181E+04     1.000E+01
1.40E-02     3.175E+04     1.000E+01
1.50E-02     3.169E+04     1.000E+01
1.60E-02     3.163E+04     1.000E+01
1.80E-02     3.151E+04     1.000E+01
2.00E-02     3.139E+04     1.000E+01
2.50E-02     3.109E+04     1.000E+01
3.00E-02     3.079E+04     1.000E+01
4.00E-02     3.018E+04     1.000E+01
5.00E-02     2.958E+04     1.000E+01
6.00E-02     2.938E+04     1.000E+01
7.00E-02     2.918E+04     1.000E+01
8.00E-02     2.898E+04     1.000E+01
9.00E-02     2.878E+04     1.000E+01
1.00E-01     2.858E+04     1.000E+01
1.10E-01     2.849E+04     1.000E+01
1.20E-01     2.840E+04     1.000E+01
1.30E-01     2.831E+04     1.000E+01
1.40E-01     2.821E+04     1.000E+01
1.50E-01     2.812E+04     1.000E+01
1.60E-01     2.809E+04     1.000E+01
1.80E-01     2.803E+04     1.000E+01
2.00E-01     2.797E+04     1.000E+01
2.50E-01     2.797E+04     1.000E+01
3.00E-01     2.804E+04     1.000E+01
3.50E-01     2.815E+04     1.000E+01
4.00E-01     2.826E+04     1.000E+01
4.50E-01     2.840E+04     1.000E+01
5.00E-01     2.854E+04     1.000E+01
6.00E-01     2.886E+04     1.000E+01
7.00E-01     2.924E+04     1.000E+01
8.00E-01     2.965E+04     1.000E+01
9.00E-01     3.009E+04     1.000E+01
1.00E+00     3.056E+04     1.000E+01
1.25E+00     3.184E+04     1.000E+01
1.50E+00     3.312E+04     1.000E+01
1.75E+00     3.446E+04     1.000E+01
2.00E+00     3.580E+04     1.000E+01
2.50E+00     3.848E+04     1.000E+01
3.00E+00     4.112E+04     1.000E+01
3.50E+00     4.372E+04     1.000E+01
4.00E+00     4.629E+04     1.000E+01
5.00E+00     5.127E+04     1.000E+01
6.00E+00     5.596E+04     1.000E+01
7.00E+00     6.022E+04     1.000E+01
8.00E+00     6.390E+04     1.000E+01
9.00E+00     6.689E+04     1.000E+01
1.00E+01     6.909E+04     1.000E+01
