5        p  o17  he4  n14                  bu15      1.19187e+00      
1.00E-03     0.000E+00     1.000E+00
2.00E-03     0.000E+00     1.000E+00
3.00E-03     0.000E+00     1.000E+00
4.00E-03     0.000E+00     1.000E+00
5.00E-03     0.000E+00     1.000E+00
6.00E-03     0.000E+00     1.000E+00
7.00E-03     0.000E+00     1.000E+00
8.00E-03     0.000E+00     1.000E+00
9.00E-03     0.000E+00     1.000E+00
1.00E-02     6.160E-25     1.166E+00
1.10E-02     6.564E-24     1.157E+00
1.20E-02     5.354E-23     1.148E+00
1.30E-02     3.540E-22     1.141E+00
1.40E-02     1.971E-21     1.137E+00
1.50E-02     9.524E-21     1.133E+00
1.60E-02     4.211E-20     1.134E+00
1.80E-02     8.228E-19     1.171E+00
2.00E-02     2.058E-17     1.225E+00
2.50E-02     1.983E-14     1.224E+00
3.00E-02     2.172E-12     1.203E+00
4.00E-02     7.130E-10     1.190E+00
5.00E-02     2.153E-08     1.187E+00
6.00E-02     1.986E-07     1.184E+00
7.00E-02     9.388E-07     1.187E+00
8.00E-02     2.964E-06     1.188E+00
9.00E-02     7.606E-06     1.176E+00
1.00E-01     1.927E-05     1.139E+00
1.10E-01     5.648E-05     1.099E+00
1.20E-01     1.800E-04     1.085E+00
1.30E-01     5.455E-04     1.086E+00
1.40E-01     1.481E-03     1.088E+00
1.50E-01     3.576E-03     1.089E+00
1.60E-01     7.755E-03     1.088E+00
1.80E-01     2.806E-02     1.087E+00
2.00E-01     7.754E-02     1.086E+00
2.50E-01     4.693E-01     1.083E+00
3.00E-01     1.717E+00     1.073E+00
3.50E-01     6.404E+00     1.076E+00
4.00E-01     2.595E+01     1.101E+00
4.50E-01     9.267E+01     1.113E+00
5.00E-01     2.717E+02     1.115E+00
6.00E-01     1.415E+03     1.111E+00
7.00E-01     4.641E+03     1.104E+00
8.00E-01     1.138E+04     1.096E+00
9.00E-01     2.301E+04     1.089E+00
1.00E+00     4.081E+04     1.082E+00
1.25E+00     1.201E+05     1.067E+00
1.50E+00     2.655E+05     1.055E+00
1.75E+00     4.998E+05     1.048E+00
2.00E+00     8.290E+05     1.046E+00
2.50E+00     1.628E+06     1.046E+00
3.00E+00     2.793E+06     1.046E+00
3.50E+00     4.350E+06     1.046E+00
4.00E+00     6.297E+06     1.046E+00
5.00E+00     1.123E+07     1.046E+00
6.00E+00     1.723E+07     1.046E+00
7.00E+00     2.388E+07     1.046E+00
8.00E+00     3.081E+07     1.046E+00
9.00E+00     3.759E+07     1.046E+00
1.00E+01     4.570E+07     1.046E+00
