4      he4  p26 cl30                       taly      8.95500E+00      
1.00E-03     0.000E+00     1.000E+00
2.00E-03     0.000E+00     1.000E+00
3.00E-03     0.000E+00     1.000E+00
4.00E-03     0.000E+00     1.000E+00
5.00E-03     0.000E+00     1.000E+00
6.00E-03     0.000E+00     1.000E+00
7.00E-03     0.000E+00     1.000E+00
8.00E-03     0.000E+00     1.000E+00
9.00E-03     0.000E+00     1.000E+00
1.00E-02     0.000E+00     1.000E+00
1.10E-02     0.000E+00     1.000E+00
1.20E-02     0.000E+00     1.000E+00
1.30E-02     0.000E+00     1.000E+00
1.40E-02     0.000E+00     1.000E+00
1.50E-02     0.000E+00     1.000E+00
1.60E-02     0.000E+00     1.000E+00
1.80E-02     0.000E+00     1.000E+00
2.00E-02     0.000E+00     1.000E+00
2.50E-02     0.000E+00     1.000E+00
3.00E-02     0.000E+00     1.000E+00
4.00E-02     0.000E+00     1.000E+00
5.00E-02     0.000E+00     1.000E+00
6.00E-02     3.651E-88     1.000E+01
7.00E-02     1.333E-76     1.000E+01
8.00E-02     4.866E-65     1.000E+01
9.00E-02     1.777E-53     1.000E+01
1.00E-01     6.486E-42     1.000E+01
1.10E-01     2.068E-40     1.000E+01
1.20E-01     6.596E-39     1.000E+01
1.30E-01     2.103E-37     1.000E+01
1.40E-01     6.707E-36     1.000E+01
1.50E-01     2.139E-34     1.000E+01
1.60E-01     1.258E-33     1.000E+01
1.80E-01     4.350E-32     1.000E+01
2.00E-01     1.505E-30     1.000E+01
2.50E-01     1.009E-27     1.000E+01
3.00E-01     2.576E-25     1.000E+01
3.50E-01     1.622E-23     1.000E+01
4.00E-01     1.022E-21     1.000E+01
4.50E-01     1.950E-20     1.000E+01
5.00E-01     3.721E-19     1.000E+01
6.00E-01     3.312E-17     1.000E+01
7.00E-01     1.182E-15     1.000E+01
8.00E-01     2.243E-14     1.000E+01
9.00E-01     2.689E-13     1.000E+01
1.00E+00     2.277E-12     1.000E+01
1.25E+00     9.652E-11     1.000E+01
1.50E+00     4.091E-09     1.000E+01
1.75E+00     4.142E-08     1.000E+01
2.00E+00     4.194E-07     1.000E+01
2.50E+00     9.815E-06     1.000E+01
3.00E+00     9.101E-05     1.000E+01
3.50E+00     4.564E-04     1.000E+01
4.00E+00     1.520E-03     1.000E+01
5.00E+00     8.050E-03     1.000E+01
6.00E+00     2.424E-02     1.000E+01
7.00E+00     5.322E-02     1.000E+01
8.00E+00     9.600E-02     1.000E+01
9.00E+00     1.519E-01     1.000E+01
1.00E+01     2.191E-01     1.000E+01
