5        n  p28    p si28                  taly      1.51270E+01      
1.00E-03     2.402E+08     1.000E+01
2.00E-03     2.426E+08     1.000E+01
3.00E-03     2.451E+08     1.000E+01
4.00E-03     2.475E+08     1.000E+01
5.00E-03     2.500E+08     1.000E+01
6.00E-03     2.490E+08     1.000E+01
7.00E-03     2.481E+08     1.000E+01
8.00E-03     2.471E+08     1.000E+01
9.00E-03     2.462E+08     1.000E+01
1.00E-02     2.452E+08     1.000E+01
1.10E-02     2.457E+08     1.000E+01
1.20E-02     2.461E+08     1.000E+01
1.30E-02     2.466E+08     1.000E+01
1.40E-02     2.471E+08     1.000E+01
1.50E-02     2.475E+08     1.000E+01
1.60E-02     2.480E+08     1.000E+01
1.80E-02     2.490E+08     1.000E+01
2.00E-02     2.499E+08     1.000E+01
2.50E-02     2.523E+08     1.000E+01
3.00E-02     2.547E+08     1.000E+01
4.00E-02     2.595E+08     1.000E+01
5.00E-02     2.645E+08     1.000E+01
6.00E-02     2.699E+08     1.000E+01
7.00E-02     2.754E+08     1.000E+01
8.00E-02     2.810E+08     1.000E+01
9.00E-02     2.868E+08     1.000E+01
1.00E-01     2.926E+08     1.000E+01
1.10E-01     2.982E+08     1.000E+01
1.20E-01     3.039E+08     1.000E+01
1.30E-01     3.096E+08     1.000E+01
1.40E-01     3.155E+08     1.000E+01
1.50E-01     3.215E+08     1.000E+01
1.60E-01     3.272E+08     1.000E+01
1.80E-01     3.389E+08     1.000E+01
2.00E-01     3.510E+08     1.000E+01
2.50E-01     3.798E+08     1.000E+01
3.00E-01     4.070E+08     1.000E+01
3.50E-01     4.311E+08     1.000E+01
4.00E-01     4.565E+08     1.000E+01
4.50E-01     4.781E+08     1.000E+01
5.00E-01     5.008E+08     1.000E+01
6.00E-01     5.412E+08     1.000E+01
7.00E-01     5.784E+08     1.000E+01
8.00E-01     6.129E+08     1.000E+01
9.00E-01     6.448E+08     1.000E+01
1.00E+00     6.744E+08     1.000E+01
1.25E+00     7.312E+08     1.000E+01
1.50E+00     7.929E+08     1.000E+01
1.75E+00     8.326E+08     1.000E+01
2.00E+00     8.744E+08     1.000E+01
2.50E+00     9.297E+08     1.000E+01
3.00E+00     9.655E+08     1.000E+01
3.50E+00     9.866E+08     1.000E+01
4.00E+00     9.962E+08     1.000E+01
5.00E+00     9.893E+08     1.000E+01
6.00E+00     9.526E+08     1.000E+01
7.00E+00     8.803E+08     1.000E+01
8.00E+00     7.642E+08     1.000E+01
9.00E+00     6.137E+08     1.000E+01
1.00E+01     4.587E+08     1.000E+01
