5        n  p27  he4 al24                  taly      4.97200E+00      
1.00E-03     2.241E+06     1.000E+01
2.00E-03     2.260E+06     1.000E+01
3.00E-03     2.279E+06     1.000E+01
4.00E-03     2.298E+06     1.000E+01
5.00E-03     2.318E+06     1.000E+01
6.00E-03     2.305E+06     1.000E+01
7.00E-03     2.293E+06     1.000E+01
8.00E-03     2.281E+06     1.000E+01
9.00E-03     2.269E+06     1.000E+01
1.00E-02     2.257E+06     1.000E+01
1.10E-02     2.258E+06     1.000E+01
1.20E-02     2.260E+06     1.000E+01
1.30E-02     2.261E+06     1.000E+01
1.40E-02     2.262E+06     1.000E+01
1.50E-02     2.263E+06     1.000E+01
1.60E-02     2.264E+06     1.000E+01
1.80E-02     2.267E+06     1.000E+01
2.00E-02     2.269E+06     1.000E+01
2.50E-02     2.275E+06     1.000E+01
3.00E-02     2.281E+06     1.000E+01
4.00E-02     2.292E+06     1.000E+01
5.00E-02     2.304E+06     1.000E+01
6.00E-02     2.325E+06     1.000E+01
7.00E-02     2.346E+06     1.000E+01
8.00E-02     2.368E+06     1.000E+01
9.00E-02     2.389E+06     1.000E+01
1.00E-01     2.411E+06     1.000E+01
1.10E-01     2.434E+06     1.000E+01
1.20E-01     2.458E+06     1.000E+01
1.30E-01     2.482E+06     1.000E+01
1.40E-01     2.506E+06     1.000E+01
1.50E-01     2.531E+06     1.000E+01
1.60E-01     2.557E+06     1.000E+01
1.80E-01     2.610E+06     1.000E+01
2.00E-01     2.663E+06     1.000E+01
2.50E-01     2.799E+06     1.000E+01
3.00E-01     2.933E+06     1.000E+01
3.50E-01     3.057E+06     1.000E+01
4.00E-01     3.186E+06     1.000E+01
4.50E-01     3.304E+06     1.000E+01
5.00E-01     3.425E+06     1.000E+01
6.00E-01     3.658E+06     1.000E+01
7.00E-01     3.886E+06     1.000E+01
8.00E-01     4.111E+06     1.000E+01
9.00E-01     4.333E+06     1.000E+01
1.00E+00     4.553E+06     1.000E+01
1.25E+00     5.053E+06     1.000E+01
1.50E+00     5.609E+06     1.000E+01
1.75E+00     6.086E+06     1.000E+01
2.00E+00     6.603E+06     1.000E+01
2.50E+00     7.564E+06     1.000E+01
3.00E+00     8.514E+06     1.000E+01
3.50E+00     9.463E+06     1.000E+01
4.00E+00     1.040E+07     1.000E+01
5.00E+00     1.219E+07     1.000E+01
6.00E+00     1.377E+07     1.000E+01
7.00E+00     1.508E+07     1.000E+01
8.00E+00     1.614E+07     1.000E+01
9.00E+00     1.696E+07     1.000E+01
1.00E+01     1.757E+07     1.000E+01
