4        p  p26  s27                       taly      1.23400E+00      
1.00E-03     0.000E+00     1.000E+00
2.00E-03     0.000E+00     1.000E+00
3.00E-03     0.000E+00     1.000E+00
4.00E-03     0.000E+00     1.000E+00
5.00E-03     0.000E+00     1.000E+00
6.00E-03     1.627E-88     1.000E+01
7.00E-03     2.648E-77     1.000E+01
8.00E-03     4.310E-66     1.000E+01
9.00E-03     7.013E-55     1.000E+01
1.00E-02     1.141E-43     1.000E+01
1.10E-02     5.719E-43     1.000E+01
1.20E-02     2.866E-42     1.000E+01
1.30E-02     1.436E-41     1.000E+01
1.40E-02     7.197E-41     1.000E+01
1.50E-02     3.606E-40     1.000E+01
1.60E-02     1.807E-39     1.000E+01
1.80E-02     4.538E-38     1.000E+01
2.00E-02     1.140E-36     1.000E+01
2.50E-02     3.601E-33     1.000E+01
3.00E-02     1.138E-29     1.000E+01
4.00E-02     1.136E-22     1.000E+01
5.00E-02     1.134E-15     1.000E+01
6.00E-02     1.799E-14     1.000E+01
7.00E-02     2.853E-13     1.000E+01
8.00E-02     4.525E-12     1.000E+01
9.00E-02     7.176E-11     1.000E+01
1.00E-01     1.138E-09     1.000E+01
1.10E-01     4.251E-09     1.000E+01
1.20E-01     1.588E-08     1.000E+01
1.30E-01     5.929E-08     1.000E+01
1.40E-01     2.215E-07     1.000E+01
1.50E-01     8.271E-07     1.000E+01
1.60E-01     1.824E-06     1.000E+01
1.80E-01     8.867E-06     1.000E+01
2.00E-01     4.311E-05     1.000E+01
2.50E-01     5.874E-04     1.000E+01
3.00E-01     3.705E-03     1.000E+01
3.50E-01     1.241E-02     1.000E+01
4.00E-01     4.153E-02     1.000E+01
4.50E-01     8.854E-02     1.000E+01
5.00E-01     1.888E-01     1.000E+01
6.00E-01     5.338E-01     1.000E+01
7.00E-01     1.141E+00     1.000E+01
8.00E-01     2.040E+00     1.000E+01
9.00E-01     3.230E+00     1.000E+01
1.00E+00     4.694E+00     1.000E+01
1.25E+00     8.413E+00     1.000E+01
1.50E+00     1.508E+01     1.000E+01
1.75E+00     2.043E+01     1.000E+01
2.00E+00     2.769E+01     1.000E+01
2.50E+00     3.844E+01     1.000E+01
3.00E+00     4.463E+01     1.000E+01
3.50E+00     4.682E+01     1.000E+01
4.00E+00     4.707E+01     1.000E+01
5.00E+00     4.668E+01     1.000E+01
6.00E+00     4.703E+01     1.000E+01
7.00E+00     4.789E+01     1.000E+01
8.00E+00     4.888E+01     1.000E+01
9.00E+00     4.991E+01     1.000E+01
1.00E+01     5.102E+01     1.000E+01
