4        n  p27  p28                       taly      1.44970E+01      
1.00E-03     7.608E+03     1.000E+01
2.00E-03     7.681E+03     1.000E+01
3.00E-03     7.754E+03     1.000E+01
4.00E-03     7.827E+03     1.000E+01
5.00E-03     7.900E+03     1.000E+01
6.00E-03     7.866E+03     1.000E+01
7.00E-03     7.832E+03     1.000E+01
8.00E-03     7.798E+03     1.000E+01
9.00E-03     7.765E+03     1.000E+01
1.00E-02     7.731E+03     1.000E+01
1.10E-02     7.742E+03     1.000E+01
1.20E-02     7.754E+03     1.000E+01
1.30E-02     7.765E+03     1.000E+01
1.40E-02     7.776E+03     1.000E+01
1.50E-02     7.788E+03     1.000E+01
1.60E-02     7.799E+03     1.000E+01
1.80E-02     7.822E+03     1.000E+01
2.00E-02     7.845E+03     1.000E+01
2.50E-02     7.902E+03     1.000E+01
3.00E-02     7.959E+03     1.000E+01
4.00E-02     8.074E+03     1.000E+01
5.00E-02     8.188E+03     1.000E+01
6.00E-02     8.331E+03     1.000E+01
7.00E-02     8.473E+03     1.000E+01
8.00E-02     8.615E+03     1.000E+01
9.00E-02     8.758E+03     1.000E+01
1.00E-01     8.900E+03     1.000E+01
1.10E-01     9.049E+03     1.000E+01
1.20E-01     9.199E+03     1.000E+01
1.30E-01     9.348E+03     1.000E+01
1.40E-01     9.497E+03     1.000E+01
1.50E-01     9.646E+03     1.000E+01
1.60E-01     9.802E+03     1.000E+01
1.80E-01     1.011E+04     1.000E+01
2.00E-01     1.042E+04     1.000E+01
2.50E-01     1.120E+04     1.000E+01
3.00E-01     1.194E+04     1.000E+01
3.50E-01     1.262E+04     1.000E+01
4.00E-01     1.331E+04     1.000E+01
4.50E-01     1.393E+04     1.000E+01
5.00E-01     1.455E+04     1.000E+01
6.00E-01     1.570E+04     1.000E+01
7.00E-01     1.677E+04     1.000E+01
8.00E-01     1.779E+04     1.000E+01
9.00E-01     1.874E+04     1.000E+01
1.00E+00     1.965E+04     1.000E+01
1.25E+00     2.155E+04     1.000E+01
1.50E+00     2.346E+04     1.000E+01
1.75E+00     2.490E+04     1.000E+01
2.00E+00     2.634E+04     1.000E+01
2.50E+00     2.847E+04     1.000E+01
3.00E+00     3.002E+04     1.000E+01
3.50E+00     3.106E+04     1.000E+01
4.00E+00     3.170E+04     1.000E+01
5.00E+00     3.211E+04     1.000E+01
6.00E+00     3.178E+04     1.000E+01
7.00E+00     3.108E+04     1.000E+01
8.00E+00     3.021E+04     1.000E+01
9.00E+00     2.927E+04     1.000E+01
1.00E+01     2.830E+04     1.000E+01
