5        n  p26  he4 al23                  taly      9.87100E+00      
1.00E-03     2.232E+06     1.000E+01
2.00E-03     2.252E+06     1.000E+01
3.00E-03     2.272E+06     1.000E+01
4.00E-03     2.292E+06     1.000E+01
5.00E-03     2.313E+06     1.000E+01
6.00E-03     2.301E+06     1.000E+01
7.00E-03     2.290E+06     1.000E+01
8.00E-03     2.279E+06     1.000E+01
9.00E-03     2.268E+06     1.000E+01
1.00E-02     2.257E+06     1.000E+01
1.10E-02     2.259E+06     1.000E+01
1.20E-02     2.261E+06     1.000E+01
1.30E-02     2.263E+06     1.000E+01
1.40E-02     2.265E+06     1.000E+01
1.50E-02     2.267E+06     1.000E+01
1.60E-02     2.269E+06     1.000E+01
1.80E-02     2.273E+06     1.000E+01
2.00E-02     2.277E+06     1.000E+01
2.50E-02     2.288E+06     1.000E+01
3.00E-02     2.298E+06     1.000E+01
4.00E-02     2.319E+06     1.000E+01
5.00E-02     2.340E+06     1.000E+01
6.00E-02     2.368E+06     1.000E+01
7.00E-02     2.397E+06     1.000E+01
8.00E-02     2.426E+06     1.000E+01
9.00E-02     2.456E+06     1.000E+01
1.00E-01     2.486E+06     1.000E+01
1.10E-01     2.516E+06     1.000E+01
1.20E-01     2.547E+06     1.000E+01
1.30E-01     2.578E+06     1.000E+01
1.40E-01     2.609E+06     1.000E+01
1.50E-01     2.641E+06     1.000E+01
1.60E-01     2.672E+06     1.000E+01
1.80E-01     2.737E+06     1.000E+01
2.00E-01     2.804E+06     1.000E+01
2.50E-01     2.966E+06     1.000E+01
3.00E-01     3.121E+06     1.000E+01
3.50E-01     3.258E+06     1.000E+01
4.00E-01     3.402E+06     1.000E+01
4.50E-01     3.525E+06     1.000E+01
5.00E-01     3.653E+06     1.000E+01
6.00E-01     3.881E+06     1.000E+01
7.00E-01     4.092E+06     1.000E+01
8.00E-01     4.293E+06     1.000E+01
9.00E-01     4.497E+06     1.000E+01
1.00E+00     4.726E+06     1.000E+01
1.25E+00     6.149E+06     1.000E+01
1.50E+00     8.001E+06     1.000E+01
1.75E+00     1.253E+07     1.000E+01
2.00E+00     1.963E+07     1.000E+01
2.50E+00     3.935E+07     1.000E+01
3.00E+00     5.815E+07     1.000E+01
3.50E+00     6.889E+07     1.000E+01
4.00E+00     7.152E+07     1.000E+01
5.00E+00     6.444E+07     1.000E+01
6.00E+00     5.360E+07     1.000E+01
7.00E+00     4.397E+07     1.000E+01
8.00E+00     3.622E+07     1.000E+01
9.00E+00     3.009E+07     1.000E+01
1.00E+01     2.522E+07     1.000E+01
