5      he4  p29    p  s32                  taly      4.20000E+00      
1.00E-03     0.000E+00     1.000E+00
2.00E-03     0.000E+00     1.000E+00
3.00E-03     0.000E+00     1.000E+00
4.00E-03     0.000E+00     1.000E+00
5.00E-03     0.000E+00     1.000E+00
6.00E-03     0.000E+00     1.000E+00
7.00E-03     0.000E+00     1.000E+00
8.00E-03     0.000E+00     1.000E+00
9.00E-03     0.000E+00     1.000E+00
1.00E-02     0.000E+00     1.000E+00
1.10E-02     0.000E+00     1.000E+00
1.20E-02     0.000E+00     1.000E+00
1.30E-02     0.000E+00     1.000E+00
1.40E-02     0.000E+00     1.000E+00
1.50E-02     0.000E+00     1.000E+00
1.60E-02     0.000E+00     1.000E+00
1.80E-02     0.000E+00     1.000E+00
2.00E-02     0.000E+00     1.000E+00
2.50E-02     0.000E+00     1.000E+00
3.00E-02     0.000E+00     1.000E+00
4.00E-02     0.000E+00     1.000E+00
5.00E-02     0.000E+00     1.000E+00
6.00E-02     2.768E-87     1.000E+01
7.00E-02     7.663E-75     1.000E+01
8.00E-02     2.121E-62     1.000E+01
9.00E-02     5.872E-50     1.000E+01
1.00E-01     1.626E-37     1.000E+01
1.10E-01     6.587E-36     1.000E+01
1.20E-01     2.669E-34     1.000E+01
1.30E-01     1.082E-32     1.000E+01
1.40E-01     4.383E-31     1.000E+01
1.50E-01     1.776E-29     1.000E+01
1.60E-01     1.484E-28     1.000E+01
1.80E-01     1.037E-26     1.000E+01
2.00E-01     7.244E-25     1.000E+01
2.50E-01     1.236E-21     1.000E+01
3.00E-01     3.544E-19     1.000E+01
3.50E-01     2.162E-17     1.000E+01
4.00E-01     1.319E-15     1.000E+01
4.50E-01     2.423E-14     1.000E+01
5.00E-01     4.453E-13     1.000E+01
6.00E-01     3.705E-11     1.000E+01
7.00E-01     1.246E-09     1.000E+01
8.00E-01     2.239E-08     1.000E+01
9.00E-01     2.556E-07     1.000E+01
1.00E+00     2.073E-06     1.000E+01
1.25E+00     8.112E-05     1.000E+01
1.50E+00     3.175E-03     1.000E+01
1.75E+00     3.101E-02     1.000E+01
2.00E+00     3.028E-01     1.000E+01
2.50E+00     7.398E+00     1.000E+01
3.00E+00     8.097E+01     1.000E+01
3.50E+00     5.223E+02     1.000E+01
4.00E+00     2.324E+03     1.000E+01
5.00E+00     2.174E+04     1.000E+01
6.00E+00     1.063E+05     1.000E+01
7.00E+00     3.440E+05     1.000E+01
8.00E+00     8.393E+05     1.000E+01
9.00E+00     1.659E+06     1.000E+01
1.00E+01     2.765E+06     1.000E+01
