4        p  p31  s32                       mc10      8.86378e+00      
1.00E-03     0.000E+00     1.000E+00
2.00E-03     0.000E+00     1.000E+00
3.00E-03     0.000E+00     1.000E+00
4.00E-03     0.000E+00     1.000E+00
5.00E-03     0.000E+00     1.000E+00
6.00E-03     0.000E+00     1.000E+00
7.00E-03     0.000E+00     1.000E+00
8.00E-03     0.000E+00     1.000E+00
9.00E-03     0.000E+00     1.000E+00
1.00E-02     1.588E-41     1.468E+00
1.10E-02     6.150E-40     1.455E+00
1.20E-02     1.577E-38     1.468E+00
1.30E-02     2.849E-37     1.465E+00
1.40E-02     3.871E-36     1.476E+00
1.50E-02     4.172E-35     1.473E+00
1.60E-02     3.605E-34     1.473E+00
1.80E-02     1.681E-32     1.468E+00
2.00E-02     4.541E-31     1.469E+00
2.50E-02     3.438E-28     1.463E+00
3.00E-02     5.304E-26     1.468E+00
4.00E-02     8.866E-23     1.421E+00
5.00E-02     1.735E-19     1.577E+00
6.00E-02     2.051E-16     1.635E+00
7.00E-02     3.488E-14     1.593E+00
8.00E-02     1.624E-12     1.553E+00
9.00E-02     3.159E-11     1.523E+00
1.00E-01     3.350E-10     1.499E+00
1.10E-01     2.274E-09     1.481E+00
1.20E-01     1.114E-08     1.464E+00
1.30E-01     4.256E-08     1.448E+00
1.40E-01     1.355E-07     1.426E+00
1.50E-01     3.774E-07     1.395E+00
1.60E-01     9.582E-07     1.354E+00
1.80E-01     5.328E-06     1.252E+00
2.00E-01     2.655E-05     1.176E+00
2.50E-01     7.684E-04     1.136E+00
3.00E-01     8.870E-03     1.128E+00
3.50E-01     5.359E-02     1.118E+00
4.00E-01     2.120E-01     1.110E+00
4.50E-01     6.306E-01     1.103E+00
5.00E-01     1.532E+00     1.099E+00
6.00E-01     5.964E+00     1.095E+00
7.00E-01     1.604E+01     1.095E+00
8.00E-01     3.396E+01     1.095E+00
9.00E-01     6.122E+01     1.095E+00
1.00E+00     9.850E+01     1.095E+00
1.25E+00     2.357E+02     1.091E+00
1.50E+00     4.337E+02     1.083E+00
1.75E+00     6.910E+02     1.075E+00
2.00E+00     1.008E+03     1.067E+00
2.50E+00     1.803E+03     1.056E+00
3.00E+00     2.761E+03     1.051E+00
3.50E+00     3.764E+03     1.051E+00
4.00E+00     4.770E+03     1.051E+00
5.00E+00     6.589E+03     1.051E+00
6.00E+00     8.129E+03     1.051E+00
7.00E+00     9.325E+03     1.051E+00
8.00E+00     1.026E+04     1.051E+00
9.00E+00     1.094E+04     1.051E+00
1.00E+01     1.171E+04     1.051E+00
