4        n  p30  p31                       taly      1.23110E+01      
1.00E-03     4.073E+05     1.000E+01
2.00E-03     4.006E+05     1.000E+01
3.00E-03     3.939E+05     1.000E+01
4.00E-03     3.872E+05     1.000E+01
5.00E-03     3.806E+05     1.000E+01
6.00E-03     3.747E+05     1.000E+01
7.00E-03     3.688E+05     1.000E+01
8.00E-03     3.630E+05     1.000E+01
9.00E-03     3.571E+05     1.000E+01
1.00E-02     3.512E+05     1.000E+01
1.10E-02     3.500E+05     1.000E+01
1.20E-02     3.488E+05     1.000E+01
1.30E-02     3.476E+05     1.000E+01
1.40E-02     3.464E+05     1.000E+01
1.50E-02     3.452E+05     1.000E+01
1.60E-02     3.440E+05     1.000E+01
1.80E-02     3.416E+05     1.000E+01
2.00E-02     3.392E+05     1.000E+01
2.50E-02     3.332E+05     1.000E+01
3.00E-02     3.272E+05     1.000E+01
4.00E-02     3.152E+05     1.000E+01
5.00E-02     3.031E+05     1.000E+01
6.00E-02     3.013E+05     1.000E+01
7.00E-02     2.994E+05     1.000E+01
8.00E-02     2.976E+05     1.000E+01
9.00E-02     2.957E+05     1.000E+01
1.00E-01     2.939E+05     1.000E+01
1.10E-01     2.940E+05     1.000E+01
1.20E-01     2.942E+05     1.000E+01
1.30E-01     2.944E+05     1.000E+01
1.40E-01     2.946E+05     1.000E+01
1.50E-01     2.948E+05     1.000E+01
1.60E-01     2.957E+05     1.000E+01
1.80E-01     2.977E+05     1.000E+01
2.00E-01     2.997E+05     1.000E+01
2.50E-01     3.060E+05     1.000E+01
3.00E-01     3.125E+05     1.000E+01
3.50E-01     3.185E+05     1.000E+01
4.00E-01     3.244E+05     1.000E+01
4.50E-01     3.294E+05     1.000E+01
5.00E-01     3.344E+05     1.000E+01
6.00E-01     3.429E+05     1.000E+01
7.00E-01     3.505E+05     1.000E+01
8.00E-01     3.572E+05     1.000E+01
9.00E-01     3.633E+05     1.000E+01
1.00E+00     3.688E+05     1.000E+01
1.25E+00     3.792E+05     1.000E+01
1.50E+00     3.895E+05     1.000E+01
1.75E+00     3.954E+05     1.000E+01
2.00E+00     4.013E+05     1.000E+01
2.50E+00     4.067E+05     1.000E+01
3.00E+00     4.077E+05     1.000E+01
3.50E+00     4.057E+05     1.000E+01
4.00E+00     4.016E+05     1.000E+01
5.00E+00     3.897E+05     1.000E+01
6.00E+00     3.745E+05     1.000E+01
7.00E+00     3.562E+05     1.000E+01
8.00E+00     3.330E+05     1.000E+01
9.00E+00     3.030E+05     1.000E+01
1.00E+01     2.663E+05     1.000E+01
