5      he4  p30    p  s33                  taly      1.52100E+00      
1.00E-03     0.000E+00     1.000E+00
2.00E-03     0.000E+00     1.000E+00
3.00E-03     0.000E+00     1.000E+00
4.00E-03     0.000E+00     1.000E+00
5.00E-03     0.000E+00     1.000E+00
6.00E-03     0.000E+00     1.000E+00
7.00E-03     0.000E+00     1.000E+00
8.00E-03     0.000E+00     1.000E+00
9.00E-03     0.000E+00     1.000E+00
1.00E-02     0.000E+00     1.000E+00
1.10E-02     0.000E+00     1.000E+00
1.20E-02     0.000E+00     1.000E+00
1.30E-02     0.000E+00     1.000E+00
1.40E-02     0.000E+00     1.000E+00
1.50E-02     0.000E+00     1.000E+00
1.60E-02     0.000E+00     1.000E+00
1.80E-02     0.000E+00     1.000E+00
2.00E-02     0.000E+00     1.000E+00
2.50E-02     0.000E+00     1.000E+00
3.00E-02     0.000E+00     1.000E+00
4.00E-02     0.000E+00     1.000E+00
5.00E-02     0.000E+00     1.000E+00
6.00E-02     2.107E-87     1.000E+01
7.00E-02     4.441E-75     1.000E+01
8.00E-02     9.358E-63     1.000E+01
9.00E-02     1.972E-50     1.000E+01
1.00E-01     4.156E-38     1.000E+01
1.10E-01     1.702E-36     1.000E+01
1.20E-01     6.971E-35     1.000E+01
1.30E-01     2.855E-33     1.000E+01
1.40E-01     1.170E-31     1.000E+01
1.50E-01     4.790E-30     1.000E+01
1.60E-01     4.058E-29     1.000E+01
1.80E-01     2.911E-27     1.000E+01
2.00E-01     2.089E-25     1.000E+01
2.50E-01     3.804E-22     1.000E+01
3.00E-01     1.158E-19     1.000E+01
3.50E-01     7.447E-18     1.000E+01
4.00E-01     4.789E-16     1.000E+01
4.50E-01     9.222E-15     1.000E+01
5.00E-01     1.776E-13     1.000E+01
6.00E-01     1.609E-11     1.000E+01
7.00E-01     5.841E-10     1.000E+01
8.00E-01     1.127E-08     1.000E+01
9.00E-01     1.374E-07     1.000E+01
1.00E+00     1.183E-06     1.000E+01
1.25E+00     5.202E-05     1.000E+01
1.50E+00     2.287E-03     1.000E+01
1.75E+00     2.400E-02     1.000E+01
2.00E+00     2.519E-01     1.000E+01
2.50E+00     6.641E+00     1.000E+01
3.00E+00     7.500E+01     1.000E+01
3.50E+00     4.872E+02     1.000E+01
4.00E+00     2.158E+03     1.000E+01
5.00E+00     1.983E+04     1.000E+01
6.00E+00     9.548E+04     1.000E+01
7.00E+00     3.062E+05     1.000E+01
8.00E+00     7.402E+05     1.000E+01
9.00E+00     1.444E+06     1.000E+01
1.00E+01     2.365E+06     1.000E+01
