5        n pd93    p rh93                  taly      1.06540E+01      
1.00E-03     1.904E+08     1.000E+01
2.00E-03     1.937E+08     1.000E+01
3.00E-03     1.970E+08     1.000E+01
4.00E-03     2.004E+08     1.000E+01
5.00E-03     2.039E+08     1.000E+01
6.00E-03     2.044E+08     1.000E+01
7.00E-03     2.049E+08     1.000E+01
8.00E-03     2.054E+08     1.000E+01
9.00E-03     2.059E+08     1.000E+01
1.00E-02     2.064E+08     1.000E+01
1.10E-02     2.079E+08     1.000E+01
1.20E-02     2.094E+08     1.000E+01
1.30E-02     2.109E+08     1.000E+01
1.40E-02     2.124E+08     1.000E+01
1.50E-02     2.139E+08     1.000E+01
1.60E-02     2.154E+08     1.000E+01
1.80E-02     2.185E+08     1.000E+01
2.00E-02     2.216E+08     1.000E+01
2.50E-02     2.295E+08     1.000E+01
3.00E-02     2.378E+08     1.000E+01
4.00E-02     2.553E+08     1.000E+01
5.00E-02     2.740E+08     1.000E+01
6.00E-02     2.888E+08     1.000E+01
7.00E-02     3.043E+08     1.000E+01
8.00E-02     3.208E+08     1.000E+01
9.00E-02     3.381E+08     1.000E+01
1.00E-01     3.563E+08     1.000E+01
1.10E-01     3.709E+08     1.000E+01
1.20E-01     3.862E+08     1.000E+01
1.30E-01     4.020E+08     1.000E+01
1.40E-01     4.186E+08     1.000E+01
1.50E-01     4.358E+08     1.000E+01
1.60E-01     4.502E+08     1.000E+01
1.80E-01     4.804E+08     1.000E+01
2.00E-01     5.127E+08     1.000E+01
2.50E-01     5.852E+08     1.000E+01
3.00E-01     6.521E+08     1.000E+01
3.50E-01     7.081E+08     1.000E+01
4.00E-01     7.689E+08     1.000E+01
4.50E-01     8.165E+08     1.000E+01
5.00E-01     8.670E+08     1.000E+01
6.00E-01     9.509E+08     1.000E+01
7.00E-01     1.024E+09     1.000E+01
8.00E-01     1.088E+09     1.000E+01
9.00E-01     1.144E+09     1.000E+01
1.00E+00     1.194E+09     1.000E+01
1.25E+00     1.280E+09     1.000E+01
1.50E+00     1.373E+09     1.000E+01
1.75E+00     1.425E+09     1.000E+01
2.00E+00     1.480E+09     1.000E+01
2.50E+00     1.547E+09     1.000E+01
3.00E+00     1.590E+09     1.000E+01
3.50E+00     1.618E+09     1.000E+01
4.00E+00     1.636E+09     1.000E+01
5.00E+00     1.648E+09     1.000E+01
6.00E+00     1.552E+09     1.000E+01
7.00E+00     1.014E+09     1.000E+01
8.00E+00     3.692E+08     1.000E+01
9.00E+00     1.177E+08     1.000E+01
1.00E+01     4.452E+07     1.000E+01
