4        n pd93 pd94                       taly      1.50320E+01      
1.00E-03     8.393E+04     1.000E+01
2.00E-03     8.567E+04     1.000E+01
3.00E-03     8.741E+04     1.000E+01
4.00E-03     8.915E+04     1.000E+01
5.00E-03     9.089E+04     1.000E+01
6.00E-03     9.135E+04     1.000E+01
7.00E-03     9.180E+04     1.000E+01
8.00E-03     9.226E+04     1.000E+01
9.00E-03     9.272E+04     1.000E+01
1.00E-02     9.317E+04     1.000E+01
1.10E-02     9.415E+04     1.000E+01
1.20E-02     9.514E+04     1.000E+01
1.30E-02     9.612E+04     1.000E+01
1.40E-02     9.710E+04     1.000E+01
1.50E-02     9.809E+04     1.000E+01
1.60E-02     9.907E+04     1.000E+01
1.80E-02     1.010E+05     1.000E+01
2.00E-02     1.030E+05     1.000E+01
2.50E-02     1.079E+05     1.000E+01
3.00E-02     1.128E+05     1.000E+01
4.00E-02     1.227E+05     1.000E+01
5.00E-02     1.325E+05     1.000E+01
6.00E-02     1.420E+05     1.000E+01
7.00E-02     1.514E+05     1.000E+01
8.00E-02     1.609E+05     1.000E+01
9.00E-02     1.703E+05     1.000E+01
1.00E-01     1.798E+05     1.000E+01
1.10E-01     1.889E+05     1.000E+01
1.20E-01     1.979E+05     1.000E+01
1.30E-01     2.070E+05     1.000E+01
1.40E-01     2.161E+05     1.000E+01
1.50E-01     2.252E+05     1.000E+01
1.60E-01     2.339E+05     1.000E+01
1.80E-01     2.514E+05     1.000E+01
2.00E-01     2.688E+05     1.000E+01
2.50E-01     3.099E+05     1.000E+01
3.00E-01     3.477E+05     1.000E+01
3.50E-01     3.805E+05     1.000E+01
4.00E-01     4.133E+05     1.000E+01
4.50E-01     4.407E+05     1.000E+01
5.00E-01     4.681E+05     1.000E+01
6.00E-01     5.148E+05     1.000E+01
7.00E-01     5.550E+05     1.000E+01
8.00E-01     5.900E+05     1.000E+01
9.00E-01     6.207E+05     1.000E+01
1.00E+00     6.477E+05     1.000E+01
1.25E+00     6.955E+05     1.000E+01
1.50E+00     7.433E+05     1.000E+01
1.75E+00     7.710E+05     1.000E+01
2.00E+00     7.986E+05     1.000E+01
2.50E+00     8.329E+05     1.000E+01
3.00E+00     8.562E+05     1.000E+01
3.50E+00     8.743E+05     1.000E+01
4.00E+00     8.907E+05     1.000E+01
5.00E+00     9.220E+05     1.000E+01
6.00E+00     9.049E+05     1.000E+01
7.00E+00     6.252E+05     1.000E+01
8.00E+00     2.480E+05     1.000E+01
9.00E+00     9.128E+04     1.000E+01
1.00E+01     4.243E+04     1.000E+01
