5        n pd94  he4 ru91                  taly      7.78500E+00      
1.00E-03     3.455E+02     1.000E+01
2.00E-03     3.530E+02     1.000E+01
3.00E-03     3.605E+02     1.000E+01
4.00E-03     3.683E+02     1.000E+01
5.00E-03     3.762E+02     1.000E+01
6.00E-03     3.787E+02     1.000E+01
7.00E-03     3.813E+02     1.000E+01
8.00E-03     3.838E+02     1.000E+01
9.00E-03     3.864E+02     1.000E+01
1.00E-02     3.889E+02     1.000E+01
1.10E-02     3.930E+02     1.000E+01
1.20E-02     3.970E+02     1.000E+01
1.30E-02     4.011E+02     1.000E+01
1.40E-02     4.053E+02     1.000E+01
1.50E-02     4.094E+02     1.000E+01
1.60E-02     4.137E+02     1.000E+01
1.80E-02     4.222E+02     1.000E+01
2.00E-02     4.310E+02     1.000E+01
2.50E-02     4.537E+02     1.000E+01
3.00E-02     4.776E+02     1.000E+01
4.00E-02     5.292E+02     1.000E+01
5.00E-02     5.864E+02     1.000E+01
6.00E-02     6.287E+02     1.000E+01
7.00E-02     6.740E+02     1.000E+01
8.00E-02     7.225E+02     1.000E+01
9.00E-02     7.746E+02     1.000E+01
1.00E-01     8.304E+02     1.000E+01
1.10E-01     8.735E+02     1.000E+01
1.20E-01     9.188E+02     1.000E+01
1.30E-01     9.665E+02     1.000E+01
1.40E-01     1.017E+03     1.000E+01
1.50E-01     1.069E+03     1.000E+01
1.60E-01     1.113E+03     1.000E+01
1.80E-01     1.204E+03     1.000E+01
2.00E-01     1.304E+03     1.000E+01
2.50E-01     1.527E+03     1.000E+01
3.00E-01     1.736E+03     1.000E+01
3.50E-01     1.915E+03     1.000E+01
4.00E-01     2.111E+03     1.000E+01
4.50E-01     2.270E+03     1.000E+01
5.00E-01     2.440E+03     1.000E+01
6.00E-01     2.737E+03     1.000E+01
7.00E-01     3.011E+03     1.000E+01
8.00E-01     3.270E+03     1.000E+01
9.00E-01     3.517E+03     1.000E+01
1.00E+00     3.756E+03     1.000E+01
1.25E+00     4.303E+03     1.000E+01
1.50E+00     4.929E+03     1.000E+01
1.75E+00     5.538E+03     1.000E+01
2.00E+00     6.221E+03     1.000E+01
2.50E+00     7.790E+03     1.000E+01
3.00E+00     9.825E+03     1.000E+01
3.50E+00     1.262E+04     1.000E+01
4.00E+00     1.658E+04     1.000E+01
5.00E+00     3.380E+04     1.000E+01
6.00E+00     1.571E+05     1.000E+01
7.00E+00     7.410E+05     1.000E+01
8.00E+00     1.500E+06     1.000E+01
9.00E+00     1.969E+06     1.000E+01
1.00E+01     2.259E+06     1.000E+01
