5        n pd90    p rh90                  taly      1.11950E+01      
1.00E-03     4.851E+07     1.000E+01
2.00E-03     4.924E+07     1.000E+01
3.00E-03     4.999E+07     1.000E+01
4.00E-03     5.075E+07     1.000E+01
5.00E-03     5.152E+07     1.000E+01
6.00E-03     5.155E+07     1.000E+01
7.00E-03     5.159E+07     1.000E+01
8.00E-03     5.163E+07     1.000E+01
9.00E-03     5.166E+07     1.000E+01
1.00E-02     5.170E+07     1.000E+01
1.10E-02     5.200E+07     1.000E+01
1.20E-02     5.230E+07     1.000E+01
1.30E-02     5.260E+07     1.000E+01
1.40E-02     5.290E+07     1.000E+01
1.50E-02     5.320E+07     1.000E+01
1.60E-02     5.351E+07     1.000E+01
1.80E-02     5.412E+07     1.000E+01
2.00E-02     5.475E+07     1.000E+01
2.50E-02     5.634E+07     1.000E+01
3.00E-02     5.797E+07     1.000E+01
4.00E-02     6.139E+07     1.000E+01
5.00E-02     6.501E+07     1.000E+01
6.00E-02     6.800E+07     1.000E+01
7.00E-02     7.113E+07     1.000E+01
8.00E-02     7.440E+07     1.000E+01
9.00E-02     7.783E+07     1.000E+01
1.00E-01     8.141E+07     1.000E+01
1.10E-01     8.436E+07     1.000E+01
1.20E-01     8.741E+07     1.000E+01
1.30E-01     9.058E+07     1.000E+01
1.40E-01     9.386E+07     1.000E+01
1.50E-01     9.726E+07     1.000E+01
1.60E-01     1.001E+08     1.000E+01
1.80E-01     1.062E+08     1.000E+01
2.00E-01     1.126E+08     1.000E+01
2.50E-01     1.270E+08     1.000E+01
3.00E-01     1.403E+08     1.000E+01
3.50E-01     1.509E+08     1.000E+01
4.00E-01     1.622E+08     1.000E+01
4.50E-01     1.685E+08     1.000E+01
5.00E-01     1.749E+08     1.000E+01
6.00E-01     1.727E+08     1.000E+01
7.00E-01     1.549E+08     1.000E+01
8.00E-01     1.293E+08     1.000E+01
9.00E-01     1.043E+08     1.000E+01
1.00E+00     8.370E+07     1.000E+01
1.25E+00     5.448E+07     1.000E+01
1.50E+00     3.546E+07     1.000E+01
1.75E+00     2.729E+07     1.000E+01
2.00E+00     2.100E+07     1.000E+01
2.50E+00     1.443E+07     1.000E+01
3.00E+00     1.063E+07     1.000E+01
3.50E+00     8.176E+06     1.000E+01
4.00E+00     6.485E+06     1.000E+01
5.00E+00     4.381E+06     1.000E+01
6.00E+00     3.164E+06     1.000E+01
7.00E+00     2.372E+06     1.000E+01
8.00E+00     1.802E+06     1.000E+01
9.00E+00     1.364E+06     1.000E+01
1.00E+01     1.022E+06     1.000E+01
