4        n pd92 pd93                       taly      1.21410E+01      
1.00E-03     1.837E+05     1.000E+01
2.00E-03     1.878E+05     1.000E+01
3.00E-03     1.919E+05     1.000E+01
4.00E-03     1.960E+05     1.000E+01
5.00E-03     2.001E+05     1.000E+01
6.00E-03     2.014E+05     1.000E+01
7.00E-03     2.027E+05     1.000E+01
8.00E-03     2.040E+05     1.000E+01
9.00E-03     2.053E+05     1.000E+01
1.00E-02     2.065E+05     1.000E+01
1.10E-02     2.090E+05     1.000E+01
1.20E-02     2.114E+05     1.000E+01
1.30E-02     2.138E+05     1.000E+01
1.40E-02     2.163E+05     1.000E+01
1.50E-02     2.187E+05     1.000E+01
1.60E-02     2.211E+05     1.000E+01
1.80E-02     2.260E+05     1.000E+01
2.00E-02     2.309E+05     1.000E+01
2.50E-02     2.431E+05     1.000E+01
3.00E-02     2.552E+05     1.000E+01
4.00E-02     2.796E+05     1.000E+01
5.00E-02     3.039E+05     1.000E+01
6.00E-02     3.269E+05     1.000E+01
7.00E-02     3.499E+05     1.000E+01
8.00E-02     3.728E+05     1.000E+01
9.00E-02     3.958E+05     1.000E+01
1.00E-01     4.188E+05     1.000E+01
1.10E-01     4.404E+05     1.000E+01
1.20E-01     4.621E+05     1.000E+01
1.30E-01     4.837E+05     1.000E+01
1.40E-01     5.054E+05     1.000E+01
1.50E-01     5.270E+05     1.000E+01
1.60E-01     5.475E+05     1.000E+01
1.80E-01     5.885E+05     1.000E+01
2.00E-01     6.294E+05     1.000E+01
2.50E-01     7.242E+05     1.000E+01
3.00E-01     8.095E+05     1.000E+01
3.50E-01     8.780E+05     1.000E+01
4.00E-01     9.466E+05     1.000E+01
4.50E-01     9.810E+05     1.000E+01
5.00E-01     1.015E+06     1.000E+01
6.00E-01     9.799E+05     1.000E+01
7.00E-01     8.506E+05     1.000E+01
8.00E-01     6.880E+05     1.000E+01
9.00E-01     5.421E+05     1.000E+01
1.00E+00     4.288E+05     1.000E+01
1.25E+00     3.045E+05     1.000E+01
1.50E+00     1.802E+05     1.000E+01
1.75E+00     1.447E+05     1.000E+01
2.00E+00     1.092E+05     1.000E+01
2.50E+00     7.733E+04     1.000E+01
3.00E+00     5.852E+04     1.000E+01
3.50E+00     4.585E+04     1.000E+01
4.00E+00     3.677E+04     1.000E+01
5.00E+00     2.507E+04     1.000E+01
6.00E+00     1.835E+04     1.000E+01
7.00E+00     1.427E+04     1.000E+01
8.00E+00     1.161E+04     1.000E+01
9.00E+00     9.705E+03     1.000E+01
1.00E+01     8.178E+03     1.000E+01
