4        n pd91 pd92                       taly      1.68640E+01      
1.00E-03     7.522E+03     1.000E+01
2.00E-03     7.696E+03     1.000E+01
3.00E-03     7.869E+03     1.000E+01
4.00E-03     8.043E+03     1.000E+01
5.00E-03     8.217E+03     1.000E+01
6.00E-03     8.273E+03     1.000E+01
7.00E-03     8.330E+03     1.000E+01
8.00E-03     8.387E+03     1.000E+01
9.00E-03     8.444E+03     1.000E+01
1.00E-02     8.501E+03     1.000E+01
1.10E-02     8.606E+03     1.000E+01
1.20E-02     8.710E+03     1.000E+01
1.30E-02     8.815E+03     1.000E+01
1.40E-02     8.920E+03     1.000E+01
1.50E-02     9.025E+03     1.000E+01
1.60E-02     9.130E+03     1.000E+01
1.80E-02     9.340E+03     1.000E+01
2.00E-02     9.550E+03     1.000E+01
2.50E-02     1.007E+04     1.000E+01
3.00E-02     1.060E+04     1.000E+01
4.00E-02     1.165E+04     1.000E+01
5.00E-02     1.270E+04     1.000E+01
6.00E-02     1.371E+04     1.000E+01
7.00E-02     1.471E+04     1.000E+01
8.00E-02     1.572E+04     1.000E+01
9.00E-02     1.673E+04     1.000E+01
1.00E-01     1.773E+04     1.000E+01
1.10E-01     1.870E+04     1.000E+01
1.20E-01     1.967E+04     1.000E+01
1.30E-01     2.064E+04     1.000E+01
1.40E-01     2.161E+04     1.000E+01
1.50E-01     2.258E+04     1.000E+01
1.60E-01     2.351E+04     1.000E+01
1.80E-01     2.538E+04     1.000E+01
2.00E-01     2.725E+04     1.000E+01
2.50E-01     3.165E+04     1.000E+01
3.00E-01     3.569E+04     1.000E+01
3.50E-01     3.915E+04     1.000E+01
4.00E-01     4.261E+04     1.000E+01
4.50E-01     4.510E+04     1.000E+01
5.00E-01     4.759E+04     1.000E+01
6.00E-01     4.968E+04     1.000E+01
7.00E-01     4.820E+04     1.000E+01
8.00E-01     4.377E+04     1.000E+01
9.00E-01     3.795E+04     1.000E+01
1.00E+00     3.214E+04     1.000E+01
1.25E+00     2.357E+04     1.000E+01
1.50E+00     1.500E+04     1.000E+01
1.75E+00     1.231E+04     1.000E+01
2.00E+00     9.612E+03     1.000E+01
2.50E+00     7.639E+03     1.000E+01
3.00E+00     6.755E+03     1.000E+01
3.50E+00     6.258E+03     1.000E+01
4.00E+00     5.901E+03     1.000E+01
5.00E+00     5.277E+03     1.000E+01
6.00E+00     4.626E+03     1.000E+01
7.00E+00     3.924E+03     1.000E+01
8.00E+00     3.201E+03     1.000E+01
9.00E+00     2.506E+03     1.000E+01
1.00E+01     1.885E+03     1.000E+01
