5        n pd90  he4 ru87                  taly      1.05810E+01      
1.00E-03     1.407E+04     1.000E+01
2.00E-03     1.424E+04     1.000E+01
3.00E-03     1.441E+04     1.000E+01
4.00E-03     1.458E+04     1.000E+01
5.00E-03     1.476E+04     1.000E+01
6.00E-03     1.473E+04     1.000E+01
7.00E-03     1.470E+04     1.000E+01
8.00E-03     1.467E+04     1.000E+01
9.00E-03     1.464E+04     1.000E+01
1.00E-02     1.461E+04     1.000E+01
1.10E-02     1.466E+04     1.000E+01
1.20E-02     1.471E+04     1.000E+01
1.30E-02     1.476E+04     1.000E+01
1.40E-02     1.481E+04     1.000E+01
1.50E-02     1.486E+04     1.000E+01
1.60E-02     1.491E+04     1.000E+01
1.80E-02     1.502E+04     1.000E+01
2.00E-02     1.512E+04     1.000E+01
2.50E-02     1.539E+04     1.000E+01
3.00E-02     1.566E+04     1.000E+01
4.00E-02     1.622E+04     1.000E+01
5.00E-02     1.679E+04     1.000E+01
6.00E-02     1.734E+04     1.000E+01
7.00E-02     1.791E+04     1.000E+01
8.00E-02     1.850E+04     1.000E+01
9.00E-02     1.911E+04     1.000E+01
1.00E-01     1.973E+04     1.000E+01
1.10E-01     2.030E+04     1.000E+01
1.20E-01     2.089E+04     1.000E+01
1.30E-01     2.149E+04     1.000E+01
1.40E-01     2.211E+04     1.000E+01
1.50E-01     2.275E+04     1.000E+01
1.60E-01     2.333E+04     1.000E+01
1.80E-01     2.455E+04     1.000E+01
2.00E-01     2.583E+04     1.000E+01
2.50E-01     2.887E+04     1.000E+01
3.00E-01     3.180E+04     1.000E+01
3.50E-01     3.434E+04     1.000E+01
4.00E-01     3.708E+04     1.000E+01
4.50E-01     3.893E+04     1.000E+01
5.00E-01     4.087E+04     1.000E+01
6.00E-01     4.177E+04     1.000E+01
7.00E-01     3.927E+04     1.000E+01
8.00E-01     3.472E+04     1.000E+01
9.00E-01     2.989E+04     1.000E+01
1.00E+00     2.574E+04     1.000E+01
1.25E+00     2.011E+04     1.000E+01
1.50E+00     1.571E+04     1.000E+01
1.75E+00     1.445E+04     1.000E+01
2.00E+00     1.329E+04     1.000E+01
2.50E+00     1.351E+04     1.000E+01
3.00E+00     1.578E+04     1.000E+01
3.50E+00     2.063E+04     1.000E+01
4.00E+00     2.914E+04     1.000E+01
5.00E+00     6.435E+04     1.000E+01
6.00E+00     1.390E+05     1.000E+01
7.00E+00     2.664E+05     1.000E+01
8.00E+00     4.394E+05     1.000E+01
9.00E+00     6.256E+05     1.000E+01
1.00E+01     7.816E+05     1.000E+01
