4      he4 pd92 cd96                       taly      2.92800E+00      
1.00E-03     0.000E+00     1.000E+00
2.00E-03     0.000E+00     1.000E+00
3.00E-03     0.000E+00     1.000E+00
4.00E-03     0.000E+00     1.000E+00
5.00E-03     0.000E+00     1.000E+00
6.00E-03     0.000E+00     1.000E+00
7.00E-03     0.000E+00     1.000E+00
8.00E-03     0.000E+00     1.000E+00
9.00E-03     0.000E+00     1.000E+00
1.00E-02     0.000E+00     1.000E+00
1.10E-02     0.000E+00     1.000E+00
1.20E-02     0.000E+00     1.000E+00
1.30E-02     0.000E+00     1.000E+00
1.40E-02     0.000E+00     1.000E+00
1.50E-02     0.000E+00     1.000E+00
1.60E-02     0.000E+00     1.000E+00
1.80E-02     0.000E+00     1.000E+00
2.00E-02     0.000E+00     1.000E+00
2.50E-02     0.000E+00     1.000E+00
3.00E-02     0.000E+00     1.000E+00
4.00E-02     0.000E+00     1.000E+00
5.00E-02     0.000E+00     1.000E+00
6.00E-02     0.000E+00     1.000E+00
7.00E-02     0.000E+00     1.000E+00
8.00E-02     0.000E+00     1.000E+00
9.00E-02     0.000E+00     1.000E+00
1.00E-01     0.000E+00     1.000E+00
1.10E-01     0.000E+00     1.000E+00
1.20E-01     0.000E+00     1.000E+00
1.30E-01     0.000E+00     1.000E+00
1.40E-01     0.000E+00     1.000E+00
1.50E-01     0.000E+00     1.000E+00
1.60E-01     0.000E+00     1.000E+00
1.80E-01     0.000E+00     1.000E+00
2.00E-01     0.000E+00     1.000E+00
2.50E-01     0.000E+00     1.000E+00
3.00E-01     0.000E+00     1.000E+00
3.50E-01     0.000E+00     1.000E+00
4.00E-01     0.000E+00     1.000E+00
4.50E-01     2.907E-71     1.000E+01
5.00E-01     8.450E-43     1.000E+01
6.00E-01     5.495E-38     1.000E+01
7.00E-01     1.471E-34     1.000E+01
8.00E-01     5.612E-32     1.000E+01
9.00E-01     6.198E-30     1.000E+01
1.00E+00     3.044E-28     1.000E+01
1.25E+00     2.689E-25     1.000E+01
1.50E+00     2.376E-22     1.000E+01
1.75E+00     1.760E-20     1.000E+01
2.00E+00     1.303E-18     1.000E+01
2.50E+00     6.160E-16     1.000E+01
3.00E+00     6.466E-14     1.000E+01
3.50E+00     2.441E-12     1.000E+01
4.00E+00     4.597E-11     1.000E+01
5.00E+00     4.387E-09     1.000E+01
6.00E+00     1.338E-07     1.000E+01
7.00E+00     1.837E-06     1.000E+01
8.00E+00     1.395E-05     1.000E+01
9.00E+00     6.779E-05     1.000E+01
1.00E+01     2.331E-04     1.000E+01
