5      he4 pd93    p ag96                  taly      5.08000E-01      
1.00E-03     0.000E+00     1.000E+00
2.00E-03     0.000E+00     1.000E+00
3.00E-03     0.000E+00     1.000E+00
4.00E-03     0.000E+00     1.000E+00
5.00E-03     0.000E+00     1.000E+00
6.00E-03     0.000E+00     1.000E+00
7.00E-03     0.000E+00     1.000E+00
8.00E-03     0.000E+00     1.000E+00
9.00E-03     0.000E+00     1.000E+00
1.00E-02     0.000E+00     1.000E+00
1.10E-02     0.000E+00     1.000E+00
1.20E-02     0.000E+00     1.000E+00
1.30E-02     0.000E+00     1.000E+00
1.40E-02     0.000E+00     1.000E+00
1.50E-02     0.000E+00     1.000E+00
1.60E-02     0.000E+00     1.000E+00
1.80E-02     0.000E+00     1.000E+00
2.00E-02     0.000E+00     1.000E+00
2.50E-02     0.000E+00     1.000E+00
3.00E-02     0.000E+00     1.000E+00
4.00E-02     0.000E+00     1.000E+00
5.00E-02     0.000E+00     1.000E+00
6.00E-02     0.000E+00     1.000E+00
7.00E-02     0.000E+00     1.000E+00
8.00E-02     0.000E+00     1.000E+00
9.00E-02     0.000E+00     1.000E+00
1.00E-01     0.000E+00     1.000E+00
1.10E-01     0.000E+00     1.000E+00
1.20E-01     0.000E+00     1.000E+00
1.30E-01     0.000E+00     1.000E+00
1.40E-01     0.000E+00     1.000E+00
1.50E-01     0.000E+00     1.000E+00
1.60E-01     0.000E+00     1.000E+00
1.80E-01     0.000E+00     1.000E+00
2.00E-01     0.000E+00     1.000E+00
2.50E-01     0.000E+00     1.000E+00
3.00E-01     0.000E+00     1.000E+00
3.50E-01     0.000E+00     1.000E+00
4.00E-01     0.000E+00     1.000E+00
4.50E-01     2.416E-71     1.000E+01
5.00E-01     5.839E-43     1.000E+01
6.00E-01     4.881E-38     1.000E+01
7.00E-01     2.291E-34     1.000E+01
8.00E-01     1.897E-31     1.000E+01
9.00E-01     5.031E-29     1.000E+01
1.00E+00     5.952E-27     1.000E+01
1.25E+00     2.573E-23     1.000E+01
1.50E+00     1.112E-19     1.000E+01
1.75E+00     2.155E-17     1.000E+01
2.00E+00     4.174E-15     1.000E+01
2.50E+00     7.171E-12     1.000E+01
3.00E+00     1.897E-09     1.000E+01
3.50E+00     1.446E-07     1.000E+01
4.00E+00     4.626E-06     1.000E+01
5.00E+00     8.363E-04     1.000E+01
6.00E+00     3.196E-02     1.000E+01
7.00E+00     3.282E-01     1.000E+01
8.00E+00     9.857E-01     1.000E+01
9.00E+00     1.631E+00     1.000E+01
1.00E+01     2.238E+00     1.000E+01
