5        n pd92  he4 ru89                  taly      8.68300E+00      
1.00E-03     1.219E+02     1.000E+01
2.00E-03     1.240E+02     1.000E+01
3.00E-03     1.261E+02     1.000E+01
4.00E-03     1.282E+02     1.000E+01
5.00E-03     1.304E+02     1.000E+01
6.00E-03     1.307E+02     1.000E+01
7.00E-03     1.310E+02     1.000E+01
8.00E-03     1.313E+02     1.000E+01
9.00E-03     1.316E+02     1.000E+01
1.00E-02     1.319E+02     1.000E+01
1.10E-02     1.328E+02     1.000E+01
1.20E-02     1.337E+02     1.000E+01
1.30E-02     1.346E+02     1.000E+01
1.40E-02     1.356E+02     1.000E+01
1.50E-02     1.365E+02     1.000E+01
1.60E-02     1.375E+02     1.000E+01
1.80E-02     1.394E+02     1.000E+01
2.00E-02     1.414E+02     1.000E+01
2.50E-02     1.464E+02     1.000E+01
3.00E-02     1.516E+02     1.000E+01
4.00E-02     1.626E+02     1.000E+01
5.00E-02     1.743E+02     1.000E+01
6.00E-02     1.838E+02     1.000E+01
7.00E-02     1.938E+02     1.000E+01
8.00E-02     2.043E+02     1.000E+01
9.00E-02     2.154E+02     1.000E+01
1.00E-01     2.272E+02     1.000E+01
1.10E-01     2.367E+02     1.000E+01
1.20E-01     2.467E+02     1.000E+01
1.30E-01     2.571E+02     1.000E+01
1.40E-01     2.680E+02     1.000E+01
1.50E-01     2.792E+02     1.000E+01
1.60E-01     2.888E+02     1.000E+01
1.80E-01     3.090E+02     1.000E+01
2.00E-01     3.306E+02     1.000E+01
2.50E-01     3.799E+02     1.000E+01
3.00E-01     4.261E+02     1.000E+01
3.50E-01     4.642E+02     1.000E+01
4.00E-01     5.057E+02     1.000E+01
4.50E-01     5.309E+02     1.000E+01
5.00E-01     5.573E+02     1.000E+01
6.00E-01     5.616E+02     1.000E+01
7.00E-01     5.183E+02     1.000E+01
8.00E-01     4.531E+02     1.000E+01
9.00E-01     3.904E+02     1.000E+01
1.00E+00     3.398E+02     1.000E+01
1.25E+00     2.773E+02     1.000E+01
1.50E+00     2.264E+02     1.000E+01
1.75E+00     2.139E+02     1.000E+01
2.00E+00     2.020E+02     1.000E+01
2.50E+00     2.105E+02     1.000E+01
3.00E+00     2.505E+02     1.000E+01
3.50E+00     3.369E+02     1.000E+01
4.00E+00     5.106E+02     1.000E+01
5.00E+00     1.738E+03     1.000E+01
6.00E+00     7.664E+03     1.000E+01
7.00E+00     2.889E+04     1.000E+01
8.00E+00     8.297E+04     1.000E+01
9.00E+00     1.855E+05     1.000E+01
1.00E+01     3.371E+05     1.000E+01
