5        n pd92    p rh92                  taly      8.71100E+00      
1.00E-03     1.107E+06     1.000E+01
2.00E-03     1.148E+06     1.000E+01
3.00E-03     1.190E+06     1.000E+01
4.00E-03     1.234E+06     1.000E+01
5.00E-03     1.280E+06     1.000E+01
6.00E-03     1.303E+06     1.000E+01
7.00E-03     1.327E+06     1.000E+01
8.00E-03     1.351E+06     1.000E+01
9.00E-03     1.376E+06     1.000E+01
1.00E-02     1.401E+06     1.000E+01
1.10E-02     1.424E+06     1.000E+01
1.20E-02     1.447E+06     1.000E+01
1.30E-02     1.471E+06     1.000E+01
1.40E-02     1.495E+06     1.000E+01
1.50E-02     1.520E+06     1.000E+01
1.60E-02     1.545E+06     1.000E+01
1.80E-02     1.596E+06     1.000E+01
2.00E-02     1.648E+06     1.000E+01
2.50E-02     1.787E+06     1.000E+01
3.00E-02     1.939E+06     1.000E+01
4.00E-02     2.280E+06     1.000E+01
5.00E-02     2.682E+06     1.000E+01
6.00E-02     2.932E+06     1.000E+01
7.00E-02     3.206E+06     1.000E+01
8.00E-02     3.505E+06     1.000E+01
9.00E-02     3.832E+06     1.000E+01
1.00E-01     4.190E+06     1.000E+01
1.10E-01     4.445E+06     1.000E+01
1.20E-01     4.715E+06     1.000E+01
1.30E-01     5.002E+06     1.000E+01
1.40E-01     5.307E+06     1.000E+01
1.50E-01     5.630E+06     1.000E+01
1.60E-01     5.882E+06     1.000E+01
1.80E-01     6.421E+06     1.000E+01
2.00E-01     7.010E+06     1.000E+01
2.50E-01     8.307E+06     1.000E+01
3.00E-01     9.500E+06     1.000E+01
3.50E-01     1.048E+07     1.000E+01
4.00E-01     1.156E+07     1.000E+01
4.50E-01     1.229E+07     1.000E+01
5.00E-01     1.306E+07     1.000E+01
6.00E-01     1.374E+07     1.000E+01
7.00E-01     1.355E+07     1.000E+01
8.00E-01     1.284E+07     1.000E+01
9.00E-01     1.205E+07     1.000E+01
1.00E+00     1.138E+07     1.000E+01
1.25E+00     1.065E+07     1.000E+01
1.50E+00     9.973E+06     1.000E+01
1.75E+00     9.947E+06     1.000E+01
2.00E+00     9.921E+06     1.000E+01
2.50E+00     1.025E+07     1.000E+01
3.00E+00     1.075E+07     1.000E+01
3.50E+00     1.132E+07     1.000E+01
4.00E+00     1.194E+07     1.000E+01
5.00E+00     1.318E+07     1.000E+01
6.00E+00     1.428E+07     1.000E+01
7.00E+00     1.505E+07     1.000E+01
8.00E+00     1.527E+07     1.000E+01
9.00E+00     1.484E+07     1.000E+01
1.00E+01     1.377E+07     1.000E+01
