5      he4 pd91    p ag94                  taly      1.27000E+00      
1.00E-03     0.000E+00     1.000E+00
2.00E-03     0.000E+00     1.000E+00
3.00E-03     0.000E+00     1.000E+00
4.00E-03     0.000E+00     1.000E+00
5.00E-03     0.000E+00     1.000E+00
6.00E-03     0.000E+00     1.000E+00
7.00E-03     0.000E+00     1.000E+00
8.00E-03     0.000E+00     1.000E+00
9.00E-03     0.000E+00     1.000E+00
1.00E-02     0.000E+00     1.000E+00
1.10E-02     0.000E+00     1.000E+00
1.20E-02     0.000E+00     1.000E+00
1.30E-02     0.000E+00     1.000E+00
1.40E-02     0.000E+00     1.000E+00
1.50E-02     0.000E+00     1.000E+00
1.60E-02     0.000E+00     1.000E+00
1.80E-02     0.000E+00     1.000E+00
2.00E-02     0.000E+00     1.000E+00
2.50E-02     0.000E+00     1.000E+00
3.00E-02     0.000E+00     1.000E+00
4.00E-02     0.000E+00     1.000E+00
5.00E-02     0.000E+00     1.000E+00
6.00E-02     0.000E+00     1.000E+00
7.00E-02     0.000E+00     1.000E+00
8.00E-02     0.000E+00     1.000E+00
9.00E-02     0.000E+00     1.000E+00
1.00E-01     0.000E+00     1.000E+00
1.10E-01     0.000E+00     1.000E+00
1.20E-01     0.000E+00     1.000E+00
1.30E-01     0.000E+00     1.000E+00
1.40E-01     0.000E+00     1.000E+00
1.50E-01     0.000E+00     1.000E+00
1.60E-01     0.000E+00     1.000E+00
1.80E-01     0.000E+00     1.000E+00
2.00E-01     0.000E+00     1.000E+00
2.50E-01     0.000E+00     1.000E+00
3.00E-01     0.000E+00     1.000E+00
3.50E-01     0.000E+00     1.000E+00
4.00E-01     0.000E+00     1.000E+00
4.50E-01     3.093E-71     1.000E+01
5.00E-01     9.566E-43     1.000E+01
6.00E-01     5.477E-38     1.000E+01
7.00E-01     1.820E-34     1.000E+01
8.00E-01     1.087E-31     1.000E+01
9.00E-01     2.118E-29     1.000E+01
1.00E+00     1.881E-27     1.000E+01
1.25E+00     4.608E-24     1.000E+01
1.50E+00     1.129E-20     1.000E+01
1.75E+00     1.504E-18     1.000E+01
2.00E+00     2.003E-16     1.000E+01
2.50E+00     1.922E-13     1.000E+01
3.00E+00     2.792E-11     1.000E+01
3.50E+00     1.129E-09     1.000E+01
4.00E+00     1.908E-08     1.000E+01
5.00E+00     1.033E-06     1.000E+01
6.00E+00     1.460E-05     1.000E+01
7.00E+00     9.455E-05     1.000E+01
8.00E+00     3.798E-04     1.000E+01
9.00E+00     1.141E-03     1.000E+01
1.00E+01     2.883E-03     1.000E+01
