5        n pd91    p rh91                  taly      1.33010E+01      
1.00E-03     3.972E+07     1.000E+01
2.00E-03     4.040E+07     1.000E+01
3.00E-03     4.108E+07     1.000E+01
4.00E-03     4.178E+07     1.000E+01
5.00E-03     4.249E+07     1.000E+01
6.00E-03     4.259E+07     1.000E+01
7.00E-03     4.269E+07     1.000E+01
8.00E-03     4.279E+07     1.000E+01
9.00E-03     4.288E+07     1.000E+01
1.00E-02     4.298E+07     1.000E+01
1.10E-02     4.328E+07     1.000E+01
1.20E-02     4.358E+07     1.000E+01
1.30E-02     4.389E+07     1.000E+01
1.40E-02     4.419E+07     1.000E+01
1.50E-02     4.450E+07     1.000E+01
1.60E-02     4.481E+07     1.000E+01
1.80E-02     4.543E+07     1.000E+01
2.00E-02     4.607E+07     1.000E+01
2.50E-02     4.769E+07     1.000E+01
3.00E-02     4.937E+07     1.000E+01
4.00E-02     5.291E+07     1.000E+01
5.00E-02     5.671E+07     1.000E+01
6.00E-02     5.971E+07     1.000E+01
7.00E-02     6.287E+07     1.000E+01
8.00E-02     6.619E+07     1.000E+01
9.00E-02     6.970E+07     1.000E+01
1.00E-01     7.338E+07     1.000E+01
1.10E-01     7.634E+07     1.000E+01
1.20E-01     7.942E+07     1.000E+01
1.30E-01     8.262E+07     1.000E+01
1.40E-01     8.595E+07     1.000E+01
1.50E-01     8.941E+07     1.000E+01
1.60E-01     9.230E+07     1.000E+01
1.80E-01     9.838E+07     1.000E+01
2.00E-01     1.049E+08     1.000E+01
2.50E-01     1.194E+08     1.000E+01
3.00E-01     1.327E+08     1.000E+01
3.50E-01     1.435E+08     1.000E+01
4.00E-01     1.552E+08     1.000E+01
4.50E-01     1.630E+08     1.000E+01
5.00E-01     1.711E+08     1.000E+01
6.00E-01     1.772E+08     1.000E+01
7.00E-01     1.712E+08     1.000E+01
8.00E-01     1.553E+08     1.000E+01
9.00E-01     1.348E+08     1.000E+01
1.00E+00     1.144E+08     1.000E+01
1.25E+00     7.842E+07     1.000E+01
1.50E+00     5.373E+07     1.000E+01
1.75E+00     4.193E+07     1.000E+01
2.00E+00     3.272E+07     1.000E+01
2.50E+00     2.342E+07     1.000E+01
3.00E+00     1.829E+07     1.000E+01
3.50E+00     1.506E+07     1.000E+01
4.00E+00     1.283E+07     1.000E+01
5.00E+00     9.937E+06     1.000E+01
6.00E+00     8.098E+06     1.000E+01
7.00E+00     6.742E+06     1.000E+01
8.00E+00     5.617E+06     1.000E+01
9.00E+00     4.614E+06     1.000E+01
1.00E+01     3.708E+06     1.000E+01
