5        n rb73    p kr73                  taly      1.12520E+01      
1.00E-03     2.965E+08     1.000E+01
2.00E-03     2.990E+08     1.000E+01
3.00E-03     3.014E+08     1.000E+01
4.00E-03     3.039E+08     1.000E+01
5.00E-03     3.064E+08     1.000E+01
6.00E-03     3.047E+08     1.000E+01
7.00E-03     3.030E+08     1.000E+01
8.00E-03     3.014E+08     1.000E+01
9.00E-03     2.998E+08     1.000E+01
1.00E-02     2.981E+08     1.000E+01
1.10E-02     2.982E+08     1.000E+01
1.20E-02     2.983E+08     1.000E+01
1.30E-02     2.985E+08     1.000E+01
1.40E-02     2.986E+08     1.000E+01
1.50E-02     2.987E+08     1.000E+01
1.60E-02     2.988E+08     1.000E+01
1.80E-02     2.990E+08     1.000E+01
2.00E-02     2.992E+08     1.000E+01
2.50E-02     2.998E+08     1.000E+01
3.00E-02     3.004E+08     1.000E+01
4.00E-02     3.015E+08     1.000E+01
5.00E-02     3.027E+08     1.000E+01
6.00E-02     3.050E+08     1.000E+01
7.00E-02     3.075E+08     1.000E+01
8.00E-02     3.099E+08     1.000E+01
9.00E-02     3.124E+08     1.000E+01
1.00E-01     3.148E+08     1.000E+01
1.10E-01     3.176E+08     1.000E+01
1.20E-01     3.203E+08     1.000E+01
1.30E-01     3.231E+08     1.000E+01
1.40E-01     3.259E+08     1.000E+01
1.50E-01     3.287E+08     1.000E+01
1.60E-01     3.317E+08     1.000E+01
1.80E-01     3.378E+08     1.000E+01
2.00E-01     3.440E+08     1.000E+01
2.50E-01     3.597E+08     1.000E+01
3.00E-01     3.749E+08     1.000E+01
3.50E-01     3.888E+08     1.000E+01
4.00E-01     4.032E+08     1.000E+01
4.50E-01     4.160E+08     1.000E+01
5.00E-01     4.292E+08     1.000E+01
6.00E-01     4.536E+08     1.000E+01
7.00E-01     4.769E+08     1.000E+01
8.00E-01     4.992E+08     1.000E+01
9.00E-01     5.207E+08     1.000E+01
1.00E+00     5.412E+08     1.000E+01
1.25E+00     5.846E+08     1.000E+01
1.50E+00     6.315E+08     1.000E+01
1.75E+00     6.663E+08     1.000E+01
2.00E+00     7.031E+08     1.000E+01
2.50E+00     7.589E+08     1.000E+01
3.00E+00     7.952E+08     1.000E+01
3.50E+00     7.750E+08     1.000E+01
4.00E+00     6.186E+08     1.000E+01
5.00E+00     1.815E+08     1.000E+01
6.00E+00     4.621E+07     1.000E+01
7.00E+00     1.642E+07     1.000E+01
8.00E+00     7.932E+06     1.000E+01
9.00E+00     4.712E+06     1.000E+01
1.00E+01     3.143E+06     1.000E+01
