5      he4 rb73    p sr76                  taly      3.30200E+00      
1.00E-03     0.000E+00     1.000E+00
2.00E-03     0.000E+00     1.000E+00
3.00E-03     0.000E+00     1.000E+00
4.00E-03     0.000E+00     1.000E+00
5.00E-03     0.000E+00     1.000E+00
6.00E-03     0.000E+00     1.000E+00
7.00E-03     0.000E+00     1.000E+00
8.00E-03     0.000E+00     1.000E+00
9.00E-03     0.000E+00     1.000E+00
1.00E-02     0.000E+00     1.000E+00
1.10E-02     0.000E+00     1.000E+00
1.20E-02     0.000E+00     1.000E+00
1.30E-02     0.000E+00     1.000E+00
1.40E-02     0.000E+00     1.000E+00
1.50E-02     0.000E+00     1.000E+00
1.60E-02     0.000E+00     1.000E+00
1.80E-02     0.000E+00     1.000E+00
2.00E-02     0.000E+00     1.000E+00
2.50E-02     0.000E+00     1.000E+00
3.00E-02     0.000E+00     1.000E+00
4.00E-02     0.000E+00     1.000E+00
5.00E-02     0.000E+00     1.000E+00
6.00E-02     0.000E+00     1.000E+00
7.00E-02     0.000E+00     1.000E+00
8.00E-02     0.000E+00     1.000E+00
9.00E-02     0.000E+00     1.000E+00
1.00E-01     0.000E+00     1.000E+00
1.10E-01     0.000E+00     1.000E+00
1.20E-01     0.000E+00     1.000E+00
1.30E-01     0.000E+00     1.000E+00
1.40E-01     0.000E+00     1.000E+00
1.50E-01     0.000E+00     1.000E+00
1.60E-01     0.000E+00     1.000E+00
1.80E-01     0.000E+00     1.000E+00
2.00E-01     0.000E+00     1.000E+00
2.50E-01     0.000E+00     1.000E+00
3.00E-01     1.764E-47     1.000E+01
3.50E-01     1.957E-43     1.000E+01
4.00E-01     2.170E-39     1.000E+01
4.50E-01     7.789E-37     1.000E+01
5.00E-01     2.795E-34     1.000E+01
6.00E-01     1.558E-30     1.000E+01
7.00E-01     1.440E-27     1.000E+01
8.00E-01     3.983E-25     1.000E+01
9.00E-01     4.615E-23     1.000E+01
1.00E+00     2.768E-21     1.000E+01
1.25E+00     3.573E-18     1.000E+01
1.50E+00     4.611E-15     1.000E+01
1.75E+00     3.769E-13     1.000E+01
2.00E+00     3.081E-11     1.000E+01
2.50E+00     1.426E-08     1.000E+01
3.00E+00     1.458E-06     1.000E+01
3.50E+00     5.391E-05     1.000E+01
4.00E+00     8.193E-04     1.000E+01
5.00E+00     1.951E-02     1.000E+01
6.00E+00     1.011E-01     1.000E+01
7.00E+00     2.870E-01     1.000E+01
8.00E+00     5.821E-01     1.000E+01
9.00E+00     9.586E-01     1.000E+01
1.00E+01     1.406E+00     1.000E+01
