4      he4 rb76  y80                       taly      3.09300E+00      
1.00E-03     0.000E+00     1.000E+00
2.00E-03     0.000E+00     1.000E+00
3.00E-03     0.000E+00     1.000E+00
4.00E-03     0.000E+00     1.000E+00
5.00E-03     0.000E+00     1.000E+00
6.00E-03     0.000E+00     1.000E+00
7.00E-03     0.000E+00     1.000E+00
8.00E-03     0.000E+00     1.000E+00
9.00E-03     0.000E+00     1.000E+00
1.00E-02     0.000E+00     1.000E+00
1.10E-02     0.000E+00     1.000E+00
1.20E-02     0.000E+00     1.000E+00
1.30E-02     0.000E+00     1.000E+00
1.40E-02     0.000E+00     1.000E+00
1.50E-02     0.000E+00     1.000E+00
1.60E-02     0.000E+00     1.000E+00
1.80E-02     0.000E+00     1.000E+00
2.00E-02     0.000E+00     1.000E+00
2.50E-02     0.000E+00     1.000E+00
3.00E-02     0.000E+00     1.000E+00
4.00E-02     0.000E+00     1.000E+00
5.00E-02     0.000E+00     1.000E+00
6.00E-02     0.000E+00     1.000E+00
7.00E-02     0.000E+00     1.000E+00
8.00E-02     0.000E+00     1.000E+00
9.00E-02     0.000E+00     1.000E+00
1.00E-01     0.000E+00     1.000E+00
1.10E-01     0.000E+00     1.000E+00
1.20E-01     0.000E+00     1.000E+00
1.30E-01     0.000E+00     1.000E+00
1.40E-01     0.000E+00     1.000E+00
1.50E-01     0.000E+00     1.000E+00
1.60E-01     0.000E+00     1.000E+00
1.80E-01     0.000E+00     1.000E+00
2.00E-01     0.000E+00     1.000E+00
2.50E-01     0.000E+00     1.000E+00
3.00E-01     1.439E-47     1.000E+01
3.50E-01     1.496E-43     1.000E+01
4.00E-01     1.554E-39     1.000E+01
4.50E-01     4.573E-37     1.000E+01
5.00E-01     1.345E-34     1.000E+01
6.00E-01     4.136E-31     1.000E+01
7.00E-01     2.064E-28     1.000E+01
8.00E-01     3.234E-26     1.000E+01
9.00E-01     2.219E-24     1.000E+01
1.00E+00     8.288E-23     1.000E+01
1.25E+00     5.680E-20     1.000E+01
1.50E+00     3.892E-17     1.000E+01
1.75E+00     2.734E-15     1.000E+01
2.00E+00     1.920E-13     1.000E+01
2.50E+00     8.030E-11     1.000E+01
3.00E+00     6.993E-09     1.000E+01
3.50E+00     1.904E-07     1.000E+01
4.00E+00     2.284E-06     1.000E+01
5.00E+00     8.024E-05     1.000E+01
6.00E+00     1.013E-03     1.000E+01
7.00E+00     6.982E-03     1.000E+01
8.00E+00     3.166E-02     1.000E+01
9.00E+00     1.050E-01     1.000E+01
1.00E+01     2.727E-01     1.000E+01
