5        n rb76  he4 br73                  taly      8.81500E+00      
1.00E-03     8.247E+05     1.000E+01
2.00E-03     8.321E+05     1.000E+01
3.00E-03     8.395E+05     1.000E+01
4.00E-03     8.470E+05     1.000E+01
5.00E-03     8.545E+05     1.000E+01
6.00E-03     8.504E+05     1.000E+01
7.00E-03     8.464E+05     1.000E+01
8.00E-03     8.423E+05     1.000E+01
9.00E-03     8.383E+05     1.000E+01
1.00E-02     8.343E+05     1.000E+01
1.10E-02     8.352E+05     1.000E+01
1.20E-02     8.361E+05     1.000E+01
1.30E-02     8.370E+05     1.000E+01
1.40E-02     8.379E+05     1.000E+01
1.50E-02     8.388E+05     1.000E+01
1.60E-02     8.397E+05     1.000E+01
1.80E-02     8.414E+05     1.000E+01
2.00E-02     8.432E+05     1.000E+01
2.50E-02     8.477E+05     1.000E+01
3.00E-02     8.522E+05     1.000E+01
4.00E-02     8.614E+05     1.000E+01
5.00E-02     8.706E+05     1.000E+01
6.00E-02     8.830E+05     1.000E+01
7.00E-02     8.956E+05     1.000E+01
8.00E-02     9.084E+05     1.000E+01
9.00E-02     9.214E+05     1.000E+01
1.00E-01     9.346E+05     1.000E+01
1.10E-01     9.482E+05     1.000E+01
1.20E-01     9.620E+05     1.000E+01
1.30E-01     9.760E+05     1.000E+01
1.40E-01     9.902E+05     1.000E+01
1.50E-01     1.005E+06     1.000E+01
1.60E-01     1.019E+06     1.000E+01
1.80E-01     1.048E+06     1.000E+01
2.00E-01     1.079E+06     1.000E+01
2.50E-01     1.153E+06     1.000E+01
3.00E-01     1.224E+06     1.000E+01
3.50E-01     1.291E+06     1.000E+01
4.00E-01     1.363E+06     1.000E+01
4.50E-01     1.430E+06     1.000E+01
5.00E-01     1.500E+06     1.000E+01
6.00E-01     1.638E+06     1.000E+01
7.00E-01     1.775E+06     1.000E+01
8.00E-01     1.909E+06     1.000E+01
9.00E-01     2.040E+06     1.000E+01
1.00E+00     2.166E+06     1.000E+01
1.25E+00     2.437E+06     1.000E+01
1.50E+00     2.741E+06     1.000E+01
1.75E+00     2.977E+06     1.000E+01
2.00E+00     3.234E+06     1.000E+01
2.50E+00     3.548E+06     1.000E+01
3.00E+00     3.393E+06     1.000E+01
3.50E+00     2.735E+06     1.000E+01
4.00E+00     2.030E+06     1.000E+01
5.00E+00     1.307E+06     1.000E+01
6.00E+00     1.186E+06     1.000E+01
7.00E+00     1.325E+06     1.000E+01
8.00E+00     1.603E+06     1.000E+01
9.00E+00     1.952E+06     1.000E+01
1.00E+01     2.301E+06     1.000E+01
