5      he4 rb75    p sr78                  taly      1.09100E+00      
1.00E-03     0.000E+00     1.000E+00
2.00E-03     0.000E+00     1.000E+00
3.00E-03     0.000E+00     1.000E+00
4.00E-03     0.000E+00     1.000E+00
5.00E-03     0.000E+00     1.000E+00
6.00E-03     0.000E+00     1.000E+00
7.00E-03     0.000E+00     1.000E+00
8.00E-03     0.000E+00     1.000E+00
9.00E-03     0.000E+00     1.000E+00
1.00E-02     0.000E+00     1.000E+00
1.10E-02     0.000E+00     1.000E+00
1.20E-02     0.000E+00     1.000E+00
1.30E-02     0.000E+00     1.000E+00
1.40E-02     0.000E+00     1.000E+00
1.50E-02     0.000E+00     1.000E+00
1.60E-02     0.000E+00     1.000E+00
1.80E-02     0.000E+00     1.000E+00
2.00E-02     0.000E+00     1.000E+00
2.50E-02     0.000E+00     1.000E+00
3.00E-02     0.000E+00     1.000E+00
4.00E-02     0.000E+00     1.000E+00
5.00E-02     0.000E+00     1.000E+00
6.00E-02     0.000E+00     1.000E+00
7.00E-02     0.000E+00     1.000E+00
8.00E-02     0.000E+00     1.000E+00
9.00E-02     0.000E+00     1.000E+00
1.00E-01     0.000E+00     1.000E+00
1.10E-01     0.000E+00     1.000E+00
1.20E-01     0.000E+00     1.000E+00
1.30E-01     0.000E+00     1.000E+00
1.40E-01     0.000E+00     1.000E+00
1.50E-01     0.000E+00     1.000E+00
1.60E-01     0.000E+00     1.000E+00
1.80E-01     0.000E+00     1.000E+00
2.00E-01     0.000E+00     1.000E+00
2.50E-01     0.000E+00     1.000E+00
3.00E-01     2.869E-47     1.000E+01
3.50E-01     3.844E-43     1.000E+01
4.00E-01     5.152E-39     1.000E+01
4.50E-01     2.075E-36     1.000E+01
5.00E-01     8.361E-34     1.000E+01
6.00E-01     4.820E-30     1.000E+01
7.00E-01     4.076E-27     1.000E+01
8.00E-01     9.981E-25     1.000E+01
9.00E-01     1.030E-22     1.000E+01
1.00E+00     5.626E-21     1.000E+01
1.25E+00     6.574E-18     1.000E+01
1.50E+00     7.683E-15     1.000E+01
1.75E+00     5.889E-13     1.000E+01
2.00E+00     4.514E-11     1.000E+01
2.50E+00     2.017E-08     1.000E+01
3.00E+00     2.156E-06     1.000E+01
3.50E+00     8.905E-05     1.000E+01
4.00E+00     1.832E-03     1.000E+01
5.00E+00     1.791E-01     1.000E+01
6.00E+00     4.754E+00     1.000E+01
7.00E+00     5.446E+01     1.000E+01
8.00E+00     3.341E+02     1.000E+01
9.00E+00     1.032E+03     1.000E+01
1.00E+01     1.458E+03     1.000E+01
