5        n rb74    p kr74                  taly      1.11980E+01      
1.00E-03     3.387E+08     1.000E+01
2.00E-03     3.415E+08     1.000E+01
3.00E-03     3.443E+08     1.000E+01
4.00E-03     3.472E+08     1.000E+01
5.00E-03     3.501E+08     1.000E+01
6.00E-03     3.482E+08     1.000E+01
7.00E-03     3.463E+08     1.000E+01
8.00E-03     3.445E+08     1.000E+01
9.00E-03     3.427E+08     1.000E+01
1.00E-02     3.408E+08     1.000E+01
1.10E-02     3.410E+08     1.000E+01
1.20E-02     3.412E+08     1.000E+01
1.30E-02     3.413E+08     1.000E+01
1.40E-02     3.415E+08     1.000E+01
1.50E-02     3.416E+08     1.000E+01
1.60E-02     3.418E+08     1.000E+01
1.80E-02     3.421E+08     1.000E+01
2.00E-02     3.424E+08     1.000E+01
2.50E-02     3.433E+08     1.000E+01
3.00E-02     3.441E+08     1.000E+01
4.00E-02     3.457E+08     1.000E+01
5.00E-02     3.473E+08     1.000E+01
6.00E-02     3.504E+08     1.000E+01
7.00E-02     3.535E+08     1.000E+01
8.00E-02     3.566E+08     1.000E+01
9.00E-02     3.597E+08     1.000E+01
1.00E-01     3.629E+08     1.000E+01
1.10E-01     3.663E+08     1.000E+01
1.20E-01     3.698E+08     1.000E+01
1.30E-01     3.733E+08     1.000E+01
1.40E-01     3.768E+08     1.000E+01
1.50E-01     3.804E+08     1.000E+01
1.60E-01     3.842E+08     1.000E+01
1.80E-01     3.919E+08     1.000E+01
2.00E-01     3.997E+08     1.000E+01
2.50E-01     4.194E+08     1.000E+01
3.00E-01     4.386E+08     1.000E+01
3.50E-01     4.562E+08     1.000E+01
4.00E-01     4.746E+08     1.000E+01
4.50E-01     4.910E+08     1.000E+01
5.00E-01     5.080E+08     1.000E+01
6.00E-01     5.397E+08     1.000E+01
7.00E-01     5.702E+08     1.000E+01
8.00E-01     5.997E+08     1.000E+01
9.00E-01     6.281E+08     1.000E+01
1.00E+00     6.554E+08     1.000E+01
1.25E+00     7.118E+08     1.000E+01
1.50E+00     7.730E+08     1.000E+01
1.75E+00     8.135E+08     1.000E+01
2.00E+00     8.562E+08     1.000E+01
2.50E+00     9.090E+08     1.000E+01
3.00E+00     9.414E+08     1.000E+01
3.50E+00     9.624E+08     1.000E+01
4.00E+00     9.776E+08     1.000E+01
5.00E+00     9.993E+08     1.000E+01
6.00E+00     1.014E+09     1.000E+01
7.00E+00     1.022E+09     1.000E+01
8.00E+00     1.024E+09     1.000E+01
9.00E+00     1.021E+09     1.000E+01
1.00E+01     9.971E+08     1.000E+01
