4        n rb73 rb74                       taly      1.39050E+01      
1.00E-03     1.046E+04     1.000E+01
2.00E-03     1.055E+04     1.000E+01
3.00E-03     1.063E+04     1.000E+01
4.00E-03     1.072E+04     1.000E+01
5.00E-03     1.081E+04     1.000E+01
6.00E-03     1.075E+04     1.000E+01
7.00E-03     1.069E+04     1.000E+01
8.00E-03     1.064E+04     1.000E+01
9.00E-03     1.058E+04     1.000E+01
1.00E-02     1.052E+04     1.000E+01
1.10E-02     1.052E+04     1.000E+01
1.20E-02     1.053E+04     1.000E+01
1.30E-02     1.053E+04     1.000E+01
1.40E-02     1.054E+04     1.000E+01
1.50E-02     1.054E+04     1.000E+01
1.60E-02     1.055E+04     1.000E+01
1.80E-02     1.056E+04     1.000E+01
2.00E-02     1.057E+04     1.000E+01
2.50E-02     1.059E+04     1.000E+01
3.00E-02     1.061E+04     1.000E+01
4.00E-02     1.066E+04     1.000E+01
5.00E-02     1.070E+04     1.000E+01
6.00E-02     1.079E+04     1.000E+01
7.00E-02     1.089E+04     1.000E+01
8.00E-02     1.098E+04     1.000E+01
9.00E-02     1.107E+04     1.000E+01
1.00E-01     1.116E+04     1.000E+01
1.10E-01     1.126E+04     1.000E+01
1.20E-01     1.137E+04     1.000E+01
1.30E-01     1.147E+04     1.000E+01
1.40E-01     1.158E+04     1.000E+01
1.50E-01     1.168E+04     1.000E+01
1.60E-01     1.179E+04     1.000E+01
1.80E-01     1.202E+04     1.000E+01
2.00E-01     1.225E+04     1.000E+01
2.50E-01     1.284E+04     1.000E+01
3.00E-01     1.341E+04     1.000E+01
3.50E-01     1.394E+04     1.000E+01
4.00E-01     1.447E+04     1.000E+01
4.50E-01     1.496E+04     1.000E+01
5.00E-01     1.545E+04     1.000E+01
6.00E-01     1.638E+04     1.000E+01
7.00E-01     1.728E+04     1.000E+01
8.00E-01     1.814E+04     1.000E+01
9.00E-01     1.897E+04     1.000E+01
1.00E+00     1.978E+04     1.000E+01
1.25E+00     2.157E+04     1.000E+01
1.50E+00     2.337E+04     1.000E+01
1.75E+00     2.484E+04     1.000E+01
2.00E+00     2.630E+04     1.000E+01
2.50E+00     2.865E+04     1.000E+01
3.00E+00     3.027E+04     1.000E+01
3.50E+00     2.971E+04     1.000E+01
4.00E+00     2.389E+04     1.000E+01
5.00E+00     7.152E+03     1.000E+01
6.00E+00     1.877E+03     1.000E+01
7.00E+00     6.846E+02     1.000E+01
8.00E+00     3.324E+02     1.000E+01
9.00E+00     1.936E+02     1.000E+01
1.00E+01     1.246E+02     1.000E+01
