5        n rb74  he4 br71                  taly      1.02320E+01      
1.00E-03     3.018E+05     1.000E+01
2.00E-03     3.043E+05     1.000E+01
3.00E-03     3.067E+05     1.000E+01
4.00E-03     3.092E+05     1.000E+01
5.00E-03     3.117E+05     1.000E+01
6.00E-03     3.100E+05     1.000E+01
7.00E-03     3.083E+05     1.000E+01
8.00E-03     3.065E+05     1.000E+01
9.00E-03     3.048E+05     1.000E+01
1.00E-02     3.032E+05     1.000E+01
1.10E-02     3.032E+05     1.000E+01
1.20E-02     3.033E+05     1.000E+01
1.30E-02     3.034E+05     1.000E+01
1.40E-02     3.035E+05     1.000E+01
1.50E-02     3.036E+05     1.000E+01
1.60E-02     3.036E+05     1.000E+01
1.80E-02     3.038E+05     1.000E+01
2.00E-02     3.040E+05     1.000E+01
2.50E-02     3.044E+05     1.000E+01
3.00E-02     3.048E+05     1.000E+01
4.00E-02     3.056E+05     1.000E+01
5.00E-02     3.064E+05     1.000E+01
6.00E-02     3.085E+05     1.000E+01
7.00E-02     3.107E+05     1.000E+01
8.00E-02     3.129E+05     1.000E+01
9.00E-02     3.151E+05     1.000E+01
1.00E-01     3.173E+05     1.000E+01
1.10E-01     3.198E+05     1.000E+01
1.20E-01     3.224E+05     1.000E+01
1.30E-01     3.249E+05     1.000E+01
1.40E-01     3.275E+05     1.000E+01
1.50E-01     3.301E+05     1.000E+01
1.60E-01     3.330E+05     1.000E+01
1.80E-01     3.388E+05     1.000E+01
2.00E-01     3.447E+05     1.000E+01
2.50E-01     3.599E+05     1.000E+01
3.00E-01     3.750E+05     1.000E+01
3.50E-01     3.891E+05     1.000E+01
4.00E-01     4.037E+05     1.000E+01
4.50E-01     4.172E+05     1.000E+01
5.00E-01     4.311E+05     1.000E+01
6.00E-01     4.580E+05     1.000E+01
7.00E-01     4.846E+05     1.000E+01
8.00E-01     5.110E+05     1.000E+01
9.00E-01     5.372E+05     1.000E+01
1.00E+00     5.633E+05     1.000E+01
1.25E+00     6.217E+05     1.000E+01
1.50E+00     6.861E+05     1.000E+01
1.75E+00     7.348E+05     1.000E+01
2.00E+00     7.870E+05     1.000E+01
2.50E+00     8.586E+05     1.000E+01
3.00E+00     9.048E+05     1.000E+01
3.50E+00     9.345E+05     1.000E+01
4.00E+00     9.557E+05     1.000E+01
5.00E+00     9.904E+05     1.000E+01
6.00E+00     1.027E+06     1.000E+01
7.00E+00     1.069E+06     1.000E+01
8.00E+00     1.114E+06     1.000E+01
9.00E+00     1.161E+06     1.000E+01
1.00E+01     1.190E+06     1.000E+01
