4      he4 rb77  y81                       taly      3.30700E+00      
1.00E-03     0.000E+00     1.000E+00
2.00E-03     0.000E+00     1.000E+00
3.00E-03     0.000E+00     1.000E+00
4.00E-03     0.000E+00     1.000E+00
5.00E-03     0.000E+00     1.000E+00
6.00E-03     0.000E+00     1.000E+00
7.00E-03     0.000E+00     1.000E+00
8.00E-03     0.000E+00     1.000E+00
9.00E-03     0.000E+00     1.000E+00
1.00E-02     0.000E+00     1.000E+00
1.10E-02     0.000E+00     1.000E+00
1.20E-02     0.000E+00     1.000E+00
1.30E-02     0.000E+00     1.000E+00
1.40E-02     0.000E+00     1.000E+00
1.50E-02     0.000E+00     1.000E+00
1.60E-02     0.000E+00     1.000E+00
1.80E-02     0.000E+00     1.000E+00
2.00E-02     0.000E+00     1.000E+00
2.50E-02     0.000E+00     1.000E+00
3.00E-02     0.000E+00     1.000E+00
4.00E-02     0.000E+00     1.000E+00
5.00E-02     0.000E+00     1.000E+00
6.00E-02     0.000E+00     1.000E+00
7.00E-02     0.000E+00     1.000E+00
8.00E-02     0.000E+00     1.000E+00
9.00E-02     0.000E+00     1.000E+00
1.00E-01     0.000E+00     1.000E+00
1.10E-01     0.000E+00     1.000E+00
1.20E-01     0.000E+00     1.000E+00
1.30E-01     0.000E+00     1.000E+00
1.40E-01     0.000E+00     1.000E+00
1.50E-01     0.000E+00     1.000E+00
1.60E-01     0.000E+00     1.000E+00
1.80E-01     0.000E+00     1.000E+00
2.00E-01     0.000E+00     1.000E+00
2.50E-01     0.000E+00     1.000E+00
3.00E-01     4.401E-48     1.000E+01
3.50E-01     4.874E-44     1.000E+01
4.00E-01     5.399E-40     1.000E+01
4.50E-01     1.751E-37     1.000E+01
5.00E-01     5.682E-35     1.000E+01
6.00E-01     2.228E-31     1.000E+01
7.00E-01     1.370E-28     1.000E+01
8.00E-01     2.527E-26     1.000E+01
9.00E-01     1.990E-24     1.000E+01
1.00E+00     8.374E-23     1.000E+01
1.25E+00     6.642E-20     1.000E+01
1.50E+00     5.269E-17     1.000E+01
1.75E+00     3.621E-15     1.000E+01
2.00E+00     2.488E-13     1.000E+01
2.50E+00     9.268E-11     1.000E+01
3.00E+00     7.836E-09     1.000E+01
3.50E+00     2.485E-07     1.000E+01
4.00E+00     3.921E-06     1.000E+01
5.00E+00     2.201E-04     1.000E+01
6.00E+00     2.952E-03     1.000E+01
7.00E+00     1.604E-02     1.000E+01
8.00E+00     5.259E-02     1.000E+01
9.00E+00     1.292E-01     1.000E+01
1.00E+01     2.641E-01     1.000E+01
