4        p rb74 sr75                       taly      1.99200E+00      
1.00E-03     0.000E+00     1.000E+00
2.00E-03     0.000E+00     1.000E+00
3.00E-03     0.000E+00     1.000E+00
4.00E-03     0.000E+00     1.000E+00
5.00E-03     0.000E+00     1.000E+00
6.00E-03     0.000E+00     1.000E+00
7.00E-03     0.000E+00     1.000E+00
8.00E-03     0.000E+00     1.000E+00
9.00E-03     0.000E+00     1.000E+00
1.00E-02     0.000E+00     1.000E+00
1.10E-02     3.199E-98     1.000E+01
1.20E-02     1.024E-96     1.000E+01
1.30E-02     3.275E-95     1.000E+01
1.40E-02     1.048E-93     1.000E+01
1.50E-02     3.352E-92     1.000E+01
1.60E-02     1.073E-90     1.000E+01
1.80E-02     1.098E-87     1.000E+01
2.00E-02     1.124E-84     1.000E+01
2.50E-02     3.768E-77     1.000E+01
3.00E-02     1.263E-69     1.000E+01
4.00E-02     1.420E-54     1.000E+01
5.00E-02     1.596E-39     1.000E+01
6.00E-02     6.216E-37     1.000E+01
7.00E-02     2.421E-34     1.000E+01
8.00E-02     9.432E-32     1.000E+01
9.00E-02     3.674E-29     1.000E+01
1.00E-01     1.431E-26     1.000E+01
1.10E-01     1.783E-25     1.000E+01
1.20E-01     2.220E-24     1.000E+01
1.30E-01     2.766E-23     1.000E+01
1.40E-01     3.445E-22     1.000E+01
1.50E-01     4.290E-21     1.000E+01
1.60E-01     2.084E-20     1.000E+01
1.80E-01     4.920E-19     1.000E+01
2.00E-01     1.161E-17     1.000E+01
2.50E-01     3.194E-15     1.000E+01
3.00E-01     2.332E-13     1.000E+01
3.50E-01     5.298E-12     1.000E+01
4.00E-01     1.204E-10     1.000E+01
4.50E-01     1.096E-09     1.000E+01
5.00E-01     9.978E-09     1.000E+01
6.00E-01     2.826E-07     1.000E+01
7.00E-01     3.964E-06     1.000E+01
8.00E-01     3.385E-05     1.000E+01
9.00E-01     2.003E-04     1.000E+01
1.00E+00     8.955E-04     1.000E+01
1.25E+00     1.058E-02     1.000E+01
1.50E+00     1.250E-01     1.000E+01
1.75E+00     4.917E-01     1.000E+01
2.00E+00     1.934E+00     1.000E+01
2.50E+00     1.092E+01     1.000E+01
3.00E+00     3.587E+01     1.000E+01
3.50E+00     8.577E+01     1.000E+01
4.00E+00     1.682E+02     1.000E+01
5.00E+00     4.582E+02     1.000E+01
6.00E+00     9.688E+02     1.000E+01
7.00E+00     1.797E+03     1.000E+01
8.00E+00     3.103E+03     1.000E+01
9.00E+00     5.124E+03     1.000E+01
1.00E+01     8.070E+03     1.000E+01
