4        n rb75 rb76                       taly      1.13310E+01      
1.00E-03     2.193E+05     1.000E+01
2.00E-03     2.212E+05     1.000E+01
3.00E-03     2.231E+05     1.000E+01
4.00E-03     2.250E+05     1.000E+01
5.00E-03     2.268E+05     1.000E+01
6.00E-03     2.257E+05     1.000E+01
7.00E-03     2.245E+05     1.000E+01
8.00E-03     2.233E+05     1.000E+01
9.00E-03     2.222E+05     1.000E+01
1.00E-02     2.210E+05     1.000E+01
1.10E-02     2.211E+05     1.000E+01
1.20E-02     2.213E+05     1.000E+01
1.30E-02     2.214E+05     1.000E+01
1.40E-02     2.215E+05     1.000E+01
1.50E-02     2.217E+05     1.000E+01
1.60E-02     2.218E+05     1.000E+01
1.80E-02     2.221E+05     1.000E+01
2.00E-02     2.224E+05     1.000E+01
2.50E-02     2.230E+05     1.000E+01
3.00E-02     2.237E+05     1.000E+01
4.00E-02     2.251E+05     1.000E+01
5.00E-02     2.264E+05     1.000E+01
6.00E-02     2.287E+05     1.000E+01
7.00E-02     2.310E+05     1.000E+01
8.00E-02     2.333E+05     1.000E+01
9.00E-02     2.356E+05     1.000E+01
1.00E-01     2.379E+05     1.000E+01
1.10E-01     2.405E+05     1.000E+01
1.20E-01     2.431E+05     1.000E+01
1.30E-01     2.457E+05     1.000E+01
1.40E-01     2.483E+05     1.000E+01
1.50E-01     2.509E+05     1.000E+01
1.60E-01     2.538E+05     1.000E+01
1.80E-01     2.596E+05     1.000E+01
2.00E-01     2.653E+05     1.000E+01
2.50E-01     2.799E+05     1.000E+01
3.00E-01     2.937E+05     1.000E+01
3.50E-01     3.061E+05     1.000E+01
4.00E-01     3.185E+05     1.000E+01
4.50E-01     3.296E+05     1.000E+01
5.00E-01     3.407E+05     1.000E+01
6.00E-01     3.612E+05     1.000E+01
7.00E-01     3.806E+05     1.000E+01
8.00E-01     3.991E+05     1.000E+01
9.00E-01     4.166E+05     1.000E+01
1.00E+00     4.332E+05     1.000E+01
1.25E+00     4.682E+05     1.000E+01
1.50E+00     5.033E+05     1.000E+01
1.75E+00     5.290E+05     1.000E+01
2.00E+00     5.547E+05     1.000E+01
2.50E+00     5.917E+05     1.000E+01
3.00E+00     6.185E+05     1.000E+01
3.50E+00     6.384E+05     1.000E+01
4.00E+00     6.534E+05     1.000E+01
5.00E+00     6.740E+05     1.000E+01
6.00E+00     6.864E+05     1.000E+01
7.00E+00     6.889E+05     1.000E+01
8.00E+00     6.455E+05     1.000E+01
9.00E+00     4.508E+05     1.000E+01
1.00E+01     1.912E+05     1.000E+01
