4        p rb77 sr78                       taly      5.63300E+00      
1.00E-03     0.000E+00     1.000E+00
2.00E-03     0.000E+00     1.000E+00
3.00E-03     0.000E+00     1.000E+00
4.00E-03     0.000E+00     1.000E+00
5.00E-03     0.000E+00     1.000E+00
6.00E-03     0.000E+00     1.000E+00
7.00E-03     0.000E+00     1.000E+00
8.00E-03     0.000E+00     1.000E+00
9.00E-03     0.000E+00     1.000E+00
1.00E-02     0.000E+00     1.000E+00
1.10E-02     3.206E-98     1.000E+01
1.20E-02     1.028E-96     1.000E+01
1.30E-02     3.294E-95     1.000E+01
1.40E-02     1.056E-93     1.000E+01
1.50E-02     3.384E-92     1.000E+01
1.60E-02     1.085E-90     1.000E+01
1.80E-02     1.115E-87     1.000E+01
2.00E-02     1.145E-84     1.000E+01
2.50E-02     3.877E-77     1.000E+01
3.00E-02     1.312E-69     1.000E+01
4.00E-02     1.503E-54     1.000E+01
5.00E-02     1.722E-39     1.000E+01
6.00E-02     7.049E-37     1.000E+01
7.00E-02     2.886E-34     1.000E+01
8.00E-02     1.181E-31     1.000E+01
9.00E-02     4.837E-29     1.000E+01
1.00E-01     1.980E-26     1.000E+01
1.10E-01     2.476E-25     1.000E+01
1.20E-01     3.095E-24     1.000E+01
1.30E-01     3.869E-23     1.000E+01
1.40E-01     4.837E-22     1.000E+01
1.50E-01     6.046E-21     1.000E+01
1.60E-01     2.946E-20     1.000E+01
1.80E-01     6.992E-19     1.000E+01
2.00E-01     1.659E-17     1.000E+01
2.50E-01     4.625E-15     1.000E+01
3.00E-01     3.384E-13     1.000E+01
3.50E-01     7.713E-12     1.000E+01
4.00E-01     1.758E-10     1.000E+01
4.50E-01     1.616E-09     1.000E+01
5.00E-01     1.487E-08     1.000E+01
6.00E-01     4.333E-07     1.000E+01
7.00E-01     6.347E-06     1.000E+01
8.00E-01     5.767E-05     1.000E+01
9.00E-01     3.683E-04     1.000E+01
1.00E+00     1.790E-03     1.000E+01
1.25E+00     2.578E-02     1.000E+01
1.50E+00     3.713E-01     1.000E+01
1.75E+00     1.692E+00     1.000E+01
2.00E+00     7.709E+00     1.000E+01
2.50E+00     5.415E+01     1.000E+01
3.00E+00     2.112E+02     1.000E+01
3.50E+00     5.770E+02     1.000E+01
4.00E+00     1.237E+03     1.000E+01
5.00E+00     3.284E+03     1.000E+01
6.00E+00     4.813E+03     1.000E+01
7.00E+00     4.913E+03     1.000E+01
8.00E+00     4.369E+03     1.000E+01
9.00E+00     3.756E+03     1.000E+01
1.00E+01     3.220E+03     1.000E+01
