5        n rb75  he4 br72                  taly      7.49400E+00      
1.00E-03     2.680E+04     1.000E+01
2.00E-03     2.703E+04     1.000E+01
3.00E-03     2.726E+04     1.000E+01
4.00E-03     2.749E+04     1.000E+01
5.00E-03     2.772E+04     1.000E+01
6.00E-03     2.758E+04     1.000E+01
7.00E-03     2.744E+04     1.000E+01
8.00E-03     2.730E+04     1.000E+01
9.00E-03     2.715E+04     1.000E+01
1.00E-02     2.701E+04     1.000E+01
1.10E-02     2.703E+04     1.000E+01
1.20E-02     2.705E+04     1.000E+01
1.30E-02     2.707E+04     1.000E+01
1.40E-02     2.709E+04     1.000E+01
1.50E-02     2.711E+04     1.000E+01
1.60E-02     2.713E+04     1.000E+01
1.80E-02     2.716E+04     1.000E+01
2.00E-02     2.720E+04     1.000E+01
2.50E-02     2.730E+04     1.000E+01
3.00E-02     2.739E+04     1.000E+01
4.00E-02     2.758E+04     1.000E+01
5.00E-02     2.778E+04     1.000E+01
6.00E-02     2.809E+04     1.000E+01
7.00E-02     2.841E+04     1.000E+01
8.00E-02     2.873E+04     1.000E+01
9.00E-02     2.905E+04     1.000E+01
1.00E-01     2.938E+04     1.000E+01
1.10E-01     2.975E+04     1.000E+01
1.20E-01     3.012E+04     1.000E+01
1.30E-01     3.051E+04     1.000E+01
1.40E-01     3.089E+04     1.000E+01
1.50E-01     3.128E+04     1.000E+01
1.60E-01     3.171E+04     1.000E+01
1.80E-01     3.259E+04     1.000E+01
2.00E-01     3.349E+04     1.000E+01
2.50E-01     3.581E+04     1.000E+01
3.00E-01     3.813E+04     1.000E+01
3.50E-01     4.036E+04     1.000E+01
4.00E-01     4.272E+04     1.000E+01
4.50E-01     4.500E+04     1.000E+01
5.00E-01     4.740E+04     1.000E+01
6.00E-01     5.230E+04     1.000E+01
7.00E-01     5.751E+04     1.000E+01
8.00E-01     6.304E+04     1.000E+01
9.00E-01     6.891E+04     1.000E+01
1.00E+00     7.513E+04     1.000E+01
1.25E+00     9.175E+04     1.000E+01
1.50E+00     1.120E+05     1.000E+01
1.75E+00     1.334E+05     1.000E+01
2.00E+00     1.589E+05     1.000E+01
2.50E+00     2.166E+05     1.000E+01
3.00E+00     2.873E+05     1.000E+01
3.50E+00     3.734E+05     1.000E+01
4.00E+00     4.776E+05     1.000E+01
5.00E+00     7.489E+05     1.000E+01
6.00E+00     1.117E+06     1.000E+01
7.00E+00     1.602E+06     1.000E+01
8.00E+00     2.225E+06     1.000E+01
9.00E+00     2.766E+06     1.000E+01
1.00E+01     2.720E+06     1.000E+01
