4        p rh92 pd93                       taly      3.43000E+00      
1.00E-03     0.000E+00     1.000E+00
2.00E-03     0.000E+00     1.000E+00
3.00E-03     0.000E+00     1.000E+00
4.00E-03     0.000E+00     1.000E+00
5.00E-03     0.000E+00     1.000E+00
6.00E-03     0.000E+00     1.000E+00
7.00E-03     0.000E+00     1.000E+00
8.00E-03     0.000E+00     1.000E+00
9.00E-03     0.000E+00     1.000E+00
1.00E-02     0.000E+00     1.000E+00
1.10E-02     0.000E+00     1.000E+00
1.20E-02     0.000E+00     1.000E+00
1.30E-02     0.000E+00     1.000E+00
1.40E-02     0.000E+00     1.000E+00
1.50E-02     0.000E+00     1.000E+00
1.60E-02     0.000E+00     1.000E+00
1.80E-02     0.000E+00     1.000E+00
2.00E-02     0.000E+00     1.000E+00
2.50E-02     0.000E+00     1.000E+00
3.00E-02     0.000E+00     1.000E+00
4.00E-02     0.000E+00     1.000E+00
5.00E-02     0.000E+00     1.000E+00
6.00E-02     4.008E-86     1.000E+01
7.00E-02     1.607E-72     1.000E+01
8.00E-02     6.439E-59     1.000E+01
9.00E-02     2.581E-45     1.000E+01
1.00E-01     1.034E-31     1.000E+01
1.10E-01     2.080E-30     1.000E+01
1.20E-01     4.183E-29     1.000E+01
1.30E-01     8.412E-28     1.000E+01
1.40E-01     1.692E-26     1.000E+01
1.50E-01     3.402E-25     1.000E+01
1.60E-01     2.086E-24     1.000E+01
1.80E-01     7.848E-23     1.000E+01
2.00E-01     2.952E-21     1.000E+01
2.50E-01     1.827E-18     1.000E+01
3.00E-01     2.448E-16     1.000E+01
3.50E-01     8.646E-15     1.000E+01
4.00E-01     3.053E-13     1.000E+01
4.50E-01     3.828E-12     1.000E+01
5.00E-01     4.799E-11     1.000E+01
6.00E-01     2.235E-09     1.000E+01
7.00E-01     4.694E-08     1.000E+01
8.00E-01     5.630E-07     1.000E+01
9.00E-01     4.457E-06     1.000E+01
1.00E+00     2.565E-05     1.000E+01
1.25E+00     4.723E-04     1.000E+01
1.50E+00     8.696E-03     1.000E+01
1.75E+00     4.588E-02     1.000E+01
2.00E+00     2.420E-01     1.000E+01
2.50E+00     2.173E+00     1.000E+01
3.00E+00     1.058E+01     1.000E+01
3.50E+00     3.554E+01     1.000E+01
4.00E+00     9.381E+01     1.000E+01
5.00E+00     4.129E+02     1.000E+01
6.00E+00     1.099E+03     1.000E+01
7.00E+00     1.301E+03     1.000E+01
8.00E+00     8.115E+02     1.000E+01
9.00E+00     4.747E+02     1.000E+01
1.00E+01     3.091E+02     1.000E+01
