4        p rh91 pd92                       taly      3.56300E+00      
1.00E-03     0.000E+00     1.000E+00
2.00E-03     0.000E+00     1.000E+00
3.00E-03     0.000E+00     1.000E+00
4.00E-03     0.000E+00     1.000E+00
5.00E-03     0.000E+00     1.000E+00
6.00E-03     0.000E+00     1.000E+00
7.00E-03     0.000E+00     1.000E+00
8.00E-03     0.000E+00     1.000E+00
9.00E-03     0.000E+00     1.000E+00
1.00E-02     0.000E+00     1.000E+00
1.10E-02     1.879E-98     1.000E+01
1.20E-02     3.532E-97     1.000E+01
1.30E-02     6.638E-96     1.000E+01
1.40E-02     1.248E-94     1.000E+01
1.50E-02     2.345E-93     1.000E+01
1.60E-02     4.406E-92     1.000E+01
1.80E-02     1.556E-89     1.000E+01
2.00E-02     5.497E-87     1.000E+01
2.50E-02     1.289E-80     1.000E+01
3.00E-02     3.022E-74     1.000E+01
4.00E-02     1.661E-61     1.000E+01
5.00E-02     9.131E-49     1.000E+01
6.00E-02     2.374E-45     1.000E+01
7.00E-02     6.173E-42     1.000E+01
8.00E-02     1.605E-38     1.000E+01
9.00E-02     4.173E-35     1.000E+01
1.00E-01     1.085E-31     1.000E+01
1.10E-01     2.112E-30     1.000E+01
1.20E-01     4.113E-29     1.000E+01
1.30E-01     8.007E-28     1.000E+01
1.40E-01     1.559E-26     1.000E+01
1.50E-01     3.035E-25     1.000E+01
1.60E-01     1.859E-24     1.000E+01
1.80E-01     6.971E-23     1.000E+01
2.00E-01     2.614E-21     1.000E+01
2.50E-01     1.622E-18     1.000E+01
3.00E-01     2.180E-16     1.000E+01
3.50E-01     7.713E-15     1.000E+01
4.00E-01     2.729E-13     1.000E+01
4.50E-01     3.413E-12     1.000E+01
5.00E-01     4.268E-11     1.000E+01
6.00E-01     1.938E-09     1.000E+01
7.00E-01     3.853E-08     1.000E+01
8.00E-01     4.229E-07     1.000E+01
9.00E-01     2.974E-06     1.000E+01
1.00E+00     1.489E-05     1.000E+01
1.25E+00     1.902E-04     1.000E+01
1.50E+00     2.431E-03     1.000E+01
1.75E+00     9.635E-03     1.000E+01
2.00E+00     3.819E-02     1.000E+01
2.50E+00     2.215E-01     1.000E+01
3.00E+00     7.552E-01     1.000E+01
3.50E+00     1.869E+00     1.000E+01
4.00E+00     3.750E+00     1.000E+01
5.00E+00     1.019E+01     1.000E+01
6.00E+00     2.010E+01     1.000E+01
7.00E+00     3.251E+01     1.000E+01
8.00E+00     4.583E+01     1.000E+01
9.00E+00     5.816E+01     1.000E+01
1.00E+01     6.792E+01     1.000E+01
