5        n rh91    p ru91                  taly      1.02260E+01      
1.00E-03     2.136E+08     1.000E+01
2.00E-03     2.171E+08     1.000E+01
3.00E-03     2.206E+08     1.000E+01
4.00E-03     2.242E+08     1.000E+01
5.00E-03     2.279E+08     1.000E+01
6.00E-03     2.283E+08     1.000E+01
7.00E-03     2.287E+08     1.000E+01
8.00E-03     2.291E+08     1.000E+01
9.00E-03     2.295E+08     1.000E+01
1.00E-02     2.299E+08     1.000E+01
1.10E-02     2.315E+08     1.000E+01
1.20E-02     2.330E+08     1.000E+01
1.30E-02     2.345E+08     1.000E+01
1.40E-02     2.361E+08     1.000E+01
1.50E-02     2.376E+08     1.000E+01
1.60E-02     2.392E+08     1.000E+01
1.80E-02     2.424E+08     1.000E+01
2.00E-02     2.456E+08     1.000E+01
2.50E-02     2.538E+08     1.000E+01
3.00E-02     2.623E+08     1.000E+01
4.00E-02     2.802E+08     1.000E+01
5.00E-02     2.992E+08     1.000E+01
6.00E-02     3.147E+08     1.000E+01
7.00E-02     3.310E+08     1.000E+01
8.00E-02     3.482E+08     1.000E+01
9.00E-02     3.662E+08     1.000E+01
1.00E-01     3.852E+08     1.000E+01
1.10E-01     4.007E+08     1.000E+01
1.20E-01     4.169E+08     1.000E+01
1.30E-01     4.337E+08     1.000E+01
1.40E-01     4.511E+08     1.000E+01
1.50E-01     4.693E+08     1.000E+01
1.60E-01     4.847E+08     1.000E+01
1.80E-01     5.172E+08     1.000E+01
2.00E-01     5.518E+08     1.000E+01
2.50E-01     6.304E+08     1.000E+01
3.00E-01     7.035E+08     1.000E+01
3.50E-01     7.648E+08     1.000E+01
4.00E-01     8.314E+08     1.000E+01
4.50E-01     8.798E+08     1.000E+01
5.00E-01     9.311E+08     1.000E+01
6.00E-01     9.913E+08     1.000E+01
7.00E-01     9.997E+08     1.000E+01
8.00E-01     9.560E+08     1.000E+01
9.00E-01     8.751E+08     1.000E+01
1.00E+00     7.778E+08     1.000E+01
1.25E+00     5.585E+08     1.000E+01
1.50E+00     4.011E+08     1.000E+01
1.75E+00     3.123E+08     1.000E+01
2.00E+00     2.432E+08     1.000E+01
2.50E+00     1.713E+08     1.000E+01
3.00E+00     1.326E+08     1.000E+01
3.50E+00     1.096E+08     1.000E+01
4.00E+00     9.497E+07     1.000E+01
5.00E+00     7.913E+07     1.000E+01
6.00E+00     7.202E+07     1.000E+01
7.00E+00     6.824E+07     1.000E+01
8.00E+00     6.482E+07     1.000E+01
9.00E+00     6.011E+07     1.000E+01
1.00E+01     5.364E+07     1.000E+01
