5        p rh91  he4 ru88                  taly      4.67000E-01      
1.00E-03     0.000E+00     1.000E+00
2.00E-03     0.000E+00     1.000E+00
3.00E-03     0.000E+00     1.000E+00
4.00E-03     0.000E+00     1.000E+00
5.00E-03     0.000E+00     1.000E+00
6.00E-03     0.000E+00     1.000E+00
7.00E-03     0.000E+00     1.000E+00
8.00E-03     0.000E+00     1.000E+00
9.00E-03     0.000E+00     1.000E+00
1.00E-02     0.000E+00     1.000E+00
1.10E-02     1.512E-98     1.000E+01
1.20E-02     2.286E-97     1.000E+01
1.30E-02     3.455E-96     1.000E+01
1.40E-02     5.224E-95     1.000E+01
1.50E-02     7.898E-94     1.000E+01
1.60E-02     1.194E-92     1.000E+01
1.80E-02     2.729E-90     1.000E+01
2.00E-02     6.237E-88     1.000E+01
2.50E-02     4.926E-82     1.000E+01
3.00E-02     3.890E-76     1.000E+01
4.00E-02     2.426E-64     1.000E+01
5.00E-02     1.513E-52     1.000E+01
6.00E-02     3.375E-49     1.000E+01
7.00E-02     7.525E-46     1.000E+01
8.00E-02     1.678E-42     1.000E+01
9.00E-02     3.742E-39     1.000E+01
1.00E-01     8.345E-36     1.000E+01
1.10E-01     1.048E-34     1.000E+01
1.20E-01     1.317E-33     1.000E+01
1.30E-01     1.654E-32     1.000E+01
1.40E-01     2.078E-31     1.000E+01
1.50E-01     2.610E-30     1.000E+01
1.60E-01     9.125E-30     1.000E+01
1.80E-01     1.115E-28     1.000E+01
2.00E-01     1.363E-27     1.000E+01
2.50E-01     5.641E-26     1.000E+01
3.00E-01     6.629E-25     1.000E+01
3.50E-01     3.048E-24     1.000E+01
4.00E-01     1.401E-23     1.000E+01
4.50E-01     3.446E-23     1.000E+01
5.00E-01     8.473E-23     1.000E+01
6.00E-01     2.701E-22     1.000E+01
7.00E-01     5.843E-22     1.000E+01
8.00E-01     9.752E-22     1.000E+01
9.00E-01     1.360E-21     1.000E+01
1.00E+00     1.693E-21     1.000E+01
1.25E+00     1.468E-19     1.000E+01
1.50E+00     1.274E-17     1.000E+01
1.75E+00     7.019E-16     1.000E+01
2.00E+00     3.867E-14     1.000E+01
2.50E+00     1.312E-11     1.000E+01
3.00E+00     1.294E-09     1.000E+01
3.50E+00     5.421E-08     1.000E+01
4.00E+00     1.199E-06     1.000E+01
5.00E+00     1.603E-04     1.000E+01
6.00E+00     7.718E-03     1.000E+01
7.00E+00     1.909E-01     1.000E+01
8.00E+00     2.562E+00     1.000E+01
9.00E+00     1.999E+01     1.000E+01
1.00E+01     9.990E+01     1.000E+01
