4      he4 rh92 ag96                       taly      3.93800E+00      
1.00E-03     0.000E+00     1.000E+00
2.00E-03     0.000E+00     1.000E+00
3.00E-03     0.000E+00     1.000E+00
4.00E-03     0.000E+00     1.000E+00
5.00E-03     0.000E+00     1.000E+00
6.00E-03     0.000E+00     1.000E+00
7.00E-03     0.000E+00     1.000E+00
8.00E-03     0.000E+00     1.000E+00
9.00E-03     0.000E+00     1.000E+00
1.00E-02     0.000E+00     1.000E+00
1.10E-02     0.000E+00     1.000E+00
1.20E-02     0.000E+00     1.000E+00
1.30E-02     0.000E+00     1.000E+00
1.40E-02     0.000E+00     1.000E+00
1.50E-02     0.000E+00     1.000E+00
1.60E-02     0.000E+00     1.000E+00
1.80E-02     0.000E+00     1.000E+00
2.00E-02     0.000E+00     1.000E+00
2.50E-02     0.000E+00     1.000E+00
3.00E-02     0.000E+00     1.000E+00
4.00E-02     0.000E+00     1.000E+00
5.00E-02     0.000E+00     1.000E+00
6.00E-02     0.000E+00     1.000E+00
7.00E-02     0.000E+00     1.000E+00
8.00E-02     0.000E+00     1.000E+00
9.00E-02     0.000E+00     1.000E+00
1.00E-01     0.000E+00     1.000E+00
1.10E-01     0.000E+00     1.000E+00
1.20E-01     0.000E+00     1.000E+00
1.30E-01     0.000E+00     1.000E+00
1.40E-01     0.000E+00     1.000E+00
1.50E-01     0.000E+00     1.000E+00
1.60E-01     0.000E+00     1.000E+00
1.80E-01     0.000E+00     1.000E+00
2.00E-01     0.000E+00     1.000E+00
2.50E-01     0.000E+00     1.000E+00
3.00E-01     0.000E+00     1.000E+00
3.50E-01     0.000E+00     1.000E+00
4.00E-01     0.000E+00     1.000E+00
4.50E-01     3.255E-71     1.000E+01
5.00E-01     1.060E-42     1.000E+01
6.00E-01     4.489E-38     1.000E+01
7.00E-01     1.084E-34     1.000E+01
8.00E-01     4.758E-32     1.000E+01
9.00E-01     7.059E-30     1.000E+01
1.00E+00     5.011E-28     1.000E+01
1.25E+00     9.085E-25     1.000E+01
1.50E+00     1.647E-21     1.000E+01
1.75E+00     1.716E-19     1.000E+01
2.00E+00     1.788E-17     1.000E+01
2.50E+00     1.271E-14     1.000E+01
3.00E+00     1.851E-12     1.000E+01
3.50E+00     9.478E-11     1.000E+01
4.00E+00     2.365E-09     1.000E+01
5.00E+00     3.467E-07     1.000E+01
6.00E+00     1.185E-05     1.000E+01
7.00E+00     9.125E-05     1.000E+01
8.00E+00     2.308E-04     1.000E+01
9.00E+00     3.983E-04     1.000E+01
1.00E+01     6.242E-04     1.000E+01
