4        n rh92 rh93                       taly      1.40840E+01      
1.00E-03     9.328E+03     1.000E+01
2.00E-03     9.504E+03     1.000E+01
3.00E-03     9.679E+03     1.000E+01
4.00E-03     9.855E+03     1.000E+01
5.00E-03     1.003E+04     1.000E+01
6.00E-03     1.007E+04     1.000E+01
7.00E-03     1.010E+04     1.000E+01
8.00E-03     1.013E+04     1.000E+01
9.00E-03     1.017E+04     1.000E+01
1.00E-02     1.020E+04     1.000E+01
1.10E-02     1.030E+04     1.000E+01
1.20E-02     1.039E+04     1.000E+01
1.30E-02     1.048E+04     1.000E+01
1.40E-02     1.058E+04     1.000E+01
1.50E-02     1.067E+04     1.000E+01
1.60E-02     1.076E+04     1.000E+01
1.80E-02     1.095E+04     1.000E+01
2.00E-02     1.114E+04     1.000E+01
2.50E-02     1.160E+04     1.000E+01
3.00E-02     1.207E+04     1.000E+01
4.00E-02     1.300E+04     1.000E+01
5.00E-02     1.393E+04     1.000E+01
6.00E-02     1.484E+04     1.000E+01
7.00E-02     1.574E+04     1.000E+01
8.00E-02     1.665E+04     1.000E+01
9.00E-02     1.756E+04     1.000E+01
1.00E-01     1.847E+04     1.000E+01
1.10E-01     1.935E+04     1.000E+01
1.20E-01     2.023E+04     1.000E+01
1.30E-01     2.111E+04     1.000E+01
1.40E-01     2.198E+04     1.000E+01
1.50E-01     2.286E+04     1.000E+01
1.60E-01     2.372E+04     1.000E+01
1.80E-01     2.542E+04     1.000E+01
2.00E-01     2.713E+04     1.000E+01
2.50E-01     3.117E+04     1.000E+01
3.00E-01     3.490E+04     1.000E+01
3.50E-01     3.816E+04     1.000E+01
4.00E-01     4.143E+04     1.000E+01
4.50E-01     4.418E+04     1.000E+01
5.00E-01     4.693E+04     1.000E+01
6.00E-01     5.163E+04     1.000E+01
7.00E-01     5.571E+04     1.000E+01
8.00E-01     5.928E+04     1.000E+01
9.00E-01     6.241E+04     1.000E+01
1.00E+00     6.517E+04     1.000E+01
1.25E+00     7.005E+04     1.000E+01
1.50E+00     7.492E+04     1.000E+01
1.75E+00     7.764E+04     1.000E+01
2.00E+00     8.036E+04     1.000E+01
2.50E+00     8.333E+04     1.000E+01
3.00E+00     8.479E+04     1.000E+01
3.50E+00     8.528E+04     1.000E+01
4.00E+00     8.510E+04     1.000E+01
5.00E+00     8.284E+04     1.000E+01
6.00E+00     6.959E+04     1.000E+01
7.00E+00     3.299E+04     1.000E+01
8.00E+00     1.036E+04     1.000E+01
9.00E+00     3.990E+03     1.000E+01
1.00E+01     2.168E+03     1.000E+01
