4      he4 rh91 ag95                       taly      3.22600E+00      
1.00E-03     0.000E+00     1.000E+00
2.00E-03     0.000E+00     1.000E+00
3.00E-03     0.000E+00     1.000E+00
4.00E-03     0.000E+00     1.000E+00
5.00E-03     0.000E+00     1.000E+00
6.00E-03     0.000E+00     1.000E+00
7.00E-03     0.000E+00     1.000E+00
8.00E-03     0.000E+00     1.000E+00
9.00E-03     0.000E+00     1.000E+00
1.00E-02     0.000E+00     1.000E+00
1.10E-02     0.000E+00     1.000E+00
1.20E-02     0.000E+00     1.000E+00
1.30E-02     0.000E+00     1.000E+00
1.40E-02     0.000E+00     1.000E+00
1.50E-02     0.000E+00     1.000E+00
1.60E-02     0.000E+00     1.000E+00
1.80E-02     0.000E+00     1.000E+00
2.00E-02     0.000E+00     1.000E+00
2.50E-02     0.000E+00     1.000E+00
3.00E-02     0.000E+00     1.000E+00
4.00E-02     0.000E+00     1.000E+00
5.00E-02     0.000E+00     1.000E+00
6.00E-02     0.000E+00     1.000E+00
7.00E-02     0.000E+00     1.000E+00
8.00E-02     0.000E+00     1.000E+00
9.00E-02     0.000E+00     1.000E+00
1.00E-01     0.000E+00     1.000E+00
1.10E-01     0.000E+00     1.000E+00
1.20E-01     0.000E+00     1.000E+00
1.30E-01     0.000E+00     1.000E+00
1.40E-01     0.000E+00     1.000E+00
1.50E-01     0.000E+00     1.000E+00
1.60E-01     0.000E+00     1.000E+00
1.80E-01     0.000E+00     1.000E+00
2.00E-01     0.000E+00     1.000E+00
2.50E-01     0.000E+00     1.000E+00
3.00E-01     0.000E+00     1.000E+00
3.50E-01     0.000E+00     1.000E+00
4.00E-01     0.000E+00     1.000E+00
4.50E-01     3.551E-71     1.000E+01
5.00E-01     1.261E-42     1.000E+01
6.00E-01     5.067E-38     1.000E+01
7.00E-01     1.104E-34     1.000E+01
8.00E-01     4.146E-32     1.000E+01
9.00E-01     5.083E-30     1.000E+01
1.00E+00     2.940E-28     1.000E+01
1.25E+00     3.436E-25     1.000E+01
1.50E+00     4.016E-22     1.000E+01
1.75E+00     2.912E-20     1.000E+01
2.00E+00     2.111E-18     1.000E+01
2.50E+00     7.271E-16     1.000E+01
3.00E+00     5.550E-14     1.000E+01
3.50E+00     1.705E-12     1.000E+01
4.00E+00     2.908E-11     1.000E+01
5.00E+00     2.803E-09     1.000E+01
6.00E+00     9.819E-08     1.000E+01
7.00E+00     1.582E-06     1.000E+01
8.00E+00     1.389E-05     1.000E+01
9.00E+00     7.596E-05     1.000E+01
1.00E+01     2.864E-04     1.000E+01
