4      he4 rh93 ag97                       taly      4.23900E+00      
1.00E-03     0.000E+00     1.000E+00
2.00E-03     0.000E+00     1.000E+00
3.00E-03     0.000E+00     1.000E+00
4.00E-03     0.000E+00     1.000E+00
5.00E-03     0.000E+00     1.000E+00
6.00E-03     0.000E+00     1.000E+00
7.00E-03     0.000E+00     1.000E+00
8.00E-03     0.000E+00     1.000E+00
9.00E-03     0.000E+00     1.000E+00
1.00E-02     0.000E+00     1.000E+00
1.10E-02     0.000E+00     1.000E+00
1.20E-02     0.000E+00     1.000E+00
1.30E-02     0.000E+00     1.000E+00
1.40E-02     0.000E+00     1.000E+00
1.50E-02     0.000E+00     1.000E+00
1.60E-02     0.000E+00     1.000E+00
1.80E-02     0.000E+00     1.000E+00
2.00E-02     0.000E+00     1.000E+00
2.50E-02     0.000E+00     1.000E+00
3.00E-02     0.000E+00     1.000E+00
4.00E-02     0.000E+00     1.000E+00
5.00E-02     0.000E+00     1.000E+00
6.00E-02     0.000E+00     1.000E+00
7.00E-02     0.000E+00     1.000E+00
8.00E-02     0.000E+00     1.000E+00
9.00E-02     0.000E+00     1.000E+00
1.00E-01     0.000E+00     1.000E+00
1.10E-01     0.000E+00     1.000E+00
1.20E-01     0.000E+00     1.000E+00
1.30E-01     0.000E+00     1.000E+00
1.40E-01     0.000E+00     1.000E+00
1.50E-01     0.000E+00     1.000E+00
1.60E-01     0.000E+00     1.000E+00
1.80E-01     0.000E+00     1.000E+00
2.00E-01     0.000E+00     1.000E+00
2.50E-01     0.000E+00     1.000E+00
3.00E-01     0.000E+00     1.000E+00
3.50E-01     0.000E+00     1.000E+00
4.00E-01     0.000E+00     1.000E+00
4.50E-01     3.471E-71     1.000E+01
5.00E-01     1.205E-42     1.000E+01
6.00E-01     4.887E-38     1.000E+01
7.00E-01     1.082E-34     1.000E+01
8.00E-01     4.149E-32     1.000E+01
9.00E-01     5.186E-30     1.000E+01
1.00E+00     3.051E-28     1.000E+01
1.25E+00     3.974E-25     1.000E+01
1.50E+00     5.178E-22     1.000E+01
1.75E+00     4.892E-20     1.000E+01
2.00E+00     4.622E-18     1.000E+01
2.50E+00     2.817E-15     1.000E+01
3.00E+00     3.463E-13     1.000E+01
3.50E+00     1.514E-11     1.000E+01
4.00E+00     3.276E-10     1.000E+01
5.00E+00     3.802E-08     1.000E+01
6.00E+00     1.211E-06     1.000E+01
7.00E+00     1.295E-05     1.000E+01
8.00E+00     5.179E-05     1.000E+01
9.00E+00     1.199E-04     1.000E+01
1.00E+01     2.295E-04     1.000E+01
