5        n rh91  he4 tc88                  taly      8.53100E+00      
1.00E-03     7.971E+02     1.000E+01
2.00E-03     8.064E+02     1.000E+01
3.00E-03     8.158E+02     1.000E+01
4.00E-03     8.252E+02     1.000E+01
5.00E-03     8.348E+02     1.000E+01
6.00E-03     8.328E+02     1.000E+01
7.00E-03     8.308E+02     1.000E+01
8.00E-03     8.287E+02     1.000E+01
9.00E-03     8.267E+02     1.000E+01
1.00E-02     8.247E+02     1.000E+01
1.10E-02     8.274E+02     1.000E+01
1.20E-02     8.300E+02     1.000E+01
1.30E-02     8.327E+02     1.000E+01
1.40E-02     8.354E+02     1.000E+01
1.50E-02     8.380E+02     1.000E+01
1.60E-02     8.407E+02     1.000E+01
1.80E-02     8.461E+02     1.000E+01
2.00E-02     8.516E+02     1.000E+01
2.50E-02     8.653E+02     1.000E+01
3.00E-02     8.793E+02     1.000E+01
4.00E-02     9.079E+02     1.000E+01
5.00E-02     9.374E+02     1.000E+01
6.00E-02     9.665E+02     1.000E+01
7.00E-02     9.965E+02     1.000E+01
8.00E-02     1.027E+03     1.000E+01
9.00E-02     1.059E+03     1.000E+01
1.00E-01     1.092E+03     1.000E+01
1.10E-01     1.123E+03     1.000E+01
1.20E-01     1.154E+03     1.000E+01
1.30E-01     1.186E+03     1.000E+01
1.40E-01     1.219E+03     1.000E+01
1.50E-01     1.253E+03     1.000E+01
1.60E-01     1.284E+03     1.000E+01
1.80E-01     1.349E+03     1.000E+01
2.00E-01     1.418E+03     1.000E+01
2.50E-01     1.583E+03     1.000E+01
3.00E-01     1.743E+03     1.000E+01
3.50E-01     1.886E+03     1.000E+01
4.00E-01     2.041E+03     1.000E+01
4.50E-01     2.166E+03     1.000E+01
5.00E-01     2.299E+03     1.000E+01
6.00E-01     2.484E+03     1.000E+01
7.00E-01     2.559E+03     1.000E+01
8.00E-01     2.514E+03     1.000E+01
9.00E-01     2.375E+03     1.000E+01
1.00E+00     2.187E+03     1.000E+01
1.25E+00     1.765E+03     1.000E+01
1.50E+00     1.425E+03     1.000E+01
1.75E+00     1.312E+03     1.000E+01
2.00E+00     1.208E+03     1.000E+01
2.50E+00     1.307E+03     1.000E+01
3.00E+00     1.701E+03     1.000E+01
3.50E+00     2.567E+03     1.000E+01
4.00E+00     4.325E+03     1.000E+01
5.00E+00     1.434E+04     1.000E+01
6.00E+00     4.725E+04     1.000E+01
7.00E+00     1.360E+05     1.000E+01
8.00E+00     3.259E+05     1.000E+01
9.00E+00     6.468E+05     1.000E+01
1.00E+01     1.080E+06     1.000E+01
