4        n rh90 rh91                       taly      1.49080E+01      
1.00E-03     1.730E+03     1.000E+01
2.00E-03     1.776E+03     1.000E+01
3.00E-03     1.823E+03     1.000E+01
4.00E-03     1.869E+03     1.000E+01
5.00E-03     1.915E+03     1.000E+01
6.00E-03     1.934E+03     1.000E+01
7.00E-03     1.953E+03     1.000E+01
8.00E-03     1.972E+03     1.000E+01
9.00E-03     1.991E+03     1.000E+01
1.00E-02     2.010E+03     1.000E+01
1.10E-02     2.040E+03     1.000E+01
1.20E-02     2.070E+03     1.000E+01
1.30E-02     2.100E+03     1.000E+01
1.40E-02     2.131E+03     1.000E+01
1.50E-02     2.161E+03     1.000E+01
1.60E-02     2.191E+03     1.000E+01
1.80E-02     2.252E+03     1.000E+01
2.00E-02     2.312E+03     1.000E+01
2.50E-02     2.464E+03     1.000E+01
3.00E-02     2.615E+03     1.000E+01
4.00E-02     2.918E+03     1.000E+01
5.00E-02     3.221E+03     1.000E+01
6.00E-02     3.511E+03     1.000E+01
7.00E-02     3.802E+03     1.000E+01
8.00E-02     4.092E+03     1.000E+01
9.00E-02     4.383E+03     1.000E+01
1.00E-01     4.673E+03     1.000E+01
1.10E-01     4.953E+03     1.000E+01
1.20E-01     5.234E+03     1.000E+01
1.30E-01     5.514E+03     1.000E+01
1.40E-01     5.794E+03     1.000E+01
1.50E-01     6.075E+03     1.000E+01
1.60E-01     6.346E+03     1.000E+01
1.80E-01     6.888E+03     1.000E+01
2.00E-01     7.430E+03     1.000E+01
2.50E-01     8.708E+03     1.000E+01
3.00E-01     9.856E+03     1.000E+01
3.50E-01     1.047E+04     1.000E+01
4.00E-01     1.108E+04     1.000E+01
4.50E-01     1.004E+04     1.000E+01
5.00E-01     8.999E+03     1.000E+01
6.00E-01     5.327E+03     1.000E+01
7.00E-01     2.982E+03     1.000E+01
8.00E-01     1.826E+03     1.000E+01
9.00E-01     1.252E+03     1.000E+01
1.00E+00     9.451E+02     1.000E+01
1.25E+00     7.311E+02     1.000E+01
1.50E+00     5.172E+02     1.000E+01
1.75E+00     4.883E+02     1.000E+01
2.00E+00     4.595E+02     1.000E+01
2.50E+00     4.567E+02     1.000E+01
3.00E+00     4.689E+02     1.000E+01
3.50E+00     4.872E+02     1.000E+01
4.00E+00     5.086E+02     1.000E+01
5.00E+00     5.573E+02     1.000E+01
6.00E+00     6.089E+02     1.000E+01
7.00E+00     6.548E+02     1.000E+01
8.00E+00     6.834E+02     1.000E+01
9.00E+00     6.842E+02     1.000E+01
1.00E+01     6.534E+02     1.000E+01
