5        n rh89    p ru89                  taly      1.28590E+01      
1.00E-03     1.076E+08     1.000E+01
2.00E-03     1.093E+08     1.000E+01
3.00E-03     1.111E+08     1.000E+01
4.00E-03     1.128E+08     1.000E+01
5.00E-03     1.146E+08     1.000E+01
6.00E-03     1.147E+08     1.000E+01
7.00E-03     1.148E+08     1.000E+01
8.00E-03     1.150E+08     1.000E+01
9.00E-03     1.151E+08     1.000E+01
1.00E-02     1.152E+08     1.000E+01
1.10E-02     1.159E+08     1.000E+01
1.20E-02     1.167E+08     1.000E+01
1.30E-02     1.174E+08     1.000E+01
1.40E-02     1.181E+08     1.000E+01
1.50E-02     1.188E+08     1.000E+01
1.60E-02     1.195E+08     1.000E+01
1.80E-02     1.210E+08     1.000E+01
2.00E-02     1.225E+08     1.000E+01
2.50E-02     1.263E+08     1.000E+01
3.00E-02     1.302E+08     1.000E+01
4.00E-02     1.385E+08     1.000E+01
5.00E-02     1.472E+08     1.000E+01
6.00E-02     1.544E+08     1.000E+01
7.00E-02     1.620E+08     1.000E+01
8.00E-02     1.699E+08     1.000E+01
9.00E-02     1.782E+08     1.000E+01
1.00E-01     1.869E+08     1.000E+01
1.10E-01     1.941E+08     1.000E+01
1.20E-01     2.016E+08     1.000E+01
1.30E-01     2.093E+08     1.000E+01
1.40E-01     2.174E+08     1.000E+01
1.50E-01     2.257E+08     1.000E+01
1.60E-01     2.329E+08     1.000E+01
1.80E-01     2.478E+08     1.000E+01
2.00E-01     2.637E+08     1.000E+01
2.50E-01     2.998E+08     1.000E+01
3.00E-01     3.333E+08     1.000E+01
3.50E-01     3.612E+08     1.000E+01
4.00E-01     3.914E+08     1.000E+01
4.50E-01     4.129E+08     1.000E+01
5.00E-01     4.355E+08     1.000E+01
6.00E-01     4.591E+08     1.000E+01
7.00E-01     4.560E+08     1.000E+01
8.00E-01     4.272E+08     1.000E+01
9.00E-01     3.821E+08     1.000E+01
1.00E+00     3.319E+08     1.000E+01
1.25E+00     2.288E+08     1.000E+01
1.50E+00     1.577E+08     1.000E+01
1.75E+00     1.202E+08     1.000E+01
2.00E+00     9.164E+07     1.000E+01
2.50E+00     6.250E+07     1.000E+01
3.00E+00     4.684E+07     1.000E+01
3.50E+00     3.722E+07     1.000E+01
4.00E+00     3.076E+07     1.000E+01
5.00E+00     2.261E+07     1.000E+01
6.00E+00     1.753E+07     1.000E+01
7.00E+00     1.382E+07     1.000E+01
8.00E+00     1.084E+07     1.000E+01
9.00E+00     8.375E+06     1.000E+01
1.00E+01     6.372E+06     1.000E+01
