5      he4 ru89    p rh92                  taly      2.80000E-02      
1.00E-03     0.000E+00     1.000E+00
2.00E-03     0.000E+00     1.000E+00
3.00E-03     0.000E+00     1.000E+00
4.00E-03     0.000E+00     1.000E+00
5.00E-03     0.000E+00     1.000E+00
6.00E-03     0.000E+00     1.000E+00
7.00E-03     0.000E+00     1.000E+00
8.00E-03     0.000E+00     1.000E+00
9.00E-03     0.000E+00     1.000E+00
1.00E-02     0.000E+00     1.000E+00
1.10E-02     0.000E+00     1.000E+00
1.20E-02     0.000E+00     1.000E+00
1.30E-02     0.000E+00     1.000E+00
1.40E-02     0.000E+00     1.000E+00
1.50E-02     0.000E+00     1.000E+00
1.60E-02     0.000E+00     1.000E+00
1.80E-02     0.000E+00     1.000E+00
2.00E-02     0.000E+00     1.000E+00
2.50E-02     0.000E+00     1.000E+00
3.00E-02     0.000E+00     1.000E+00
4.00E-02     0.000E+00     1.000E+00
5.00E-02     0.000E+00     1.000E+00
6.00E-02     0.000E+00     1.000E+00
7.00E-02     0.000E+00     1.000E+00
8.00E-02     0.000E+00     1.000E+00
9.00E-02     0.000E+00     1.000E+00
1.00E-01     0.000E+00     1.000E+00
1.10E-01     0.000E+00     1.000E+00
1.20E-01     0.000E+00     1.000E+00
1.30E-01     0.000E+00     1.000E+00
1.40E-01     0.000E+00     1.000E+00
1.50E-01     0.000E+00     1.000E+00
1.60E-01     0.000E+00     1.000E+00
1.80E-01     0.000E+00     1.000E+00
2.00E-01     0.000E+00     1.000E+00
2.50E-01     0.000E+00     1.000E+00
3.00E-01     0.000E+00     1.000E+00
3.50E-01     2.774E-73     1.000E+01
4.00E-01     7.696E-47     1.000E+01
4.50E-01     1.543E-43     1.000E+01
5.00E-01     3.093E-40     1.000E+01
6.00E-01     1.064E-35     1.000E+01
7.00E-01     2.877E-32     1.000E+01
8.00E-01     1.603E-29     1.000E+01
9.00E-01     3.072E-27     1.000E+01
1.00E+00     2.736E-25     1.000E+01
1.25E+00     6.936E-22     1.000E+01
1.50E+00     1.758E-18     1.000E+01
1.75E+00     2.280E-16     1.000E+01
2.00E+00     2.958E-14     1.000E+01
2.50E+00     2.710E-11     1.000E+01
3.00E+00     4.659E-09     1.000E+01
3.50E+00     2.721E-07     1.000E+01
4.00E+00     7.414E-06     1.000E+01
5.00E+00     1.061E-03     1.000E+01
6.00E+00     1.980E-02     1.000E+01
7.00E+00     7.684E-02     1.000E+01
8.00E+00     1.962E-01     1.000E+01
9.00E+00     4.853E-01     1.000E+01
1.00E+01     1.188E+00     1.000E+01
