4      he4 rh90 ag94                       taly      2.87700E+00      
1.00E-03     0.000E+00     1.000E+00
2.00E-03     0.000E+00     1.000E+00
3.00E-03     0.000E+00     1.000E+00
4.00E-03     0.000E+00     1.000E+00
5.00E-03     0.000E+00     1.000E+00
6.00E-03     0.000E+00     1.000E+00
7.00E-03     0.000E+00     1.000E+00
8.00E-03     0.000E+00     1.000E+00
9.00E-03     0.000E+00     1.000E+00
1.00E-02     0.000E+00     1.000E+00
1.10E-02     0.000E+00     1.000E+00
1.20E-02     0.000E+00     1.000E+00
1.30E-02     0.000E+00     1.000E+00
1.40E-02     0.000E+00     1.000E+00
1.50E-02     0.000E+00     1.000E+00
1.60E-02     0.000E+00     1.000E+00
1.80E-02     0.000E+00     1.000E+00
2.00E-02     0.000E+00     1.000E+00
2.50E-02     0.000E+00     1.000E+00
3.00E-02     0.000E+00     1.000E+00
4.00E-02     0.000E+00     1.000E+00
5.00E-02     0.000E+00     1.000E+00
6.00E-02     0.000E+00     1.000E+00
7.00E-02     0.000E+00     1.000E+00
8.00E-02     0.000E+00     1.000E+00
9.00E-02     0.000E+00     1.000E+00
1.00E-01     0.000E+00     1.000E+00
1.10E-01     0.000E+00     1.000E+00
1.20E-01     0.000E+00     1.000E+00
1.30E-01     0.000E+00     1.000E+00
1.40E-01     0.000E+00     1.000E+00
1.50E-01     0.000E+00     1.000E+00
1.60E-01     0.000E+00     1.000E+00
1.80E-01     0.000E+00     1.000E+00
2.00E-01     0.000E+00     1.000E+00
2.50E-01     0.000E+00     1.000E+00
3.00E-01     0.000E+00     1.000E+00
3.50E-01     0.000E+00     1.000E+00
4.00E-01     0.000E+00     1.000E+00
4.50E-01     8.481E-72     1.000E+01
5.00E-01     7.194E-44     1.000E+01
6.00E-01     1.737E-39     1.000E+01
7.00E-01     1.879E-36     1.000E+01
8.00E-01     3.488E-34     1.000E+01
9.00E-01     2.309E-32     1.000E+01
1.00E+00     8.370E-31     1.000E+01
1.25E+00     5.991E-28     1.000E+01
1.50E+00     4.288E-25     1.000E+01
1.75E+00     2.264E-23     1.000E+01
2.00E+00     1.195E-21     1.000E+01
2.50E+00     2.447E-19     1.000E+01
3.00E+00     1.319E-17     1.000E+01
3.50E+00     3.460E-16     1.000E+01
4.00E+00     5.790E-15     1.000E+01
5.00E+00     5.716E-13     1.000E+01
6.00E+00     1.783E-11     1.000E+01
7.00E+00     2.352E-10     1.000E+01
8.00E+00     1.674E-09     1.000E+01
9.00E+00     7.666E-09     1.000E+01
1.00E+01     2.552E-08     1.000E+01
