5      he4 rh90    p pd93                  taly      2.31700E+00      
1.00E-03     0.000E+00     1.000E+00
2.00E-03     0.000E+00     1.000E+00
3.00E-03     0.000E+00     1.000E+00
4.00E-03     0.000E+00     1.000E+00
5.00E-03     0.000E+00     1.000E+00
6.00E-03     0.000E+00     1.000E+00
7.00E-03     0.000E+00     1.000E+00
8.00E-03     0.000E+00     1.000E+00
9.00E-03     0.000E+00     1.000E+00
1.00E-02     0.000E+00     1.000E+00
1.10E-02     0.000E+00     1.000E+00
1.20E-02     0.000E+00     1.000E+00
1.30E-02     0.000E+00     1.000E+00
1.40E-02     0.000E+00     1.000E+00
1.50E-02     0.000E+00     1.000E+00
1.60E-02     0.000E+00     1.000E+00
1.80E-02     0.000E+00     1.000E+00
2.00E-02     0.000E+00     1.000E+00
2.50E-02     0.000E+00     1.000E+00
3.00E-02     0.000E+00     1.000E+00
4.00E-02     0.000E+00     1.000E+00
5.00E-02     0.000E+00     1.000E+00
6.00E-02     0.000E+00     1.000E+00
7.00E-02     0.000E+00     1.000E+00
8.00E-02     0.000E+00     1.000E+00
9.00E-02     0.000E+00     1.000E+00
1.00E-01     0.000E+00     1.000E+00
1.10E-01     0.000E+00     1.000E+00
1.20E-01     0.000E+00     1.000E+00
1.30E-01     0.000E+00     1.000E+00
1.40E-01     0.000E+00     1.000E+00
1.50E-01     0.000E+00     1.000E+00
1.60E-01     0.000E+00     1.000E+00
1.80E-01     0.000E+00     1.000E+00
2.00E-01     0.000E+00     1.000E+00
2.50E-01     0.000E+00     1.000E+00
3.00E-01     0.000E+00     1.000E+00
3.50E-01     0.000E+00     1.000E+00
4.00E-01     0.000E+00     1.000E+00
4.50E-01     1.219E-70     1.000E+01
5.00E-01     1.485E-41     1.000E+01
6.00E-01     4.937E-37     1.000E+01
7.00E-01     8.966E-34     1.000E+01
8.00E-01     3.263E-31     1.000E+01
9.00E-01     4.519E-29     1.000E+01
1.00E+00     3.316E-27     1.000E+01
1.25E+00     7.486E-24     1.000E+01
1.50E+00     1.690E-20     1.000E+01
1.75E+00     2.167E-18     1.000E+01
2.00E+00     2.779E-16     1.000E+01
2.50E+00     3.002E-13     1.000E+01
3.00E+00     6.247E-11     1.000E+01
3.50E+00     4.194E-09     1.000E+01
4.00E+00     1.253E-07     1.000E+01
5.00E+00     2.160E-05     1.000E+01
6.00E+00     8.759E-04     1.000E+01
7.00E+00     1.379E-02     1.000E+01
8.00E+00     1.120E-01     1.000E+01
9.00E+00     5.618E-01     1.000E+01
1.00E+01     1.962E+00     1.000E+01
