4        n ru86 ru87                       taly      1.34730E+01      
1.00E-03     2.673E+03     1.000E+01
2.00E-03     2.724E+03     1.000E+01
3.00E-03     2.774E+03     1.000E+01
4.00E-03     2.825E+03     1.000E+01
5.00E-03     2.875E+03     1.000E+01
6.00E-03     2.886E+03     1.000E+01
7.00E-03     2.896E+03     1.000E+01
8.00E-03     2.907E+03     1.000E+01
9.00E-03     2.917E+03     1.000E+01
1.00E-02     2.927E+03     1.000E+01
1.10E-02     2.955E+03     1.000E+01
1.20E-02     2.982E+03     1.000E+01
1.30E-02     3.010E+03     1.000E+01
1.40E-02     3.037E+03     1.000E+01
1.50E-02     3.065E+03     1.000E+01
1.60E-02     3.092E+03     1.000E+01
1.80E-02     3.147E+03     1.000E+01
2.00E-02     3.202E+03     1.000E+01
2.50E-02     3.339E+03     1.000E+01
3.00E-02     3.477E+03     1.000E+01
4.00E-02     3.751E+03     1.000E+01
5.00E-02     4.026E+03     1.000E+01
6.00E-02     4.300E+03     1.000E+01
7.00E-02     4.573E+03     1.000E+01
8.00E-02     4.847E+03     1.000E+01
9.00E-02     5.120E+03     1.000E+01
1.00E-01     5.394E+03     1.000E+01
1.10E-01     5.666E+03     1.000E+01
1.20E-01     5.937E+03     1.000E+01
1.30E-01     6.209E+03     1.000E+01
1.40E-01     6.480E+03     1.000E+01
1.50E-01     6.751E+03     1.000E+01
1.60E-01     7.021E+03     1.000E+01
1.80E-01     7.560E+03     1.000E+01
2.00E-01     8.099E+03     1.000E+01
2.50E-01     9.399E+03     1.000E+01
3.00E-01     1.062E+04     1.000E+01
3.50E-01     1.170E+04     1.000E+01
4.00E-01     1.278E+04     1.000E+01
4.50E-01     1.358E+04     1.000E+01
5.00E-01     1.437E+04     1.000E+01
6.00E-01     1.496E+04     1.000E+01
7.00E-01     1.429E+04     1.000E+01
8.00E-01     1.271E+04     1.000E+01
9.00E-01     1.085E+04     1.000E+01
1.00E+00     9.144E+03     1.000E+01
1.25E+00     6.925E+03     1.000E+01
1.50E+00     4.706E+03     1.000E+01
1.75E+00     4.016E+03     1.000E+01
2.00E+00     3.326E+03     1.000E+01
2.50E+00     2.713E+03     1.000E+01
3.00E+00     2.352E+03     1.000E+01
3.50E+00     2.104E+03     1.000E+01
4.00E+00     1.923E+03     1.000E+01
5.00E+00     1.682E+03     1.000E+01
6.00E+00     1.531E+03     1.000E+01
7.00E+00     1.399E+03     1.000E+01
8.00E+00     1.242E+03     1.000E+01
9.00E+00     1.054E+03     1.000E+01
1.00E+01     8.529E+02     1.000E+01
