4        p ru91 rh92                       taly      2.04800E+00      
1.00E-03     0.000E+00     1.000E+00
2.00E-03     0.000E+00     1.000E+00
3.00E-03     0.000E+00     1.000E+00
4.00E-03     0.000E+00     1.000E+00
5.00E-03     0.000E+00     1.000E+00
6.00E-03     0.000E+00     1.000E+00
7.00E-03     0.000E+00     1.000E+00
8.00E-03     0.000E+00     1.000E+00
9.00E-03     0.000E+00     1.000E+00
1.00E-02     0.000E+00     1.000E+00
1.10E-02     1.992E-98     1.000E+01
1.20E-02     3.969E-97     1.000E+01
1.30E-02     7.908E-96     1.000E+01
1.40E-02     1.575E-94     1.000E+01
1.50E-02     3.139E-93     1.000E+01
1.60E-02     6.254E-92     1.000E+01
1.80E-02     2.482E-89     1.000E+01
2.00E-02     9.852E-87     1.000E+01
2.50E-02     3.093E-80     1.000E+01
3.00E-02     9.707E-74     1.000E+01
4.00E-02     9.564E-61     1.000E+01
5.00E-02     9.422E-48     1.000E+01
6.00E-02     2.124E-44     1.000E+01
7.00E-02     4.786E-41     1.000E+01
8.00E-02     1.079E-37     1.000E+01
9.00E-02     2.431E-34     1.000E+01
1.00E-01     5.479E-31     1.000E+01
1.10E-01     1.012E-29     1.000E+01
1.20E-01     1.869E-28     1.000E+01
1.30E-01     3.453E-27     1.000E+01
1.40E-01     6.377E-26     1.000E+01
1.50E-01     1.178E-24     1.000E+01
1.60E-01     7.007E-24     1.000E+01
1.80E-01     2.479E-22     1.000E+01
2.00E-01     8.773E-21     1.000E+01
2.50E-01     4.909E-18     1.000E+01
3.00E-01     6.083E-16     1.000E+01
3.50E-01     2.016E-14     1.000E+01
4.00E-01     6.684E-13     1.000E+01
4.50E-01     7.864E-12     1.000E+01
5.00E-01     9.253E-11     1.000E+01
6.00E-01     3.720E-09     1.000E+01
7.00E-01     6.662E-08     1.000E+01
8.00E-01     6.826E-07     1.000E+01
9.00E-01     4.677E-06     1.000E+01
1.00E+00     2.371E-05     1.000E+01
1.25E+00     3.606E-04     1.000E+01
1.50E+00     5.484E-03     1.000E+01
1.75E+00     2.672E-02     1.000E+01
2.00E+00     1.302E-01     1.000E+01
2.50E+00     1.093E+00     1.000E+01
3.00E+00     5.277E+00     1.000E+01
3.50E+00     1.844E+01     1.000E+01
4.00E+00     5.253E+01     1.000E+01
5.00E+00     2.866E+02     1.000E+01
6.00E+00     9.790E+02     1.000E+01
7.00E+00     1.516E+03     1.000E+01
8.00E+00     1.161E+03     1.000E+01
9.00E+00     7.836E+02     1.000E+01
1.00E+01     5.690E+02     1.000E+01
