4        n ru88 ru89                       taly      1.17790E+01      
1.00E-03     5.818E+04     1.000E+01
2.00E-03     5.906E+04     1.000E+01
3.00E-03     5.994E+04     1.000E+01
4.00E-03     6.082E+04     1.000E+01
5.00E-03     6.169E+04     1.000E+01
6.00E-03     6.172E+04     1.000E+01
7.00E-03     6.174E+04     1.000E+01
8.00E-03     6.177E+04     1.000E+01
9.00E-03     6.179E+04     1.000E+01
1.00E-02     6.182E+04     1.000E+01
1.10E-02     6.220E+04     1.000E+01
1.20E-02     6.258E+04     1.000E+01
1.30E-02     6.296E+04     1.000E+01
1.40E-02     6.334E+04     1.000E+01
1.50E-02     6.372E+04     1.000E+01
1.60E-02     6.410E+04     1.000E+01
1.80E-02     6.487E+04     1.000E+01
2.00E-02     6.563E+04     1.000E+01
2.50E-02     6.754E+04     1.000E+01
3.00E-02     6.944E+04     1.000E+01
4.00E-02     7.326E+04     1.000E+01
5.00E-02     7.707E+04     1.000E+01
6.00E-02     8.090E+04     1.000E+01
7.00E-02     8.473E+04     1.000E+01
8.00E-02     8.856E+04     1.000E+01
9.00E-02     9.239E+04     1.000E+01
1.00E-01     9.623E+04     1.000E+01
1.10E-01     9.999E+04     1.000E+01
1.20E-01     1.037E+05     1.000E+01
1.30E-01     1.075E+05     1.000E+01
1.40E-01     1.113E+05     1.000E+01
1.50E-01     1.150E+05     1.000E+01
1.60E-01     1.187E+05     1.000E+01
1.80E-01     1.261E+05     1.000E+01
2.00E-01     1.335E+05     1.000E+01
2.50E-01     1.512E+05     1.000E+01
3.00E-01     1.675E+05     1.000E+01
3.50E-01     1.820E+05     1.000E+01
4.00E-01     1.964E+05     1.000E+01
4.50E-01     2.086E+05     1.000E+01
5.00E-01     2.209E+05     1.000E+01
6.00E-01     2.419E+05     1.000E+01
7.00E-01     2.601E+05     1.000E+01
8.00E-01     2.761E+05     1.000E+01
9.00E-01     2.900E+05     1.000E+01
1.00E+00     3.021E+05     1.000E+01
1.25E+00     3.215E+05     1.000E+01
1.50E+00     3.408E+05     1.000E+01
1.75E+00     3.470E+05     1.000E+01
2.00E+00     3.532E+05     1.000E+01
2.50E+00     3.502E+05     1.000E+01
3.00E+00     3.382E+05     1.000E+01
3.50E+00     3.127E+05     1.000E+01
4.00E+00     2.573E+05     1.000E+01
5.00E+00     9.980E+04     1.000E+01
6.00E+00     3.293E+04     1.000E+01
7.00E+00     1.568E+04     1.000E+01
8.00E+00     1.029E+04     1.000E+01
9.00E+00     7.906E+03     1.000E+01
1.00E+01     6.414E+03     1.000E+01
