4        n ru87 ru88                       taly      1.65380E+01      
1.00E-03     2.545E+03     1.000E+01
2.00E-03     2.578E+03     1.000E+01
3.00E-03     2.611E+03     1.000E+01
4.00E-03     2.644E+03     1.000E+01
5.00E-03     2.676E+03     1.000E+01
6.00E-03     2.673E+03     1.000E+01
7.00E-03     2.669E+03     1.000E+01
8.00E-03     2.665E+03     1.000E+01
9.00E-03     2.661E+03     1.000E+01
1.00E-02     2.657E+03     1.000E+01
1.10E-02     2.668E+03     1.000E+01
1.20E-02     2.680E+03     1.000E+01
1.30E-02     2.691E+03     1.000E+01
1.40E-02     2.703E+03     1.000E+01
1.50E-02     2.714E+03     1.000E+01
1.60E-02     2.726E+03     1.000E+01
1.80E-02     2.749E+03     1.000E+01
2.00E-02     2.772E+03     1.000E+01
2.50E-02     2.829E+03     1.000E+01
3.00E-02     2.887E+03     1.000E+01
4.00E-02     3.002E+03     1.000E+01
5.00E-02     3.117E+03     1.000E+01
6.00E-02     3.237E+03     1.000E+01
7.00E-02     3.357E+03     1.000E+01
8.00E-02     3.477E+03     1.000E+01
9.00E-02     3.597E+03     1.000E+01
1.00E-01     3.717E+03     1.000E+01
1.10E-01     3.837E+03     1.000E+01
1.20E-01     3.957E+03     1.000E+01
1.30E-01     4.077E+03     1.000E+01
1.40E-01     4.197E+03     1.000E+01
1.50E-01     4.318E+03     1.000E+01
1.60E-01     4.438E+03     1.000E+01
1.80E-01     4.678E+03     1.000E+01
2.00E-01     4.918E+03     1.000E+01
2.50E-01     5.499E+03     1.000E+01
3.00E-01     6.042E+03     1.000E+01
3.50E-01     6.492E+03     1.000E+01
4.00E-01     6.942E+03     1.000E+01
4.50E-01     7.103E+03     1.000E+01
5.00E-01     7.263E+03     1.000E+01
6.00E-01     6.538E+03     1.000E+01
7.00E-01     5.054E+03     1.000E+01
8.00E-01     3.607E+03     1.000E+01
9.00E-01     2.557E+03     1.000E+01
1.00E+00     1.870E+03     1.000E+01
1.25E+00     1.304E+03     1.000E+01
1.50E+00     7.386E+02     1.000E+01
1.75E+00     6.612E+02     1.000E+01
2.00E+00     5.839E+02     1.000E+01
2.50E+00     5.876E+02     1.000E+01
3.00E+00     6.186E+02     1.000E+01
3.50E+00     6.438E+02     1.000E+01
4.00E+00     6.549E+02     1.000E+01
5.00E+00     6.382E+02     1.000E+01
6.00E+00     5.911E+02     1.000E+01
7.00E+00     5.328E+02     1.000E+01
8.00E+00     4.714E+02     1.000E+01
9.00E+00     4.099E+02     1.000E+01
1.00E+01     3.501E+02     1.000E+01
