5      he4 ru86    p rh89                  taly      9.63000E-01      
1.00E-03     0.000E+00     1.000E+00
2.00E-03     0.000E+00     1.000E+00
3.00E-03     0.000E+00     1.000E+00
4.00E-03     0.000E+00     1.000E+00
5.00E-03     0.000E+00     1.000E+00
6.00E-03     0.000E+00     1.000E+00
7.00E-03     0.000E+00     1.000E+00
8.00E-03     0.000E+00     1.000E+00
9.00E-03     0.000E+00     1.000E+00
1.00E-02     0.000E+00     1.000E+00
1.10E-02     0.000E+00     1.000E+00
1.20E-02     0.000E+00     1.000E+00
1.30E-02     0.000E+00     1.000E+00
1.40E-02     0.000E+00     1.000E+00
1.50E-02     0.000E+00     1.000E+00
1.60E-02     0.000E+00     1.000E+00
1.80E-02     0.000E+00     1.000E+00
2.00E-02     0.000E+00     1.000E+00
2.50E-02     0.000E+00     1.000E+00
3.00E-02     0.000E+00     1.000E+00
4.00E-02     0.000E+00     1.000E+00
5.00E-02     0.000E+00     1.000E+00
6.00E-02     0.000E+00     1.000E+00
7.00E-02     0.000E+00     1.000E+00
8.00E-02     0.000E+00     1.000E+00
9.00E-02     0.000E+00     1.000E+00
1.00E-01     0.000E+00     1.000E+00
1.10E-01     0.000E+00     1.000E+00
1.20E-01     0.000E+00     1.000E+00
1.30E-01     0.000E+00     1.000E+00
1.40E-01     0.000E+00     1.000E+00
1.50E-01     0.000E+00     1.000E+00
1.60E-01     0.000E+00     1.000E+00
1.80E-01     0.000E+00     1.000E+00
2.00E-01     0.000E+00     1.000E+00
2.50E-01     0.000E+00     1.000E+00
3.00E-01     0.000E+00     1.000E+00
3.50E-01     1.270E-73     1.000E+01
4.00E-01     1.614E-47     1.000E+01
4.50E-01     2.920E-44     1.000E+01
5.00E-01     5.284E-41     1.000E+01
6.00E-01     1.499E-36     1.000E+01
7.00E-01     3.381E-33     1.000E+01
8.00E-01     1.615E-30     1.000E+01
9.00E-01     2.751E-28     1.000E+01
1.00E+00     2.268E-26     1.000E+01
1.25E+00     4.676E-23     1.000E+01
1.50E+00     9.641E-20     1.000E+01
1.75E+00     8.659E-18     1.000E+01
2.00E+00     7.777E-16     1.000E+01
2.50E+00     3.404E-13     1.000E+01
3.00E+00     2.974E-11     1.000E+01
3.50E+00     9.576E-10     1.000E+01
4.00E+00     1.580E-08     1.000E+01
5.00E+00     1.147E-06     1.000E+01
6.00E+00     2.569E-05     1.000E+01
7.00E+00     2.603E-04     1.000E+01
8.00E+00     1.496E-03     1.000E+01
9.00E+00     5.684E-03     1.000E+01
1.00E+01     1.597E-02     1.000E+01
