4      he4 ru87 pd91                       taly      2.77000E+00      
1.00E-03     0.000E+00     1.000E+00
2.00E-03     0.000E+00     1.000E+00
3.00E-03     0.000E+00     1.000E+00
4.00E-03     0.000E+00     1.000E+00
5.00E-03     0.000E+00     1.000E+00
6.00E-03     0.000E+00     1.000E+00
7.00E-03     0.000E+00     1.000E+00
8.00E-03     0.000E+00     1.000E+00
9.00E-03     0.000E+00     1.000E+00
1.00E-02     0.000E+00     1.000E+00
1.10E-02     0.000E+00     1.000E+00
1.20E-02     0.000E+00     1.000E+00
1.30E-02     0.000E+00     1.000E+00
1.40E-02     0.000E+00     1.000E+00
1.50E-02     0.000E+00     1.000E+00
1.60E-02     0.000E+00     1.000E+00
1.80E-02     0.000E+00     1.000E+00
2.00E-02     0.000E+00     1.000E+00
2.50E-02     0.000E+00     1.000E+00
3.00E-02     0.000E+00     1.000E+00
4.00E-02     0.000E+00     1.000E+00
5.00E-02     0.000E+00     1.000E+00
6.00E-02     0.000E+00     1.000E+00
7.00E-02     0.000E+00     1.000E+00
8.00E-02     0.000E+00     1.000E+00
9.00E-02     0.000E+00     1.000E+00
1.00E-01     0.000E+00     1.000E+00
1.10E-01     0.000E+00     1.000E+00
1.20E-01     0.000E+00     1.000E+00
1.30E-01     0.000E+00     1.000E+00
1.40E-01     0.000E+00     1.000E+00
1.50E-01     0.000E+00     1.000E+00
1.60E-01     0.000E+00     1.000E+00
1.80E-01     0.000E+00     1.000E+00
2.00E-01     0.000E+00     1.000E+00
2.50E-01     0.000E+00     1.000E+00
3.00E-01     0.000E+00     1.000E+00
3.50E-01     4.214E-74     1.000E+01
4.00E-01     1.776E-48     1.000E+01
4.50E-01     2.833E-45     1.000E+01
5.00E-01     4.520E-42     1.000E+01
6.00E-01     8.509E-38     1.000E+01
7.00E-01     1.067E-34     1.000E+01
8.00E-01     2.686E-32     1.000E+01
9.00E-01     2.458E-30     1.000E+01
1.00E+00     1.132E-28     1.000E+01
1.25E+00     9.150E-26     1.000E+01
1.50E+00     7.394E-23     1.000E+01
1.75E+00     4.504E-21     1.000E+01
2.00E+00     2.744E-19     1.000E+01
2.50E+00     8.534E-17     1.000E+01
3.00E+00     6.981E-15     1.000E+01
3.50E+00     2.538E-13     1.000E+01
4.00E+00     5.299E-12     1.000E+01
5.00E+00     6.948E-10     1.000E+01
6.00E+00     2.672E-08     1.000E+01
7.00E+00     4.137E-07     1.000E+01
8.00E+00     3.309E-06     1.000E+01
9.00E+00     1.638E-05     1.000E+01
1.00E+01     5.684E-05     1.000E+01
