4        p ru89 rh90                       taly      1.14100E+00      
1.00E-03     0.000E+00     1.000E+00
2.00E-03     0.000E+00     1.000E+00
3.00E-03     0.000E+00     1.000E+00
4.00E-03     0.000E+00     1.000E+00
5.00E-03     0.000E+00     1.000E+00
6.00E-03     0.000E+00     1.000E+00
7.00E-03     0.000E+00     1.000E+00
8.00E-03     0.000E+00     1.000E+00
9.00E-03     0.000E+00     1.000E+00
1.00E-02     0.000E+00     1.000E+00
1.10E-02     1.980E-98     1.000E+01
1.20E-02     3.918E-97     1.000E+01
1.30E-02     7.757E-96     1.000E+01
1.40E-02     1.535E-94     1.000E+01
1.50E-02     3.039E-93     1.000E+01
1.60E-02     6.017E-92     1.000E+01
1.80E-02     2.358E-89     1.000E+01
2.00E-02     9.238E-87     1.000E+01
2.50E-02     2.808E-80     1.000E+01
3.00E-02     8.535E-74     1.000E+01
4.00E-02     7.885E-61     1.000E+01
5.00E-02     7.284E-48     1.000E+01
6.00E-02     1.654E-44     1.000E+01
7.00E-02     3.758E-41     1.000E+01
8.00E-02     8.536E-38     1.000E+01
9.00E-02     1.939E-34     1.000E+01
1.00E-01     4.404E-31     1.000E+01
1.10E-01     8.189E-30     1.000E+01
1.20E-01     1.523E-28     1.000E+01
1.30E-01     2.831E-27     1.000E+01
1.40E-01     5.265E-26     1.000E+01
1.50E-01     9.791E-25     1.000E+01
1.60E-01     5.834E-24     1.000E+01
1.80E-01     2.072E-22     1.000E+01
2.00E-01     7.357E-21     1.000E+01
2.50E-01     4.144E-18     1.000E+01
3.00E-01     5.175E-16     1.000E+01
3.50E-01     1.735E-14     1.000E+01
4.00E-01     5.819E-13     1.000E+01
4.50E-01     6.981E-12     1.000E+01
5.00E-01     8.376E-11     1.000E+01
6.00E-01     3.524E-09     1.000E+01
7.00E-01     6.547E-08     1.000E+01
8.00E-01     6.855E-07     1.000E+01
9.00E-01     4.733E-06     1.000E+01
1.00E+00     2.395E-05     1.000E+01
1.25E+00     3.526E-04     1.000E+01
1.50E+00     5.192E-03     1.000E+01
1.75E+00     2.438E-02     1.000E+01
2.00E+00     1.145E-01     1.000E+01
2.50E+00     8.878E-01     1.000E+01
3.00E+00     3.896E+00     1.000E+01
3.50E+00     1.212E+01     1.000E+01
4.00E+00     3.012E+01     1.000E+01
5.00E+00     1.132E+02     1.000E+01
6.00E+00     1.578E+02     1.000E+01
7.00E+00     8.748E+01     1.000E+01
8.00E+00     4.565E+01     1.000E+01
9.00E+00     2.774E+01     1.000E+01
1.00E+01     1.937E+01     1.000E+01
