4        n ru89 ru90                       taly      1.48480E+01      
1.00E-03     2.078E+04     1.000E+01
2.00E-03     2.103E+04     1.000E+01
3.00E-03     2.129E+04     1.000E+01
4.00E-03     2.154E+04     1.000E+01
5.00E-03     2.180E+04     1.000E+01
6.00E-03     2.176E+04     1.000E+01
7.00E-03     2.171E+04     1.000E+01
8.00E-03     2.167E+04     1.000E+01
9.00E-03     2.162E+04     1.000E+01
1.00E-02     2.158E+04     1.000E+01
1.10E-02     2.166E+04     1.000E+01
1.20E-02     2.174E+04     1.000E+01
1.30E-02     2.182E+04     1.000E+01
1.40E-02     2.190E+04     1.000E+01
1.50E-02     2.198E+04     1.000E+01
1.60E-02     2.206E+04     1.000E+01
1.80E-02     2.222E+04     1.000E+01
2.00E-02     2.239E+04     1.000E+01
2.50E-02     2.279E+04     1.000E+01
3.00E-02     2.319E+04     1.000E+01
4.00E-02     2.400E+04     1.000E+01
5.00E-02     2.481E+04     1.000E+01
6.00E-02     2.565E+04     1.000E+01
7.00E-02     2.649E+04     1.000E+01
8.00E-02     2.734E+04     1.000E+01
9.00E-02     2.818E+04     1.000E+01
1.00E-01     2.903E+04     1.000E+01
1.10E-01     2.986E+04     1.000E+01
1.20E-01     3.070E+04     1.000E+01
1.30E-01     3.153E+04     1.000E+01
1.40E-01     3.237E+04     1.000E+01
1.50E-01     3.321E+04     1.000E+01
1.60E-01     3.404E+04     1.000E+01
1.80E-01     3.569E+04     1.000E+01
2.00E-01     3.735E+04     1.000E+01
2.50E-01     4.132E+04     1.000E+01
3.00E-01     4.501E+04     1.000E+01
3.50E-01     4.826E+04     1.000E+01
4.00E-01     5.151E+04     1.000E+01
4.50E-01     5.427E+04     1.000E+01
5.00E-01     5.703E+04     1.000E+01
6.00E-01     6.179E+04     1.000E+01
7.00E-01     6.594E+04     1.000E+01
8.00E-01     6.959E+04     1.000E+01
9.00E-01     7.281E+04     1.000E+01
1.00E+00     7.567E+04     1.000E+01
1.25E+00     8.081E+04     1.000E+01
1.50E+00     8.595E+04     1.000E+01
1.75E+00     8.903E+04     1.000E+01
2.00E+00     9.212E+04     1.000E+01
2.50E+00     9.619E+04     1.000E+01
3.00E+00     9.920E+04     1.000E+01
3.50E+00     1.017E+05     1.000E+01
4.00E+00     1.038E+05     1.000E+01
5.00E+00     1.006E+05     1.000E+01
6.00E+00     5.491E+04     1.000E+01
7.00E+00     1.963E+04     1.000E+01
8.00E+00     1.075E+04     1.000E+01
9.00E+00     8.162E+03     1.000E+01
1.00E+01     6.914E+03     1.000E+01
