4        n  s29  s30                       taly      1.89740E+01      
1.00E-03     2.664E+03     1.000E+01
2.00E-03     2.695E+03     1.000E+01
3.00E-03     2.726E+03     1.000E+01
4.00E-03     2.757E+03     1.000E+01
5.00E-03     2.788E+03     1.000E+01
6.00E-03     2.781E+03     1.000E+01
7.00E-03     2.774E+03     1.000E+01
8.00E-03     2.767E+03     1.000E+01
9.00E-03     2.759E+03     1.000E+01
1.00E-02     2.752E+03     1.000E+01
1.10E-02     2.761E+03     1.000E+01
1.20E-02     2.770E+03     1.000E+01
1.30E-02     2.780E+03     1.000E+01
1.40E-02     2.789E+03     1.000E+01
1.50E-02     2.798E+03     1.000E+01
1.60E-02     2.807E+03     1.000E+01
1.80E-02     2.825E+03     1.000E+01
2.00E-02     2.843E+03     1.000E+01
2.50E-02     2.888E+03     1.000E+01
3.00E-02     2.933E+03     1.000E+01
4.00E-02     3.024E+03     1.000E+01
5.00E-02     3.114E+03     1.000E+01
6.00E-02     3.212E+03     1.000E+01
7.00E-02     3.309E+03     1.000E+01
8.00E-02     3.406E+03     1.000E+01
9.00E-02     3.503E+03     1.000E+01
1.00E-01     3.600E+03     1.000E+01
1.10E-01     3.698E+03     1.000E+01
1.20E-01     3.796E+03     1.000E+01
1.30E-01     3.894E+03     1.000E+01
1.40E-01     3.992E+03     1.000E+01
1.50E-01     4.089E+03     1.000E+01
1.60E-01     4.188E+03     1.000E+01
1.80E-01     4.385E+03     1.000E+01
2.00E-01     4.582E+03     1.000E+01
2.50E-01     5.061E+03     1.000E+01
3.00E-01     5.515E+03     1.000E+01
3.50E-01     5.927E+03     1.000E+01
4.00E-01     6.338E+03     1.000E+01
4.50E-01     6.703E+03     1.000E+01
5.00E-01     7.067E+03     1.000E+01
6.00E-01     7.725E+03     1.000E+01
7.00E-01     8.326E+03     1.000E+01
8.00E-01     8.881E+03     1.000E+01
9.00E-01     9.404E+03     1.000E+01
1.00E+00     9.917E+03     1.000E+01
1.25E+00     1.184E+04     1.000E+01
1.50E+00     1.377E+04     1.000E+01
1.75E+00     1.874E+04     1.000E+01
2.00E+00     2.372E+04     1.000E+01
2.50E+00     4.017E+04     1.000E+01
3.00E+00     5.682E+04     1.000E+01
3.50E+00     6.758E+04     1.000E+01
4.00E+00     7.128E+04     1.000E+01
5.00E+00     6.604E+04     1.000E+01
6.00E+00     5.604E+04     1.000E+01
7.00E+00     4.685E+04     1.000E+01
8.00E+00     3.940E+04     1.000E+01
9.00E+00     3.349E+04     1.000E+01
1.00E+01     2.875E+04     1.000E+01
