5      he4  s29    p cl32                  taly      5.31500E+00      
1.00E-03     0.000E+00     1.000E+00
2.00E-03     0.000E+00     1.000E+00
3.00E-03     0.000E+00     1.000E+00
4.00E-03     0.000E+00     1.000E+00
5.00E-03     0.000E+00     1.000E+00
6.00E-03     0.000E+00     1.000E+00
7.00E-03     0.000E+00     1.000E+00
8.00E-03     0.000E+00     1.000E+00
9.00E-03     0.000E+00     1.000E+00
1.00E-02     0.000E+00     1.000E+00
1.10E-02     0.000E+00     1.000E+00
1.20E-02     0.000E+00     1.000E+00
1.30E-02     0.000E+00     1.000E+00
1.40E-02     0.000E+00     1.000E+00
1.50E-02     0.000E+00     1.000E+00
1.60E-02     0.000E+00     1.000E+00
1.80E-02     0.000E+00     1.000E+00
2.00E-02     0.000E+00     1.000E+00
2.50E-02     0.000E+00     1.000E+00
3.00E-02     0.000E+00     1.000E+00
4.00E-02     0.000E+00     1.000E+00
5.00E-02     0.000E+00     1.000E+00
6.00E-02     8.762E-88     1.000E+01
7.00E-02     7.678E-76     1.000E+01
8.00E-02     6.728E-64     1.000E+01
9.00E-02     5.896E-52     1.000E+01
1.00E-01     5.166E-40     1.000E+01
1.10E-01     2.593E-38     1.000E+01
1.20E-01     1.301E-36     1.000E+01
1.30E-01     6.530E-35     1.000E+01
1.40E-01     3.277E-33     1.000E+01
1.50E-01     1.645E-31     1.000E+01
1.60E-01     1.518E-30     1.000E+01
1.80E-01     1.293E-28     1.000E+01
2.00E-01     1.102E-26     1.000E+01
2.50E-01     2.608E-23     1.000E+01
3.00E-01     9.577E-21     1.000E+01
3.50E-01     6.972E-19     1.000E+01
4.00E-01     5.076E-17     1.000E+01
4.50E-01     1.052E-15     1.000E+01
5.00E-01     2.179E-14     1.000E+01
6.00E-01     2.151E-12     1.000E+01
7.00E-01     8.207E-11     1.000E+01
8.00E-01     1.620E-09     1.000E+01
9.00E-01     1.984E-08     1.000E+01
1.00E+00     1.694E-07     1.000E+01
1.25E+00     6.966E-06     1.000E+01
1.50E+00     2.866E-04     1.000E+01
1.75E+00     2.719E-03     1.000E+01
2.00E+00     2.580E-02     1.000E+01
2.50E+00     5.389E-01     1.000E+01
3.00E+00     4.684E+00     1.000E+01
3.50E+00     2.292E+01     1.000E+01
4.00E+00     7.614E+01     1.000E+01
5.00E+00     4.095E+02     1.000E+01
6.00E+00     1.259E+03     1.000E+01
7.00E+00     2.816E+03     1.000E+01
8.00E+00     5.147E+03     1.000E+01
9.00E+00     8.198E+03     1.000E+01
1.00E+01     1.182E+04     1.000E+01
