5        n  s27    p  p27                  taly      1.85320E+01      
1.00E-03     1.085E+06     1.000E+01
2.00E-03     1.095E+06     1.000E+01
3.00E-03     1.105E+06     1.000E+01
4.00E-03     1.115E+06     1.000E+01
5.00E-03     1.126E+06     1.000E+01
6.00E-03     1.121E+06     1.000E+01
7.00E-03     1.116E+06     1.000E+01
8.00E-03     1.111E+06     1.000E+01
9.00E-03     1.106E+06     1.000E+01
1.00E-02     1.101E+06     1.000E+01
1.10E-02     1.103E+06     1.000E+01
1.20E-02     1.104E+06     1.000E+01
1.30E-02     1.106E+06     1.000E+01
1.40E-02     1.107E+06     1.000E+01
1.50E-02     1.109E+06     1.000E+01
1.60E-02     1.110E+06     1.000E+01
1.80E-02     1.113E+06     1.000E+01
2.00E-02     1.116E+06     1.000E+01
2.50E-02     1.124E+06     1.000E+01
3.00E-02     1.131E+06     1.000E+01
4.00E-02     1.146E+06     1.000E+01
5.00E-02     1.162E+06     1.000E+01
6.00E-02     1.180E+06     1.000E+01
7.00E-02     1.199E+06     1.000E+01
8.00E-02     1.218E+06     1.000E+01
9.00E-02     1.237E+06     1.000E+01
1.00E-01     1.256E+06     1.000E+01
1.10E-01     1.275E+06     1.000E+01
1.20E-01     1.294E+06     1.000E+01
1.30E-01     1.314E+06     1.000E+01
1.40E-01     1.334E+06     1.000E+01
1.50E-01     1.354E+06     1.000E+01
1.60E-01     1.373E+06     1.000E+01
1.80E-01     1.412E+06     1.000E+01
2.00E-01     1.453E+06     1.000E+01
2.50E-01     1.550E+06     1.000E+01
3.00E-01     1.642E+06     1.000E+01
3.50E-01     1.722E+06     1.000E+01
4.00E-01     1.806E+06     1.000E+01
4.50E-01     1.876E+06     1.000E+01
5.00E-01     1.948E+06     1.000E+01
6.00E-01     2.075E+06     1.000E+01
7.00E-01     2.189E+06     1.000E+01
8.00E-01     2.293E+06     1.000E+01
9.00E-01     2.393E+06     1.000E+01
1.00E+00     2.497E+06     1.000E+01
1.25E+00     3.001E+06     1.000E+01
1.50E+00     3.607E+06     1.000E+01
1.75E+00     5.129E+06     1.000E+01
2.00E+00     7.292E+06     1.000E+01
2.50E+00     1.423E+07     1.000E+01
3.00E+00     2.294E+07     1.000E+01
3.50E+00     3.125E+07     1.000E+01
4.00E+00     3.763E+07     1.000E+01
5.00E+00     4.328E+07     1.000E+01
6.00E+00     4.196E+07     1.000E+01
7.00E+00     3.748E+07     1.000E+01
8.00E+00     3.218E+07     1.000E+01
9.00E+00     2.716E+07     1.000E+01
1.00E+01     2.276E+07     1.000E+01
