4        n  s28  s29                       taly      1.53000E+01      
1.00E-03     2.779E+03     1.000E+01
2.00E-03     2.807E+03     1.000E+01
3.00E-03     2.834E+03     1.000E+01
4.00E-03     2.862E+03     1.000E+01
5.00E-03     2.890E+03     1.000E+01
6.00E-03     2.878E+03     1.000E+01
7.00E-03     2.867E+03     1.000E+01
8.00E-03     2.855E+03     1.000E+01
9.00E-03     2.844E+03     1.000E+01
1.00E-02     2.833E+03     1.000E+01
1.10E-02     2.838E+03     1.000E+01
1.20E-02     2.843E+03     1.000E+01
1.30E-02     2.848E+03     1.000E+01
1.40E-02     2.853E+03     1.000E+01
1.50E-02     2.859E+03     1.000E+01
1.60E-02     2.864E+03     1.000E+01
1.80E-02     2.874E+03     1.000E+01
2.00E-02     2.884E+03     1.000E+01
2.50E-02     2.910E+03     1.000E+01
3.00E-02     2.936E+03     1.000E+01
4.00E-02     2.988E+03     1.000E+01
5.00E-02     3.040E+03     1.000E+01
6.00E-02     3.101E+03     1.000E+01
7.00E-02     3.162E+03     1.000E+01
8.00E-02     3.224E+03     1.000E+01
9.00E-02     3.285E+03     1.000E+01
1.00E-01     3.346E+03     1.000E+01
1.10E-01     3.409E+03     1.000E+01
1.20E-01     3.472E+03     1.000E+01
1.30E-01     3.535E+03     1.000E+01
1.40E-01     3.598E+03     1.000E+01
1.50E-01     3.660E+03     1.000E+01
1.60E-01     3.725E+03     1.000E+01
1.80E-01     3.854E+03     1.000E+01
2.00E-01     3.983E+03     1.000E+01
2.50E-01     4.300E+03     1.000E+01
3.00E-01     4.601E+03     1.000E+01
3.50E-01     4.875E+03     1.000E+01
4.00E-01     5.149E+03     1.000E+01
4.50E-01     5.393E+03     1.000E+01
5.00E-01     5.637E+03     1.000E+01
6.00E-01     6.080E+03     1.000E+01
7.00E-01     6.490E+03     1.000E+01
8.00E-01     6.869E+03     1.000E+01
9.00E-01     7.222E+03     1.000E+01
1.00E+00     7.552E+03     1.000E+01
1.25E+00     8.228E+03     1.000E+01
1.50E+00     8.905E+03     1.000E+01
1.75E+00     9.393E+03     1.000E+01
2.00E+00     9.882E+03     1.000E+01
2.50E+00     1.058E+04     1.000E+01
3.00E+00     1.106E+04     1.000E+01
3.50E+00     1.135E+04     1.000E+01
4.00E+00     1.146E+04     1.000E+01
5.00E+00     1.132E+04     1.000E+01
6.00E+00     1.084E+04     1.000E+01
7.00E+00     1.012E+04     1.000E+01
8.00E+00     9.151E+03     1.000E+01
9.00E+00     7.962E+03     1.000E+01
1.00E+01     6.694E+03     1.000E+01
