5      he4  s28    p cl31                  taly      6.27500E+00      
1.00E-03     0.000E+00     1.000E+00
2.00E-03     0.000E+00     1.000E+00
3.00E-03     0.000E+00     1.000E+00
4.00E-03     0.000E+00     1.000E+00
5.00E-03     0.000E+00     1.000E+00
6.00E-03     0.000E+00     1.000E+00
7.00E-03     0.000E+00     1.000E+00
8.00E-03     0.000E+00     1.000E+00
9.00E-03     0.000E+00     1.000E+00
1.00E-02     0.000E+00     1.000E+00
1.10E-02     0.000E+00     1.000E+00
1.20E-02     0.000E+00     1.000E+00
1.30E-02     0.000E+00     1.000E+00
1.40E-02     0.000E+00     1.000E+00
1.50E-02     0.000E+00     1.000E+00
1.60E-02     0.000E+00     1.000E+00
1.80E-02     0.000E+00     1.000E+00
2.00E-02     0.000E+00     1.000E+00
2.50E-02     0.000E+00     1.000E+00
3.00E-02     0.000E+00     1.000E+00
4.00E-02     0.000E+00     1.000E+00
5.00E-02     0.000E+00     1.000E+00
6.00E-02     5.705E-88     1.000E+01
7.00E-02     3.255E-76     1.000E+01
8.00E-02     1.857E-64     1.000E+01
9.00E-02     1.059E-52     1.000E+01
1.00E-01     6.044E-41     1.000E+01
1.10E-01     3.649E-39     1.000E+01
1.20E-01     2.202E-37     1.000E+01
1.30E-01     1.329E-35     1.000E+01
1.40E-01     8.025E-34     1.000E+01
1.50E-01     4.845E-32     1.000E+01
1.60E-01     4.677E-31     1.000E+01
1.80E-01     4.359E-29     1.000E+01
2.00E-01     4.062E-27     1.000E+01
2.50E-01     1.027E-23     1.000E+01
3.00E-01     3.940E-21     1.000E+01
3.50E-01     2.977E-19     1.000E+01
4.00E-01     2.249E-17     1.000E+01
4.50E-01     4.827E-16     1.000E+01
5.00E-01     1.036E-14     1.000E+01
6.00E-01     1.095E-12     1.000E+01
7.00E-01     4.451E-11     1.000E+01
8.00E-01     9.330E-10     1.000E+01
9.00E-01     1.210E-08     1.000E+01
1.00E+00     1.091E-07     1.000E+01
1.25E+00     5.022E-06     1.000E+01
1.50E+00     2.312E-04     1.000E+01
1.75E+00     2.417E-03     1.000E+01
2.00E+00     2.527E-02     1.000E+01
2.50E+00     6.497E-01     1.000E+01
3.00E+00     7.172E+00     1.000E+01
3.50E+00     4.557E+01     1.000E+01
4.00E+00     1.965E+02     1.000E+01
5.00E+00     1.667E+03     1.000E+01
6.00E+00     7.146E+03     1.000E+01
7.00E+00     1.976E+04     1.000E+01
8.00E+00     4.016E+04     1.000E+01
9.00E+00     6.494E+04     1.000E+01
1.00E+01     8.873E+04     1.000E+01
