4      he4  s27 ar31                       taly      8.15900E+00      
1.00E-03     0.000E+00     1.000E+00
2.00E-03     0.000E+00     1.000E+00
3.00E-03     0.000E+00     1.000E+00
4.00E-03     0.000E+00     1.000E+00
5.00E-03     0.000E+00     1.000E+00
6.00E-03     0.000E+00     1.000E+00
7.00E-03     0.000E+00     1.000E+00
8.00E-03     0.000E+00     1.000E+00
9.00E-03     0.000E+00     1.000E+00
1.00E-02     0.000E+00     1.000E+00
1.10E-02     0.000E+00     1.000E+00
1.20E-02     0.000E+00     1.000E+00
1.30E-02     0.000E+00     1.000E+00
1.40E-02     0.000E+00     1.000E+00
1.50E-02     0.000E+00     1.000E+00
1.60E-02     0.000E+00     1.000E+00
1.80E-02     0.000E+00     1.000E+00
2.00E-02     0.000E+00     1.000E+00
2.50E-02     0.000E+00     1.000E+00
3.00E-02     0.000E+00     1.000E+00
4.00E-02     0.000E+00     1.000E+00
5.00E-02     0.000E+00     1.000E+00
6.00E-02     8.890E-89     1.000E+01
7.00E-02     7.903E-78     1.000E+01
8.00E-02     7.025E-67     1.000E+01
9.00E-02     6.245E-56     1.000E+01
1.00E-01     5.552E-45     1.000E+01
1.10E-01     2.877E-43     1.000E+01
1.20E-01     1.491E-41     1.000E+01
1.30E-01     7.729E-40     1.000E+01
1.40E-01     4.006E-38     1.000E+01
1.50E-01     2.076E-36     1.000E+01
1.60E-01     1.543E-35     1.000E+01
1.80E-01     8.529E-34     1.000E+01
2.00E-01     4.714E-32     1.000E+01
2.50E-01     5.050E-29     1.000E+01
3.00E-01     1.634E-26     1.000E+01
3.50E-01     1.246E-24     1.000E+01
4.00E-01     9.494E-23     1.000E+01
4.50E-01     2.083E-21     1.000E+01
5.00E-01     4.572E-20     1.000E+01
6.00E-01     5.064E-18     1.000E+01
7.00E-01     2.163E-16     1.000E+01
8.00E-01     4.776E-15     1.000E+01
9.00E-01     6.527E-14     1.000E+01
1.00E+00     6.197E-13     1.000E+01
1.25E+00     3.211E-11     1.000E+01
1.50E+00     1.664E-09     1.000E+01
1.75E+00     1.924E-08     1.000E+01
2.00E+00     2.225E-07     1.000E+01
2.50E+00     6.586E-06     1.000E+01
3.00E+00     7.797E-05     1.000E+01
3.50E+00     5.000E-04     1.000E+01
4.00E+00     2.087E-03     1.000E+01
5.00E+00     1.561E-02     1.000E+01
6.00E+00     5.809E-02     1.000E+01
7.00E+00     1.434E-01     1.000E+01
8.00E+00     2.739E-01     1.000E+01
9.00E+00     4.419E-01     1.000E+01
1.00E+01     6.353E-01     1.000E+01
