4        n  s27  s28                       taly      2.10260E+01      
1.00E-03     2.136E+02     1.000E+01
2.00E-03     2.212E+02     1.000E+01
3.00E-03     2.289E+02     1.000E+01
4.00E-03     2.365E+02     1.000E+01
5.00E-03     2.441E+02     1.000E+01
6.00E-03     2.482E+02     1.000E+01
7.00E-03     2.522E+02     1.000E+01
8.00E-03     2.563E+02     1.000E+01
9.00E-03     2.603E+02     1.000E+01
1.00E-02     2.644E+02     1.000E+01
1.10E-02     2.700E+02     1.000E+01
1.20E-02     2.755E+02     1.000E+01
1.30E-02     2.811E+02     1.000E+01
1.40E-02     2.867E+02     1.000E+01
1.50E-02     2.922E+02     1.000E+01
1.60E-02     2.978E+02     1.000E+01
1.80E-02     3.090E+02     1.000E+01
2.00E-02     3.201E+02     1.000E+01
2.50E-02     3.480E+02     1.000E+01
3.00E-02     3.758E+02     1.000E+01
4.00E-02     4.316E+02     1.000E+01
5.00E-02     4.873E+02     1.000E+01
6.00E-02     5.410E+02     1.000E+01
7.00E-02     5.948E+02     1.000E+01
8.00E-02     6.485E+02     1.000E+01
9.00E-02     7.022E+02     1.000E+01
1.00E-01     7.559E+02     1.000E+01
1.10E-01     8.086E+02     1.000E+01
1.20E-01     8.614E+02     1.000E+01
1.30E-01     9.141E+02     1.000E+01
1.40E-01     9.668E+02     1.000E+01
1.50E-01     1.020E+03     1.000E+01
1.60E-01     1.072E+03     1.000E+01
1.80E-01     1.175E+03     1.000E+01
2.00E-01     1.279E+03     1.000E+01
2.50E-01     1.530E+03     1.000E+01
3.00E-01     1.767E+03     1.000E+01
3.50E-01     1.982E+03     1.000E+01
4.00E-01     2.196E+03     1.000E+01
4.50E-01     2.387E+03     1.000E+01
5.00E-01     2.578E+03     1.000E+01
6.00E-01     2.921E+03     1.000E+01
7.00E-01     3.234E+03     1.000E+01
8.00E-01     3.521E+03     1.000E+01
9.00E-01     3.791E+03     1.000E+01
1.00E+00     4.057E+03     1.000E+01
1.25E+00     5.099E+03     1.000E+01
1.50E+00     6.141E+03     1.000E+01
1.75E+00     9.033E+03     1.000E+01
2.00E+00     1.193E+04     1.000E+01
2.50E+00     2.255E+04     1.000E+01
3.00E+00     3.589E+04     1.000E+01
3.50E+00     4.871E+04     1.000E+01
4.00E+00     5.869E+04     1.000E+01
5.00E+00     6.792E+04     1.000E+01
6.00E+00     6.642E+04     1.000E+01
7.00E+00     5.985E+04     1.000E+01
8.00E+00     5.185E+04     1.000E+01
9.00E+00     4.412E+04     1.000E+01
1.00E+01     3.727E+04     1.000E+01
