5      he4  s27    p cl30                  taly      7.72100E+00      
1.00E-03     0.000E+00     1.000E+00
2.00E-03     0.000E+00     1.000E+00
3.00E-03     0.000E+00     1.000E+00
4.00E-03     0.000E+00     1.000E+00
5.00E-03     0.000E+00     1.000E+00
6.00E-03     0.000E+00     1.000E+00
7.00E-03     0.000E+00     1.000E+00
8.00E-03     0.000E+00     1.000E+00
9.00E-03     0.000E+00     1.000E+00
1.00E-02     0.000E+00     1.000E+00
1.10E-02     0.000E+00     1.000E+00
1.20E-02     0.000E+00     1.000E+00
1.30E-02     0.000E+00     1.000E+00
1.40E-02     0.000E+00     1.000E+00
1.50E-02     0.000E+00     1.000E+00
1.60E-02     0.000E+00     1.000E+00
1.80E-02     0.000E+00     1.000E+00
2.00E-02     0.000E+00     1.000E+00
2.50E-02     0.000E+00     1.000E+00
3.00E-02     0.000E+00     1.000E+00
4.00E-02     0.000E+00     1.000E+00
5.00E-02     0.000E+00     1.000E+00
6.00E-02     3.728E-88     1.000E+01
7.00E-02     1.390E-76     1.000E+01
8.00E-02     5.181E-65     1.000E+01
9.00E-02     1.931E-53     1.000E+01
1.00E-01     7.200E-42     1.000E+01
1.10E-01     4.298E-40     1.000E+01
1.20E-01     2.566E-38     1.000E+01
1.30E-01     1.532E-36     1.000E+01
1.40E-01     9.143E-35     1.000E+01
1.50E-01     5.458E-33     1.000E+01
1.60E-01     5.204E-32     1.000E+01
1.80E-01     4.731E-30     1.000E+01
2.00E-01     4.301E-28     1.000E+01
2.50E-01     1.027E-24     1.000E+01
3.00E-01     3.752E-22     1.000E+01
3.50E-01     2.726E-20     1.000E+01
4.00E-01     1.981E-18     1.000E+01
4.50E-01     4.114E-17     1.000E+01
5.00E-01     8.543E-16     1.000E+01
6.00E-01     8.527E-14     1.000E+01
7.00E-01     3.301E-12     1.000E+01
8.00E-01     6.637E-11     1.000E+01
9.00E-01     8.303E-10     1.000E+01
1.00E+00     7.257E-09     1.000E+01
1.25E+00     3.180E-07     1.000E+01
1.50E+00     1.393E-05     1.000E+01
1.75E+00     1.417E-04     1.000E+01
2.00E+00     1.442E-03     1.000E+01
2.50E+00     3.510E-02     1.000E+01
3.00E+00     3.596E-01     1.000E+01
3.50E+00     2.078E+00     1.000E+01
4.00E+00     8.044E+00     1.000E+01
5.00E+00     5.459E+01     1.000E+01
6.00E+00     1.914E+02     1.000E+01
7.00E+00     4.521E+02     1.000E+01
8.00E+00     8.322E+02     1.000E+01
9.00E+00     1.298E+03     1.000E+01
1.00E+01     1.804E+03     1.000E+01
