4        n  s30  s31                       taly      1.30550E+01      
1.00E-03     3.652E+04     1.000E+01
2.00E-03     3.678E+04     1.000E+01
3.00E-03     3.705E+04     1.000E+01
4.00E-03     3.731E+04     1.000E+01
5.00E-03     3.758E+04     1.000E+01
6.00E-03     3.735E+04     1.000E+01
7.00E-03     3.713E+04     1.000E+01
8.00E-03     3.691E+04     1.000E+01
9.00E-03     3.669E+04     1.000E+01
1.00E-02     3.646E+04     1.000E+01
1.10E-02     3.647E+04     1.000E+01
1.20E-02     3.647E+04     1.000E+01
1.30E-02     3.647E+04     1.000E+01
1.40E-02     3.647E+04     1.000E+01
1.50E-02     3.648E+04     1.000E+01
1.60E-02     3.648E+04     1.000E+01
1.80E-02     3.648E+04     1.000E+01
2.00E-02     3.649E+04     1.000E+01
2.50E-02     3.650E+04     1.000E+01
3.00E-02     3.651E+04     1.000E+01
4.00E-02     3.654E+04     1.000E+01
5.00E-02     3.656E+04     1.000E+01
6.00E-02     3.679E+04     1.000E+01
7.00E-02     3.702E+04     1.000E+01
8.00E-02     3.724E+04     1.000E+01
9.00E-02     3.747E+04     1.000E+01
1.00E-01     3.770E+04     1.000E+01
1.10E-01     3.797E+04     1.000E+01
1.20E-01     3.825E+04     1.000E+01
1.30E-01     3.852E+04     1.000E+01
1.40E-01     3.880E+04     1.000E+01
1.50E-01     3.908E+04     1.000E+01
1.60E-01     3.939E+04     1.000E+01
1.80E-01     4.001E+04     1.000E+01
2.00E-01     4.064E+04     1.000E+01
2.50E-01     4.224E+04     1.000E+01
3.00E-01     4.378E+04     1.000E+01
3.50E-01     4.519E+04     1.000E+01
4.00E-01     4.660E+04     1.000E+01
4.50E-01     4.786E+04     1.000E+01
5.00E-01     4.912E+04     1.000E+01
6.00E-01     5.144E+04     1.000E+01
7.00E-01     5.361E+04     1.000E+01
8.00E-01     5.567E+04     1.000E+01
9.00E-01     5.762E+04     1.000E+01
1.00E+00     5.948E+04     1.000E+01
1.25E+00     6.354E+04     1.000E+01
1.50E+00     6.759E+04     1.000E+01
1.75E+00     7.087E+04     1.000E+01
2.00E+00     7.414E+04     1.000E+01
2.50E+00     7.953E+04     1.000E+01
3.00E+00     8.400E+04     1.000E+01
3.50E+00     8.773E+04     1.000E+01
4.00E+00     9.078E+04     1.000E+01
5.00E+00     9.500E+04     1.000E+01
6.00E+00     9.674E+04     1.000E+01
7.00E+00     9.576E+04     1.000E+01
8.00E+00     9.105E+04     1.000E+01
9.00E+00     8.082E+04     1.000E+01
1.00E+01     6.470E+04     1.000E+01
