4      he4  s34 ar38                       taly      7.20800E+00      
1.00E-03     0.000E+00     1.000E+00
2.00E-03     0.000E+00     1.000E+00
3.00E-03     0.000E+00     1.000E+00
4.00E-03     0.000E+00     1.000E+00
5.00E-03     0.000E+00     1.000E+00
6.00E-03     0.000E+00     1.000E+00
7.00E-03     0.000E+00     1.000E+00
8.00E-03     0.000E+00     1.000E+00
9.00E-03     0.000E+00     1.000E+00
1.00E-02     0.000E+00     1.000E+00
1.10E-02     0.000E+00     1.000E+00
1.20E-02     0.000E+00     1.000E+00
1.30E-02     0.000E+00     1.000E+00
1.40E-02     0.000E+00     1.000E+00
1.50E-02     0.000E+00     1.000E+00
1.60E-02     0.000E+00     1.000E+00
1.80E-02     0.000E+00     1.000E+00
2.00E-02     0.000E+00     1.000E+00
2.50E-02     0.000E+00     1.000E+00
3.00E-02     0.000E+00     1.000E+00
4.00E-02     0.000E+00     1.000E+00
5.00E-02     0.000E+00     1.000E+00
6.00E-02     6.041E-88     1.000E+01
7.00E-02     3.649E-76     1.000E+01
8.00E-02     2.204E-64     1.000E+01
9.00E-02     1.332E-52     1.000E+01
1.00E-01     8.043E-41     1.000E+01
1.10E-01     4.982E-39     1.000E+01
1.20E-01     3.086E-37     1.000E+01
1.30E-01     1.911E-35     1.000E+01
1.40E-01     1.184E-33     1.000E+01
1.50E-01     7.333E-32     1.000E+01
1.60E-01     7.174E-31     1.000E+01
1.80E-01     6.864E-29     1.000E+01
2.00E-01     6.568E-27     1.000E+01
2.50E-01     1.738E-23     1.000E+01
3.00E-01     6.911E-21     1.000E+01
3.50E-01     5.372E-19     1.000E+01
4.00E-01     4.176E-17     1.000E+01
4.50E-01     9.154E-16     1.000E+01
5.00E-01     2.006E-14     1.000E+01
6.00E-01     2.192E-12     1.000E+01
7.00E-01     9.155E-11     1.000E+01
8.00E-01     1.958E-09     1.000E+01
9.00E-01     2.562E-08     1.000E+01
1.00E+00     2.303E-07     1.000E+01
1.25E+00     9.576E-06     1.000E+01
1.50E+00     3.982E-04     1.000E+01
1.75E+00     3.392E-03     1.000E+01
2.00E+00     2.890E-02     1.000E+01
2.50E+00     4.642E-01     1.000E+01
3.00E+00     3.260E+00     1.000E+01
3.50E+00     1.383E+01     1.000E+01
4.00E+00     4.212E+01     1.000E+01
5.00E+00     2.079E+02     1.000E+01
6.00E+00     6.088E+02     1.000E+01
7.00E+00     1.291E+03     1.000E+01
8.00E+00     2.183E+03     1.000E+01
9.00E+00     3.080E+03     1.000E+01
1.00E+01     3.735E+03     1.000E+01
