5      he4  s31    p cl34                  taly      5.33000E-01      
1.00E-03     0.000E+00     1.000E+00
2.00E-03     0.000E+00     1.000E+00
3.00E-03     0.000E+00     1.000E+00
4.00E-03     0.000E+00     1.000E+00
5.00E-03     0.000E+00     1.000E+00
6.00E-03     0.000E+00     1.000E+00
7.00E-03     0.000E+00     1.000E+00
8.00E-03     0.000E+00     1.000E+00
9.00E-03     0.000E+00     1.000E+00
1.00E-02     0.000E+00     1.000E+00
1.10E-02     0.000E+00     1.000E+00
1.20E-02     0.000E+00     1.000E+00
1.30E-02     0.000E+00     1.000E+00
1.40E-02     0.000E+00     1.000E+00
1.50E-02     0.000E+00     1.000E+00
1.60E-02     0.000E+00     1.000E+00
1.80E-02     0.000E+00     1.000E+00
2.00E-02     0.000E+00     1.000E+00
2.50E-02     0.000E+00     1.000E+00
3.00E-02     0.000E+00     1.000E+00
4.00E-02     0.000E+00     1.000E+00
5.00E-02     0.000E+00     1.000E+00
6.00E-02     5.288E-88     1.000E+01
7.00E-02     2.797E-76     1.000E+01
8.00E-02     1.479E-64     1.000E+01
9.00E-02     7.822E-53     1.000E+01
1.00E-01     4.137E-41     1.000E+01
1.10E-01     2.549E-39     1.000E+01
1.20E-01     1.571E-37     1.000E+01
1.30E-01     9.678E-36     1.000E+01
1.40E-01     5.963E-34     1.000E+01
1.50E-01     3.674E-32     1.000E+01
1.60E-01     3.612E-31     1.000E+01
1.80E-01     3.491E-29     1.000E+01
2.00E-01     3.374E-27     1.000E+01
2.50E-01     9.210E-24     1.000E+01
3.00E-01     3.758E-21     1.000E+01
3.50E-01     2.983E-19     1.000E+01
4.00E-01     2.369E-17     1.000E+01
4.50E-01     5.300E-16     1.000E+01
5.00E-01     1.186E-14     1.000E+01
6.00E-01     1.351E-12     1.000E+01
7.00E-01     5.887E-11     1.000E+01
8.00E-01     1.320E-09     1.000E+01
9.00E-01     1.825E-08     1.000E+01
1.00E+00     1.752E-07     1.000E+01
1.25E+00     9.281E-06     1.000E+01
1.50E+00     4.918E-04     1.000E+01
1.75E+00     5.800E-03     1.000E+01
2.00E+00     6.839E-02     1.000E+01
2.50E+00     2.146E+00     1.000E+01
3.00E+00     2.792E+01     1.000E+01
3.50E+00     2.042E+02     1.000E+01
4.00E+00     9.999E+02     1.000E+01
5.00E+00     1.073E+04     1.000E+01
6.00E+00     5.753E+04     1.000E+01
7.00E+00     1.983E+05     1.000E+01
8.00E+00     5.018E+05     1.000E+01
9.00E+00     1.001E+06     1.000E+01
1.00E+01     1.642E+06     1.000E+01
