4        n  s32  s33                       taex      8.64100E+00      
1.00E-03     1.679E+06     1.049E+00
2.00E-03     1.602E+06     1.049E+00
3.00E-03     1.526E+06     1.049E+00
4.00E-03     1.449E+06     1.049E+00
5.00E-03     1.373E+06     1.049E+00
6.00E-03     1.350E+06     1.049E+00
7.00E-03     1.326E+06     1.049E+00
8.00E-03     1.303E+06     1.049E+00
9.00E-03     1.279E+06     1.049E+00
1.00E-02     1.256E+06     1.049E+00
1.10E-02     1.248E+06     1.049E+00
1.20E-02     1.240E+06     1.049E+00
1.30E-02     1.232E+06     1.049E+00
1.40E-02     1.224E+06     1.049E+00
1.50E-02     1.215E+06     1.049E+00
1.60E-02     1.207E+06     1.049E+00
1.80E-02     1.191E+06     1.049E+00
2.00E-02     1.175E+06     1.049E+00
2.50E-02     1.134E+06     1.049E+00
3.00E-02     1.094E+06     1.049E+00
4.00E-02     1.012E+06     1.049E+00
5.00E-02     9.310E+05     1.049E+00
6.00E-02     9.016E+05     1.049E+00
7.00E-02     8.722E+05     1.049E+00
8.00E-02     8.428E+05     1.049E+00
9.00E-02     8.133E+05     1.049E+00
1.00E-01     7.839E+05     1.049E+00
1.10E-01     7.689E+05     1.049E+00
1.20E-01     7.539E+05     1.049E+00
1.30E-01     7.389E+05     1.049E+00
1.40E-01     7.239E+05     1.049E+00
1.50E-01     7.089E+05     1.049E+00
1.60E-01     6.998E+05     1.049E+00
1.80E-01     6.816E+05     1.049E+00
2.00E-01     6.634E+05     1.049E+00
2.50E-01     6.325E+05     1.049E+00
3.00E-01     6.096E+05     1.049E+00
3.50E-01     5.933E+05     1.049E+00
4.00E-01     5.769E+05     1.049E+00
4.50E-01     5.654E+05     1.049E+00
5.00E-01     5.538E+05     1.049E+00
6.00E-01     5.367E+05     1.049E+00
7.00E-01     5.236E+05     1.049E+00
8.00E-01     5.134E+05     1.049E+00
9.00E-01     5.054E+05     1.049E+00
1.00E+00     4.991E+05     1.049E+00
1.25E+00     4.912E+05     1.049E+00
1.50E+00     4.833E+05     1.049E+00
1.75E+00     4.821E+05     1.049E+00
2.00E+00     4.810E+05     1.049E+00
2.50E+00     4.855E+05     1.049E+00
3.00E+00     4.940E+05     1.049E+00
3.50E+00     5.049E+05     1.049E+00
4.00E+00     5.170E+05     1.049E+00
5.00E+00     5.412E+05     1.049E+00
6.00E+00     5.611E+05     1.049E+00
7.00E+00     5.722E+05     1.049E+00
8.00E+00     5.692E+05     1.049E+00
9.00E+00     5.426E+05     1.049E+00
1.00E+01     4.832E+05     1.049E+00
