4        n  s33  s34                       taex      1.14170E+01      
1.00E-03     5.954E+06     1.203E+00
2.00E-03     5.363E+06     1.203E+00
3.00E-03     4.772E+06     1.203E+00
4.00E-03     4.181E+06     1.203E+00
5.00E-03     3.590E+06     1.203E+00
6.00E-03     3.453E+06     1.203E+00
7.00E-03     3.316E+06     1.203E+00
8.00E-03     3.180E+06     1.203E+00
9.00E-03     3.043E+06     1.203E+00
1.00E-02     2.906E+06     1.203E+00
1.10E-02     2.879E+06     1.203E+00
1.20E-02     2.853E+06     1.203E+00
1.30E-02     2.826E+06     1.203E+00
1.40E-02     2.800E+06     1.203E+00
1.50E-02     2.773E+06     1.203E+00
1.60E-02     2.747E+06     1.203E+00
1.80E-02     2.694E+06     1.203E+00
2.00E-02     2.641E+06     1.203E+00
2.50E-02     2.509E+06     1.203E+00
3.00E-02     2.377E+06     1.203E+00
4.00E-02     2.113E+06     1.203E+00
5.00E-02     1.849E+06     1.203E+00
6.00E-02     1.782E+06     1.203E+00
7.00E-02     1.716E+06     1.203E+00
8.00E-02     1.649E+06     1.203E+00
9.00E-02     1.582E+06     1.203E+00
1.00E-01     1.516E+06     1.203E+00
1.10E-01     1.482E+06     1.203E+00
1.20E-01     1.448E+06     1.203E+00
1.30E-01     1.414E+06     1.203E+00
1.40E-01     1.381E+06     1.203E+00
1.50E-01     1.347E+06     1.203E+00
1.60E-01     1.326E+06     1.203E+00
1.80E-01     1.283E+06     1.203E+00
2.00E-01     1.241E+06     1.203E+00
2.50E-01     1.167E+06     1.203E+00
3.00E-01     1.111E+06     1.203E+00
3.50E-01     1.070E+06     1.203E+00
4.00E-01     1.029E+06     1.203E+00
4.50E-01     9.999E+05     1.203E+00
5.00E-01     9.704E+05     1.203E+00
6.00E-01     9.249E+05     1.203E+00
7.00E-01     8.887E+05     1.203E+00
8.00E-01     8.589E+05     1.203E+00
9.00E-01     8.341E+05     1.203E+00
1.00E+00     8.130E+05     1.203E+00
1.25E+00     7.777E+05     1.203E+00
1.50E+00     7.423E+05     1.203E+00
1.75E+00     7.220E+05     1.203E+00
2.00E+00     7.016E+05     1.203E+00
2.50E+00     6.746E+05     1.203E+00
3.00E+00     6.548E+05     1.203E+00
3.50E+00     6.395E+05     1.203E+00
4.00E+00     6.270E+05     1.203E+00
5.00E+00     6.063E+05     1.203E+00
6.00E+00     5.853E+05     1.203E+00
7.00E+00     5.557E+05     1.203E+00
8.00E+00     5.094E+05     1.203E+00
9.00E+00     4.437E+05     1.203E+00
1.00E+01     3.665E+05     1.203E+00
