4      he4  s31 ar35                       taly      6.42900E+00      
1.00E-03     0.000E+00     1.000E+00
2.00E-03     0.000E+00     1.000E+00
3.00E-03     0.000E+00     1.000E+00
4.00E-03     0.000E+00     1.000E+00
5.00E-03     0.000E+00     1.000E+00
6.00E-03     0.000E+00     1.000E+00
7.00E-03     0.000E+00     1.000E+00
8.00E-03     0.000E+00     1.000E+00
9.00E-03     0.000E+00     1.000E+00
1.00E-02     0.000E+00     1.000E+00
1.10E-02     0.000E+00     1.000E+00
1.20E-02     0.000E+00     1.000E+00
1.30E-02     0.000E+00     1.000E+00
1.40E-02     0.000E+00     1.000E+00
1.50E-02     0.000E+00     1.000E+00
1.60E-02     0.000E+00     1.000E+00
1.80E-02     0.000E+00     1.000E+00
2.00E-02     0.000E+00     1.000E+00
2.50E-02     0.000E+00     1.000E+00
3.00E-02     0.000E+00     1.000E+00
4.00E-02     0.000E+00     1.000E+00
5.00E-02     0.000E+00     1.000E+00
6.00E-02     3.359E-88     1.000E+01
7.00E-02     1.128E-76     1.000E+01
8.00E-02     3.789E-65     1.000E+01
9.00E-02     1.272E-53     1.000E+01
1.00E-01     4.274E-42     1.000E+01
1.10E-01     2.501E-40     1.000E+01
1.20E-01     1.464E-38     1.000E+01
1.30E-01     8.569E-37     1.000E+01
1.40E-01     5.016E-35     1.000E+01
1.50E-01     2.936E-33     1.000E+01
1.60E-01     2.605E-32     1.000E+01
1.80E-01     2.051E-30     1.000E+01
2.00E-01     1.614E-28     1.000E+01
2.50E-01     2.431E-25     1.000E+01
3.00E-01     5.713E-23     1.000E+01
3.50E-01     2.869E-21     1.000E+01
4.00E-01     1.441E-19     1.000E+01
4.50E-01     2.257E-18     1.000E+01
5.00E-01     3.537E-17     1.000E+01
6.00E-01     2.290E-15     1.000E+01
7.00E-01     6.322E-14     1.000E+01
8.00E-01     9.702E-13     1.000E+01
9.00E-01     9.739E-12     1.000E+01
1.00E+00     7.108E-11     1.000E+01
1.25E+00     2.406E-09     1.000E+01
1.50E+00     8.141E-08     1.000E+01
1.75E+00     7.495E-07     1.000E+01
2.00E+00     6.901E-06     1.000E+01
2.50E+00     1.628E-04     1.000E+01
3.00E+00     1.826E-03     1.000E+01
3.50E+00     1.241E-02     1.000E+01
4.00E+00     5.830E-02     1.000E+01
5.00E+00     5.937E-01     1.000E+01
6.00E+00     3.046E+00     1.000E+01
7.00E+00     1.008E+01     1.000E+01
8.00E+00     2.466E+01     1.000E+01
9.00E+00     4.807E+01     1.000E+01
1.00E+01     7.783E+01     1.000E+01
