5      he4  s30    p cl33                  taly      2.08000E+00      
1.00E-03     0.000E+00     1.000E+00
2.00E-03     0.000E+00     1.000E+00
3.00E-03     0.000E+00     1.000E+00
4.00E-03     0.000E+00     1.000E+00
5.00E-03     0.000E+00     1.000E+00
6.00E-03     0.000E+00     1.000E+00
7.00E-03     0.000E+00     1.000E+00
8.00E-03     0.000E+00     1.000E+00
9.00E-03     0.000E+00     1.000E+00
1.00E-02     0.000E+00     1.000E+00
1.10E-02     0.000E+00     1.000E+00
1.20E-02     0.000E+00     1.000E+00
1.30E-02     0.000E+00     1.000E+00
1.40E-02     0.000E+00     1.000E+00
1.50E-02     0.000E+00     1.000E+00
1.60E-02     0.000E+00     1.000E+00
1.80E-02     0.000E+00     1.000E+00
2.00E-02     0.000E+00     1.000E+00
2.50E-02     0.000E+00     1.000E+00
3.00E-02     0.000E+00     1.000E+00
4.00E-02     0.000E+00     1.000E+00
5.00E-02     0.000E+00     1.000E+00
6.00E-02     5.688E-88     1.000E+01
7.00E-02     3.236E-76     1.000E+01
8.00E-02     1.841E-64     1.000E+01
9.00E-02     1.047E-52     1.000E+01
1.00E-01     5.956E-41     1.000E+01
1.10E-01     3.631E-39     1.000E+01
1.20E-01     2.214E-37     1.000E+01
1.30E-01     1.350E-35     1.000E+01
1.40E-01     8.228E-34     1.000E+01
1.50E-01     5.016E-32     1.000E+01
1.60E-01     4.871E-31     1.000E+01
1.80E-01     4.593E-29     1.000E+01
2.00E-01     4.330E-27     1.000E+01
2.50E-01     1.122E-23     1.000E+01
3.00E-01     4.405E-21     1.000E+01
3.50E-01     3.401E-19     1.000E+01
4.00E-01     2.627E-17     1.000E+01
4.50E-01     5.751E-16     1.000E+01
5.00E-01     1.259E-14     1.000E+01
6.00E-01     1.383E-12     1.000E+01
7.00E-01     5.848E-11     1.000E+01
8.00E-01     1.278E-09     1.000E+01
9.00E-01     1.730E-08     1.000E+01
1.00E+00     1.630E-07     1.000E+01
1.25E+00     8.415E-06     1.000E+01
1.50E+00     4.345E-04     1.000E+01
1.75E+00     5.083E-03     1.000E+01
2.00E+00     5.947E-02     1.000E+01
2.50E+00     1.850E+00     1.000E+01
3.00E+00     2.371E+01     1.000E+01
3.50E+00     1.694E+02     1.000E+01
4.00E+00     8.049E+02     1.000E+01
5.00E+00     8.046E+03     1.000E+01
6.00E+00     3.988E+04     1.000E+01
7.00E+00     1.264E+05     1.000E+01
8.00E+00     2.910E+05     1.000E+01
9.00E+00     5.143E+05     1.000E+01
1.00E+01     7.108E+05     1.000E+01
