4        p  s34 cl35                       taly      6.37100E+00      
1.00E-03     0.000E+00     1.000E+00
2.00E-03     0.000E+00     1.000E+00
3.00E-03     0.000E+00     1.000E+00
4.00E-03     0.000E+00     1.000E+00
5.00E-03     0.000E+00     1.000E+00
6.00E-03     1.048E-88     1.000E+01
7.00E-03     1.098E-77     1.000E+01
8.00E-03     1.150E-66     1.000E+01
9.00E-03     1.205E-55     1.000E+01
1.00E-02     1.263E-44     1.000E+01
1.10E-02     6.225E-44     1.000E+01
1.20E-02     3.069E-43     1.000E+01
1.30E-02     1.513E-42     1.000E+01
1.40E-02     7.461E-42     1.000E+01
1.50E-02     3.678E-41     1.000E+01
1.60E-02     1.814E-40     1.000E+01
1.80E-02     4.408E-39     1.000E+01
2.00E-02     1.072E-37     1.000E+01
2.50E-02     3.122E-34     1.000E+01
3.00E-02     9.094E-31     1.000E+01
4.00E-02     7.718E-24     1.000E+01
5.00E-02     6.550E-17     1.000E+01
6.00E-02     1.201E-15     1.000E+01
7.00E-02     2.203E-14     1.000E+01
8.00E-02     4.040E-13     1.000E+01
9.00E-02     7.410E-12     1.000E+01
1.00E-01     1.359E-10     1.000E+01
1.10E-01     5.545E-10     1.000E+01
1.20E-01     2.262E-09     1.000E+01
1.30E-01     9.232E-09     1.000E+01
1.40E-01     3.767E-08     1.000E+01
1.50E-01     1.537E-07     1.000E+01
1.60E-01     3.720E-07     1.000E+01
1.80E-01     2.179E-06     1.000E+01
2.00E-01     1.276E-05     1.000E+01
2.50E-01     2.887E-04     1.000E+01
3.00E-01     3.007E-03     1.000E+01
3.50E-01     1.564E-02     1.000E+01
4.00E-01     8.139E-02     1.000E+01
4.50E-01     2.457E-01     1.000E+01
5.00E-01     7.414E-01     1.000E+01
6.00E-01     3.601E+00     1.000E+01
7.00E-01     1.179E+01     1.000E+01
8.00E-01     2.969E+01     1.000E+01
9.00E-01     6.223E+01     1.000E+01
1.00E+00     1.142E+02     1.000E+01
1.25E+00     2.995E+02     1.000E+01
1.50E+00     7.853E+02     1.000E+01
1.75E+00     1.330E+03     1.000E+01
2.00E+00     2.251E+03     1.000E+01
2.50E+00     4.460E+03     1.000E+01
3.00E+00     7.290E+03     1.000E+01
3.50E+00     1.063E+04     1.000E+01
4.00E+00     1.440E+04     1.000E+01
5.00E+00     2.293E+04     1.000E+01
6.00E+00     3.225E+04     1.000E+01
7.00E+00     4.146E+04     1.000E+01
8.00E+00     4.896E+04     1.000E+01
9.00E+00     5.264E+04     1.000E+01
1.00E+01     5.126E+04     1.000E+01
