4        n  s31  s32                       taly      1.50440E+01      
1.00E-03     5.418E+04     1.000E+01
2.00E-03     5.458E+04     1.000E+01
3.00E-03     5.498E+04     1.000E+01
4.00E-03     5.538E+04     1.000E+01
5.00E-03     5.578E+04     1.000E+01
6.00E-03     5.548E+04     1.000E+01
7.00E-03     5.518E+04     1.000E+01
8.00E-03     5.488E+04     1.000E+01
9.00E-03     5.457E+04     1.000E+01
1.00E-02     5.427E+04     1.000E+01
1.10E-02     5.432E+04     1.000E+01
1.20E-02     5.437E+04     1.000E+01
1.30E-02     5.441E+04     1.000E+01
1.40E-02     5.446E+04     1.000E+01
1.50E-02     5.451E+04     1.000E+01
1.60E-02     5.455E+04     1.000E+01
1.80E-02     5.465E+04     1.000E+01
2.00E-02     5.474E+04     1.000E+01
2.50E-02     5.497E+04     1.000E+01
3.00E-02     5.520E+04     1.000E+01
4.00E-02     5.567E+04     1.000E+01
5.00E-02     5.614E+04     1.000E+01
6.00E-02     5.693E+04     1.000E+01
7.00E-02     5.772E+04     1.000E+01
8.00E-02     5.851E+04     1.000E+01
9.00E-02     5.930E+04     1.000E+01
1.00E-01     6.010E+04     1.000E+01
1.10E-01     6.096E+04     1.000E+01
1.20E-01     6.182E+04     1.000E+01
1.30E-01     6.269E+04     1.000E+01
1.40E-01     6.355E+04     1.000E+01
1.50E-01     6.442E+04     1.000E+01
1.60E-01     6.533E+04     1.000E+01
1.80E-01     6.715E+04     1.000E+01
2.00E-01     6.896E+04     1.000E+01
2.50E-01     7.347E+04     1.000E+01
3.00E-01     7.776E+04     1.000E+01
3.50E-01     8.164E+04     1.000E+01
4.00E-01     8.552E+04     1.000E+01
4.50E-01     8.895E+04     1.000E+01
5.00E-01     9.237E+04     1.000E+01
6.00E-01     9.855E+04     1.000E+01
7.00E-01     1.042E+05     1.000E+01
8.00E-01     1.094E+05     1.000E+01
9.00E-01     1.143E+05     1.000E+01
1.00E+00     1.188E+05     1.000E+01
1.25E+00     1.282E+05     1.000E+01
1.50E+00     1.375E+05     1.000E+01
1.75E+00     1.445E+05     1.000E+01
2.00E+00     1.515E+05     1.000E+01
2.50E+00     1.624E+05     1.000E+01
3.00E+00     1.711E+05     1.000E+01
3.50E+00     1.783E+05     1.000E+01
4.00E+00     1.846E+05     1.000E+01
5.00E+00     1.952E+05     1.000E+01
6.00E+00     2.041E+05     1.000E+01
7.00E+00     2.107E+05     1.000E+01
8.00E+00     2.129E+05     1.000E+01
9.00E+00     2.073E+05     1.000E+01
1.00E+01     1.914E+05     1.000E+01
