5        n  s32  he4 si29                  taly      1.52500E+00      
1.00E-03     2.679E+03     1.000E+01
2.00E-03     2.250E+03     1.000E+01
3.00E-03     1.890E+03     1.000E+01
4.00E-03     1.587E+03     1.000E+01
5.00E-03     1.333E+03     1.000E+01
6.00E-03     1.255E+03     1.000E+01
7.00E-03     1.181E+03     1.000E+01
8.00E-03     1.112E+03     1.000E+01
9.00E-03     1.046E+03     1.000E+01
1.00E-02     9.849E+02     1.000E+01
1.10E-02     9.688E+02     1.000E+01
1.20E-02     9.531E+02     1.000E+01
1.30E-02     9.376E+02     1.000E+01
1.40E-02     9.223E+02     1.000E+01
1.50E-02     9.073E+02     1.000E+01
1.60E-02     8.926E+02     1.000E+01
1.80E-02     8.638E+02     1.000E+01
2.00E-02     8.359E+02     1.000E+01
2.50E-02     7.701E+02     1.000E+01
3.00E-02     7.095E+02     1.000E+01
4.00E-02     6.022E+02     1.000E+01
5.00E-02     5.111E+02     1.000E+01
6.00E-02     4.895E+02     1.000E+01
7.00E-02     4.689E+02     1.000E+01
8.00E-02     4.491E+02     1.000E+01
9.00E-02     4.301E+02     1.000E+01
1.00E-01     4.120E+02     1.000E+01
1.10E-01     4.061E+02     1.000E+01
1.20E-01     4.004E+02     1.000E+01
1.30E-01     3.947E+02     1.000E+01
1.40E-01     3.892E+02     1.000E+01
1.50E-01     3.837E+02     1.000E+01
1.60E-01     3.830E+02     1.000E+01
1.80E-01     3.817E+02     1.000E+01
2.00E-01     3.803E+02     1.000E+01
2.50E-01     3.892E+02     1.000E+01
3.00E-01     4.055E+02     1.000E+01
3.50E-01     4.296E+02     1.000E+01
4.00E-01     4.551E+02     1.000E+01
4.50E-01     4.907E+02     1.000E+01
5.00E-01     5.291E+02     1.000E+01
6.00E-01     6.352E+02     1.000E+01
7.00E-01     7.860E+02     1.000E+01
8.00E-01     1.000E+03     1.000E+01
9.00E-01     1.305E+03     1.000E+01
1.00E+00     1.736E+03     1.000E+01
1.25E+00     3.793E+03     1.000E+01
1.50E+00     8.284E+03     1.000E+01
1.75E+00     1.743E+04     1.000E+01
2.00E+00     3.669E+04     1.000E+01
2.50E+00     1.317E+05     1.000E+01
3.00E+00     3.857E+05     1.000E+01
3.50E+00     9.486E+05     1.000E+01
4.00E+00     2.024E+06     1.000E+01
5.00E+00     6.700E+06     1.000E+01
6.00E+00     1.652E+07     1.000E+01
7.00E+00     3.337E+07     1.000E+01
8.00E+00     5.799E+07     1.000E+01
9.00E+00     8.809E+07     1.000E+01
1.00E+01     1.162E+08     1.000E+01
