4        p  s33 cl34                       taly      5.14300E+00      
1.00E-03     0.000E+00     1.000E+00
2.00E-03     0.000E+00     1.000E+00
3.00E-03     0.000E+00     1.000E+00
4.00E-03     0.000E+00     1.000E+00
5.00E-03     0.000E+00     1.000E+00
6.00E-03     1.009E-88     1.000E+01
7.00E-03     1.018E-77     1.000E+01
8.00E-03     1.027E-66     1.000E+01
9.00E-03     1.036E-55     1.000E+01
1.00E-02     1.046E-44     1.000E+01
1.10E-02     5.153E-44     1.000E+01
1.20E-02     2.539E-43     1.000E+01
1.30E-02     1.251E-42     1.000E+01
1.40E-02     6.167E-42     1.000E+01
1.50E-02     3.039E-41     1.000E+01
1.60E-02     1.498E-40     1.000E+01
1.80E-02     3.637E-39     1.000E+01
2.00E-02     8.832E-38     1.000E+01
2.50E-02     2.567E-34     1.000E+01
3.00E-02     7.459E-31     1.000E+01
4.00E-02     6.300E-24     1.000E+01
5.00E-02     5.321E-17     1.000E+01
6.00E-02     9.749E-16     1.000E+01
7.00E-02     1.786E-14     1.000E+01
8.00E-02     3.272E-13     1.000E+01
9.00E-02     5.995E-12     1.000E+01
1.00E-01     1.098E-10     1.000E+01
1.10E-01     4.479E-10     1.000E+01
1.20E-01     1.827E-09     1.000E+01
1.30E-01     7.449E-09     1.000E+01
1.40E-01     3.038E-08     1.000E+01
1.50E-01     1.239E-07     1.000E+01
1.60E-01     2.993E-07     1.000E+01
1.80E-01     1.747E-06     1.000E+01
2.00E-01     1.020E-05     1.000E+01
2.50E-01     2.262E-04     1.000E+01
3.00E-01     2.279E-03     1.000E+01
3.50E-01     1.133E-02     1.000E+01
4.00E-01     5.636E-02     1.000E+01
4.50E-01     1.620E-01     1.000E+01
5.00E-01     4.657E-01     1.000E+01
6.00E-01     2.069E+00     1.000E+01
7.00E-01     6.265E+00     1.000E+01
8.00E-01     1.474E+01     1.000E+01
9.00E-01     2.915E+01     1.000E+01
1.00E+00     5.081E+01     1.000E+01
1.25E+00     1.209E+02     1.000E+01
1.50E+00     2.878E+02     1.000E+01
1.75E+00     4.550E+02     1.000E+01
2.00E+00     7.195E+02     1.000E+01
2.50E+00     1.277E+03     1.000E+01
3.00E+00     1.900E+03     1.000E+01
3.50E+00     2.552E+03     1.000E+01
4.00E+00     3.212E+03     1.000E+01
5.00E+00     4.513E+03     1.000E+01
6.00E+00     5.736E+03     1.000E+01
7.00E+00     6.783E+03     1.000E+01
8.00E+00     7.484E+03     1.000E+01
9.00E+00     7.678E+03     1.000E+01
1.00E+01     7.357E+03     1.000E+01
