4      he4  s30 ar34                       taly      6.74400E+00      
1.00E-03     0.000E+00     1.000E+00
2.00E-03     0.000E+00     1.000E+00
3.00E-03     0.000E+00     1.000E+00
4.00E-03     0.000E+00     1.000E+00
5.00E-03     0.000E+00     1.000E+00
6.00E-03     0.000E+00     1.000E+00
7.00E-03     0.000E+00     1.000E+00
8.00E-03     0.000E+00     1.000E+00
9.00E-03     0.000E+00     1.000E+00
1.00E-02     0.000E+00     1.000E+00
1.10E-02     0.000E+00     1.000E+00
1.20E-02     0.000E+00     1.000E+00
1.30E-02     0.000E+00     1.000E+00
1.40E-02     0.000E+00     1.000E+00
1.50E-02     0.000E+00     1.000E+00
1.60E-02     0.000E+00     1.000E+00
1.80E-02     0.000E+00     1.000E+00
2.00E-02     0.000E+00     1.000E+00
2.50E-02     0.000E+00     1.000E+00
3.00E-02     0.000E+00     1.000E+00
4.00E-02     0.000E+00     1.000E+00
5.00E-02     0.000E+00     1.000E+00
6.00E-02     8.695E-89     1.000E+01
7.00E-02     7.560E-78     1.000E+01
8.00E-02     6.573E-67     1.000E+01
9.00E-02     5.715E-56     1.000E+01
1.00E-01     4.969E-45     1.000E+01
1.10E-01     2.999E-43     1.000E+01
1.20E-01     1.811E-41     1.000E+01
1.30E-01     1.093E-39     1.000E+01
1.40E-01     6.597E-38     1.000E+01
1.50E-01     3.982E-36     1.000E+01
1.60E-01     3.798E-35     1.000E+01
1.80E-01     3.455E-33     1.000E+01
2.00E-01     3.142E-31     1.000E+01
2.50E-01     7.408E-28     1.000E+01
3.00E-01     2.676E-25     1.000E+01
3.50E-01     1.935E-23     1.000E+01
4.00E-01     1.400E-21     1.000E+01
4.50E-01     2.917E-20     1.000E+01
5.00E-01     6.081E-19     1.000E+01
6.00E-01     6.171E-17     1.000E+01
7.00E-01     2.441E-15     1.000E+01
8.00E-01     5.031E-14     1.000E+01
9.00E-01     6.471E-13     1.000E+01
1.00E+00     5.836E-12     1.000E+01
1.25E+00     2.849E-10     1.000E+01
1.50E+00     1.390E-08     1.000E+01
1.75E+00     1.614E-07     1.000E+01
2.00E+00     1.873E-06     1.000E+01
2.50E+00     5.862E-05     1.000E+01
3.00E+00     7.655E-04     1.000E+01
3.50E+00     5.627E-03     1.000E+01
4.00E+00     2.763E-02     1.000E+01
5.00E+00     2.959E-01     1.000E+01
6.00E+00     1.571E+00     1.000E+01
7.00E+00     5.343E+00     1.000E+01
8.00E+00     1.325E+01     1.000E+01
9.00E+00     2.532E+01     1.000E+01
1.00E+01     3.801E+01     1.000E+01
