5        nsb106  he4in103                  taly      1.38030E+01      
1.00E-03     9.525E+05     1.000E+01
2.00E-03     9.625E+05     1.000E+01
3.00E-03     9.727E+05     1.000E+01
4.00E-03     9.829E+05     1.000E+01
5.00E-03     9.933E+05     1.000E+01
6.00E-03     9.900E+05     1.000E+01
7.00E-03     9.866E+05     1.000E+01
8.00E-03     9.833E+05     1.000E+01
9.00E-03     9.800E+05     1.000E+01
1.00E-02     9.767E+05     1.000E+01
1.10E-02     9.789E+05     1.000E+01
1.20E-02     9.811E+05     1.000E+01
1.30E-02     9.833E+05     1.000E+01
1.40E-02     9.855E+05     1.000E+01
1.50E-02     9.877E+05     1.000E+01
1.60E-02     9.899E+05     1.000E+01
1.80E-02     9.944E+05     1.000E+01
2.00E-02     9.989E+05     1.000E+01
2.50E-02     1.010E+06     1.000E+01
3.00E-02     1.022E+06     1.000E+01
4.00E-02     1.045E+06     1.000E+01
5.00E-02     1.069E+06     1.000E+01
6.00E-02     1.092E+06     1.000E+01
7.00E-02     1.116E+06     1.000E+01
8.00E-02     1.141E+06     1.000E+01
9.00E-02     1.166E+06     1.000E+01
1.00E-01     1.191E+06     1.000E+01
1.10E-01     1.214E+06     1.000E+01
1.20E-01     1.237E+06     1.000E+01
1.30E-01     1.261E+06     1.000E+01
1.40E-01     1.285E+06     1.000E+01
1.50E-01     1.310E+06     1.000E+01
1.60E-01     1.332E+06     1.000E+01
1.80E-01     1.378E+06     1.000E+01
2.00E-01     1.425E+06     1.000E+01
2.50E-01     1.532E+06     1.000E+01
3.00E-01     1.631E+06     1.000E+01
3.50E-01     1.719E+06     1.000E+01
4.00E-01     1.811E+06     1.000E+01
4.50E-01     1.892E+06     1.000E+01
5.00E-01     1.977E+06     1.000E+01
6.00E-01     2.132E+06     1.000E+01
7.00E-01     2.279E+06     1.000E+01
8.00E-01     2.419E+06     1.000E+01
9.00E-01     2.552E+06     1.000E+01
1.00E+00     2.680E+06     1.000E+01
1.25E+00     2.956E+06     1.000E+01
1.50E+00     3.260E+06     1.000E+01
1.75E+00     3.510E+06     1.000E+01
2.00E+00     3.778E+06     1.000E+01
2.50E+00     4.266E+06     1.000E+01
3.00E+00     4.750E+06     1.000E+01
3.50E+00     5.248E+06     1.000E+01
4.00E+00     5.773E+06     1.000E+01
5.00E+00     6.840E+06     1.000E+01
6.00E+00     6.856E+06     1.000E+01
7.00E+00     4.468E+06     1.000E+01
8.00E+00     2.731E+06     1.000E+01
9.00E+00     2.022E+06     1.000E+01
1.00E+01     1.653E+06     1.000E+01
