4        psb106te107                       taly      1.35200E+00      
1.00E-03     0.000E+00     1.000E+00
2.00E-03     0.000E+00     1.000E+00
3.00E-03     0.000E+00     1.000E+00
4.00E-03     0.000E+00     1.000E+00
5.00E-03     0.000E+00     1.000E+00
6.00E-03     0.000E+00     1.000E+00
7.00E-03     0.000E+00     1.000E+00
8.00E-03     0.000E+00     1.000E+00
9.00E-03     0.000E+00     1.000E+00
1.00E-02     0.000E+00     1.000E+00
1.10E-02     0.000E+00     1.000E+00
1.20E-02     0.000E+00     1.000E+00
1.30E-02     0.000E+00     1.000E+00
1.40E-02     0.000E+00     1.000E+00
1.50E-02     0.000E+00     1.000E+00
1.60E-02     0.000E+00     1.000E+00
1.80E-02     0.000E+00     1.000E+00
2.00E-02     0.000E+00     1.000E+00
2.50E-02     0.000E+00     1.000E+00
3.00E-02     0.000E+00     1.000E+00
4.00E-02     0.000E+00     1.000E+00
5.00E-02     0.000E+00     1.000E+00
6.00E-02     6.006E-87     1.000E+01
7.00E-02     3.607E-74     1.000E+01
8.00E-02     2.166E-61     1.000E+01
9.00E-02     1.301E-48     1.000E+01
1.00E-01     7.813E-36     1.000E+01
1.10E-01     2.558E-34     1.000E+01
1.20E-01     8.373E-33     1.000E+01
1.30E-01     2.741E-31     1.000E+01
1.40E-01     8.974E-30     1.000E+01
1.50E-01     2.938E-28     1.000E+01
1.60E-01     2.165E-27     1.000E+01
1.80E-01     1.176E-25     1.000E+01
2.00E-01     6.384E-24     1.000E+01
2.50E-01     6.946E-21     1.000E+01
3.00E-01     1.406E-18     1.000E+01
3.50E-01     6.642E-17     1.000E+01
4.00E-01     3.139E-15     1.000E+01
4.50E-01     4.813E-14     1.000E+01
5.00E-01     7.380E-13     1.000E+01
6.00E-01     4.626E-11     1.000E+01
7.00E-01     1.230E-09     1.000E+01
8.00E-01     1.805E-08     1.000E+01
9.00E-01     1.712E-07     1.000E+01
1.00E+00     1.162E-06     1.000E+01
1.25E+00     2.915E-05     1.000E+01
1.50E+00     7.310E-04     1.000E+01
1.75E+00     4.585E-03     1.000E+01
2.00E+00     2.876E-02     1.000E+01
2.50E+00     3.125E-01     1.000E+01
3.00E+00     1.695E+00     1.000E+01
3.50E+00     6.059E+00     1.000E+01
4.00E+00     1.654E+01     1.000E+01
5.00E+00     7.352E+01     1.000E+01
6.00E+00     1.764E+02     1.000E+01
7.00E+00     1.757E+02     1.000E+01
8.00E+00     1.048E+02     1.000E+01
9.00E+00     6.090E+01     1.000E+01
1.00E+01     3.861E+01     1.000E+01
