4        n sc41 sc42                       taly      1.15500E+01      
1.00E-03     5.279E+04     1.000E+01
2.00E-03     5.299E+04     1.000E+01
3.00E-03     5.318E+04     1.000E+01
4.00E-03     5.338E+04     1.000E+01
5.00E-03     5.357E+04     1.000E+01
6.00E-03     5.314E+04     1.000E+01
7.00E-03     5.270E+04     1.000E+01
8.00E-03     5.226E+04     1.000E+01
9.00E-03     5.183E+04     1.000E+01
1.00E-02     5.139E+04     1.000E+01
1.10E-02     5.131E+04     1.000E+01
1.20E-02     5.122E+04     1.000E+01
1.30E-02     5.114E+04     1.000E+01
1.40E-02     5.105E+04     1.000E+01
1.50E-02     5.097E+04     1.000E+01
1.60E-02     5.088E+04     1.000E+01
1.80E-02     5.072E+04     1.000E+01
2.00E-02     5.055E+04     1.000E+01
2.50E-02     5.012E+04     1.000E+01
3.00E-02     4.970E+04     1.000E+01
4.00E-02     4.886E+04     1.000E+01
5.00E-02     4.801E+04     1.000E+01
6.00E-02     4.764E+04     1.000E+01
7.00E-02     4.727E+04     1.000E+01
8.00E-02     4.691E+04     1.000E+01
9.00E-02     4.654E+04     1.000E+01
1.00E-01     4.617E+04     1.000E+01
1.10E-01     4.593E+04     1.000E+01
1.20E-01     4.569E+04     1.000E+01
1.30E-01     4.545E+04     1.000E+01
1.40E-01     4.521E+04     1.000E+01
1.50E-01     4.497E+04     1.000E+01
1.60E-01     4.480E+04     1.000E+01
1.80E-01     4.448E+04     1.000E+01
2.00E-01     4.415E+04     1.000E+01
2.50E-01     4.354E+04     1.000E+01
3.00E-01     4.302E+04     1.000E+01
3.50E-01     4.257E+04     1.000E+01
4.00E-01     4.211E+04     1.000E+01
4.50E-01     4.169E+04     1.000E+01
5.00E-01     4.128E+04     1.000E+01
6.00E-01     4.054E+04     1.000E+01
7.00E-01     3.989E+04     1.000E+01
8.00E-01     3.932E+04     1.000E+01
9.00E-01     3.882E+04     1.000E+01
1.00E+00     3.839E+04     1.000E+01
1.25E+00     3.762E+04     1.000E+01
1.50E+00     3.686E+04     1.000E+01
1.75E+00     3.645E+04     1.000E+01
2.00E+00     3.604E+04     1.000E+01
2.50E+00     3.564E+04     1.000E+01
3.00E+00     3.551E+04     1.000E+01
3.50E+00     3.556E+04     1.000E+01
4.00E+00     3.573E+04     1.000E+01
5.00E+00     3.620E+04     1.000E+01
6.00E+00     3.628E+04     1.000E+01
7.00E+00     3.484E+04     1.000E+01
8.00E+00     3.067E+04     1.000E+01
9.00E+00     2.411E+04     1.000E+01
1.00E+01     1.728E+04     1.000E+01
