4        n sc42 sc43                       taly      1.21380E+01      
1.00E-03     5.903E+05     1.000E+01
2.00E-03     5.906E+05     1.000E+01
3.00E-03     5.909E+05     1.000E+01
4.00E-03     5.912E+05     1.000E+01
5.00E-03     5.915E+05     1.000E+01
6.00E-03     5.858E+05     1.000E+01
7.00E-03     5.801E+05     1.000E+01
8.00E-03     5.744E+05     1.000E+01
9.00E-03     5.686E+05     1.000E+01
1.00E-02     5.629E+05     1.000E+01
1.10E-02     5.617E+05     1.000E+01
1.20E-02     5.604E+05     1.000E+01
1.30E-02     5.591E+05     1.000E+01
1.40E-02     5.578E+05     1.000E+01
1.50E-02     5.565E+05     1.000E+01
1.60E-02     5.552E+05     1.000E+01
1.80E-02     5.526E+05     1.000E+01
2.00E-02     5.500E+05     1.000E+01
2.50E-02     5.436E+05     1.000E+01
3.00E-02     5.371E+05     1.000E+01
4.00E-02     5.242E+05     1.000E+01
5.00E-02     5.112E+05     1.000E+01
6.00E-02     5.060E+05     1.000E+01
7.00E-02     5.007E+05     1.000E+01
8.00E-02     4.954E+05     1.000E+01
9.00E-02     4.901E+05     1.000E+01
1.00E-01     4.849E+05     1.000E+01
1.10E-01     4.816E+05     1.000E+01
1.20E-01     4.784E+05     1.000E+01
1.30E-01     4.752E+05     1.000E+01
1.40E-01     4.720E+05     1.000E+01
1.50E-01     4.687E+05     1.000E+01
1.60E-01     4.666E+05     1.000E+01
1.80E-01     4.624E+05     1.000E+01
2.00E-01     4.582E+05     1.000E+01
2.50E-01     4.508E+05     1.000E+01
3.00E-01     4.450E+05     1.000E+01
3.50E-01     4.403E+05     1.000E+01
4.00E-01     4.355E+05     1.000E+01
4.50E-01     4.317E+05     1.000E+01
5.00E-01     4.279E+05     1.000E+01
6.00E-01     4.218E+05     1.000E+01
7.00E-01     4.170E+05     1.000E+01
8.00E-01     4.137E+05     1.000E+01
9.00E-01     4.121E+05     1.000E+01
1.00E+00     4.124E+05     1.000E+01
1.25E+00     4.301E+05     1.000E+01
1.50E+00     4.478E+05     1.000E+01
1.75E+00     4.798E+05     1.000E+01
2.00E+00     5.118E+05     1.000E+01
2.50E+00     5.615E+05     1.000E+01
3.00E+00     5.881E+05     1.000E+01
3.50E+00     5.950E+05     1.000E+01
4.00E+00     5.843E+05     1.000E+01
5.00E+00     5.138E+05     1.000E+01
6.00E+00     4.028E+05     1.000E+01
7.00E+00     2.928E+05     1.000E+01
8.00E+00     2.060E+05     1.000E+01
9.00E+00     1.444E+05     1.000E+01
1.00E+01     1.021E+05     1.000E+01
