5        n sc40  he4  k37                  taly      9.92300E+00      
1.00E-03     6.193E+07     1.000E+01
2.00E-03     6.224E+07     1.000E+01
3.00E-03     6.256E+07     1.000E+01
4.00E-03     6.287E+07     1.000E+01
5.00E-03     6.319E+07     1.000E+01
6.00E-03     6.271E+07     1.000E+01
7.00E-03     6.224E+07     1.000E+01
8.00E-03     6.178E+07     1.000E+01
9.00E-03     6.131E+07     1.000E+01
1.00E-02     6.085E+07     1.000E+01
1.10E-02     6.078E+07     1.000E+01
1.20E-02     6.071E+07     1.000E+01
1.30E-02     6.064E+07     1.000E+01
1.40E-02     6.057E+07     1.000E+01
1.50E-02     6.049E+07     1.000E+01
1.60E-02     6.042E+07     1.000E+01
1.80E-02     6.028E+07     1.000E+01
2.00E-02     6.013E+07     1.000E+01
2.50E-02     5.978E+07     1.000E+01
3.00E-02     5.942E+07     1.000E+01
4.00E-02     5.872E+07     1.000E+01
5.00E-02     5.802E+07     1.000E+01
6.00E-02     5.780E+07     1.000E+01
7.00E-02     5.759E+07     1.000E+01
8.00E-02     5.737E+07     1.000E+01
9.00E-02     5.715E+07     1.000E+01
1.00E-01     5.693E+07     1.000E+01
1.10E-01     5.690E+07     1.000E+01
1.20E-01     5.688E+07     1.000E+01
1.30E-01     5.685E+07     1.000E+01
1.40E-01     5.682E+07     1.000E+01
1.50E-01     5.679E+07     1.000E+01
1.60E-01     5.687E+07     1.000E+01
1.80E-01     5.704E+07     1.000E+01
2.00E-01     5.720E+07     1.000E+01
2.50E-01     5.776E+07     1.000E+01
3.00E-01     5.825E+07     1.000E+01
3.50E-01     5.858E+07     1.000E+01
4.00E-01     5.891E+07     1.000E+01
4.50E-01     5.908E+07     1.000E+01
5.00E-01     5.926E+07     1.000E+01
6.00E-01     5.948E+07     1.000E+01
7.00E-01     5.966E+07     1.000E+01
8.00E-01     5.983E+07     1.000E+01
9.00E-01     6.000E+07     1.000E+01
1.00E+00     6.019E+07     1.000E+01
1.25E+00     6.069E+07     1.000E+01
1.50E+00     6.120E+07     1.000E+01
1.75E+00     6.172E+07     1.000E+01
2.00E+00     6.225E+07     1.000E+01
2.50E+00     6.318E+07     1.000E+01
3.00E+00     6.392E+07     1.000E+01
3.50E+00     6.445E+07     1.000E+01
4.00E+00     6.476E+07     1.000E+01
5.00E+00     6.460E+07     1.000E+01
6.00E+00     6.264E+07     1.000E+01
7.00E+00     5.686E+07     1.000E+01
8.00E+00     4.595E+07     1.000E+01
9.00E+00     3.244E+07     1.000E+01
1.00E+01     2.076E+07     1.000E+01
