4      he4 sc45  v49                       taly      9.31500E+00      
1.00E-03     0.000E+00     1.000E+00
2.00E-03     0.000E+00     1.000E+00
3.00E-03     0.000E+00     1.000E+00
4.00E-03     0.000E+00     1.000E+00
5.00E-03     0.000E+00     1.000E+00
6.00E-03     0.000E+00     1.000E+00
7.00E-03     0.000E+00     1.000E+00
8.00E-03     0.000E+00     1.000E+00
9.00E-03     0.000E+00     1.000E+00
1.00E-02     0.000E+00     1.000E+00
1.10E-02     0.000E+00     1.000E+00
1.20E-02     0.000E+00     1.000E+00
1.30E-02     0.000E+00     1.000E+00
1.40E-02     0.000E+00     1.000E+00
1.50E-02     0.000E+00     1.000E+00
1.60E-02     0.000E+00     1.000E+00
1.80E-02     0.000E+00     1.000E+00
2.00E-02     0.000E+00     1.000E+00
2.50E-02     0.000E+00     1.000E+00
3.00E-02     0.000E+00     1.000E+00
4.00E-02     0.000E+00     1.000E+00
5.00E-02     0.000E+00     1.000E+00
6.00E-02     0.000E+00     1.000E+00
7.00E-02     0.000E+00     1.000E+00
8.00E-02     0.000E+00     1.000E+00
9.00E-02     0.000E+00     1.000E+00
1.00E-01     0.000E+00     1.000E+00
1.10E-01     2.980E-88     1.000E+01
1.20E-01     8.880E-77     1.000E+01
1.30E-01     2.646E-65     1.000E+01
1.40E-01     7.885E-54     1.000E+01
1.50E-01     2.350E-42     1.000E+01
1.60E-01     5.385E-41     1.000E+01
1.80E-01     2.829E-38     1.000E+01
2.00E-01     1.486E-35     1.000E+01
2.50E-01     3.021E-31     1.000E+01
3.00E-01     4.125E-28     1.000E+01
3.50E-01     7.020E-26     1.000E+01
4.00E-01     1.195E-23     1.000E+01
4.50E-01     4.354E-22     1.000E+01
5.00E-01     1.586E-20     1.000E+01
6.00E-01     3.588E-18     1.000E+01
7.00E-01     2.591E-16     1.000E+01
8.00E-01     8.441E-15     1.000E+01
9.00E-01     1.522E-13     1.000E+01
1.00E+00     1.743E-12     1.000E+01
1.25E+00     1.020E-10     1.000E+01
1.50E+00     5.974E-09     1.000E+01
1.75E+00     7.008E-08     1.000E+01
2.00E+00     8.221E-07     1.000E+01
2.50E+00     3.068E-05     1.000E+01
3.00E+00     5.216E-04     1.000E+01
3.50E+00     4.785E-03     1.000E+01
4.00E+00     2.638E-02     1.000E+01
5.00E+00     2.669E-01     1.000E+01
6.00E+00     1.156E+00     1.000E+01
7.00E+00     3.288E+00     1.000E+01
8.00E+00     7.348E+00     1.000E+01
9.00E+00     1.400E+01     1.000E+01
1.00E+01     2.374E+01     1.000E+01
