4        p sc45 ti46                       taly      1.03450E+01      
1.00E-03     0.000E+00     1.000E+00
2.00E-03     0.000E+00     1.000E+00
3.00E-03     0.000E+00     1.000E+00
4.00E-03     0.000E+00     1.000E+00
5.00E-03     0.000E+00     1.000E+00
6.00E-03     0.000E+00     1.000E+00
7.00E-03     0.000E+00     1.000E+00
8.00E-03     0.000E+00     1.000E+00
9.00E-03     0.000E+00     1.000E+00
1.00E-02     0.000E+00     1.000E+00
1.10E-02     8.658E-98     1.000E+01
1.20E-02     7.497E-96     1.000E+01
1.30E-02     6.491E-94     1.000E+01
1.40E-02     5.620E-92     1.000E+01
1.50E-02     4.866E-90     1.000E+01
1.60E-02     4.214E-88     1.000E+01
1.80E-02     3.159E-84     1.000E+01
2.00E-02     2.368E-80     1.000E+01
2.50E-02     1.152E-70     1.000E+01
3.00E-02     5.608E-61     1.000E+01
4.00E-02     1.328E-41     1.000E+01
5.00E-02     3.145E-22     1.000E+01
6.00E-02     1.032E-20     1.000E+01
7.00E-02     3.388E-19     1.000E+01
8.00E-02     1.112E-17     1.000E+01
9.00E-02     3.649E-16     1.000E+01
1.00E-01     1.198E-14     1.000E+01
1.10E-01     6.626E-14     1.000E+01
1.20E-01     3.666E-13     1.000E+01
1.30E-01     2.029E-12     1.000E+01
1.40E-01     1.122E-11     1.000E+01
1.50E-01     6.210E-11     1.000E+01
1.60E-01     1.873E-10     1.000E+01
1.80E-01     1.704E-09     1.000E+01
2.00E-01     1.550E-08     1.000E+01
2.50E-01     7.085E-07     1.000E+01
3.00E-01     1.218E-05     1.000E+01
3.50E-01     9.425E-05     1.000E+01
4.00E-01     7.294E-04     1.000E+01
4.50E-01     3.104E-03     1.000E+01
5.00E-01     1.321E-02     1.000E+01
6.00E-01     1.193E-01     1.000E+01
7.00E-01     6.848E-01     1.000E+01
8.00E-01     2.860E+00     1.000E+01
9.00E-01     9.443E+00     1.000E+01
1.00E+00     2.602E+01     1.000E+01
1.25E+00     1.420E+02     1.000E+01
1.50E+00     7.746E+02     1.000E+01
1.75E+00     2.019E+03     1.000E+01
2.00E+00     5.260E+03     1.000E+01
2.50E+00     1.771E+04     1.000E+01
3.00E+00     3.973E+04     1.000E+01
3.50E+00     6.672E+04     1.000E+01
4.00E+00     8.865E+04     1.000E+01
5.00E+00     9.681E+04     1.000E+01
6.00E+00     8.047E+04     1.000E+01
7.00E+00     6.440E+04     1.000E+01
8.00E+00     5.301E+04     1.000E+01
9.00E+00     4.536E+04     1.000E+01
1.00E+01     4.018E+04     1.000E+01
