4      he4 sc44  v48                       taly      9.08600E+00      
1.00E-03     0.000E+00     1.000E+00
2.00E-03     0.000E+00     1.000E+00
3.00E-03     0.000E+00     1.000E+00
4.00E-03     0.000E+00     1.000E+00
5.00E-03     0.000E+00     1.000E+00
6.00E-03     0.000E+00     1.000E+00
7.00E-03     0.000E+00     1.000E+00
8.00E-03     0.000E+00     1.000E+00
9.00E-03     0.000E+00     1.000E+00
1.00E-02     0.000E+00     1.000E+00
1.10E-02     0.000E+00     1.000E+00
1.20E-02     0.000E+00     1.000E+00
1.30E-02     0.000E+00     1.000E+00
1.40E-02     0.000E+00     1.000E+00
1.50E-02     0.000E+00     1.000E+00
1.60E-02     0.000E+00     1.000E+00
1.80E-02     0.000E+00     1.000E+00
2.00E-02     0.000E+00     1.000E+00
2.50E-02     0.000E+00     1.000E+00
3.00E-02     0.000E+00     1.000E+00
4.00E-02     0.000E+00     1.000E+00
5.00E-02     0.000E+00     1.000E+00
6.00E-02     0.000E+00     1.000E+00
7.00E-02     0.000E+00     1.000E+00
8.00E-02     0.000E+00     1.000E+00
9.00E-02     0.000E+00     1.000E+00
1.00E-01     0.000E+00     1.000E+00
1.10E-01     1.509E-88     1.000E+01
1.20E-01     2.277E-77     1.000E+01
1.30E-01     3.436E-66     1.000E+01
1.40E-01     5.185E-55     1.000E+01
1.50E-01     7.824E-44     1.000E+01
1.60E-01     2.044E-42     1.000E+01
1.80E-01     1.396E-39     1.000E+01
2.00E-01     9.535E-37     1.000E+01
2.50E-01     2.339E-32     1.000E+01
3.00E-01     3.256E-29     1.000E+01
3.50E-01     5.700E-27     1.000E+01
4.00E-01     9.979E-25     1.000E+01
4.50E-01     3.731E-23     1.000E+01
5.00E-01     1.395E-21     1.000E+01
6.00E-01     3.260E-19     1.000E+01
7.00E-01     2.597E-17     1.000E+01
8.00E-01     1.021E-15     1.000E+01
9.00E-01     2.356E-14     1.000E+01
1.00E+00     3.520E-13     1.000E+01
1.25E+00     3.630E-11     1.000E+01
1.50E+00     3.744E-09     1.000E+01
1.75E+00     6.190E-08     1.000E+01
2.00E+00     1.023E-06     1.000E+01
2.50E+00     5.148E-05     1.000E+01
3.00E+00     9.343E-04     1.000E+01
3.50E+00     8.314E-03     1.000E+01
4.00E+00     4.422E-02     1.000E+01
5.00E+00     4.667E-01     1.000E+01
6.00E+00     2.301E+00     1.000E+01
7.00E+00     7.402E+00     1.000E+01
8.00E+00     1.818E+01     1.000E+01
9.00E+00     3.704E+01     1.000E+01
1.00E+01     6.576E+01     1.000E+01
