5        n sc43    p ca43                  taly      3.00300E+00      
1.00E-03     9.896E+08     1.000E+01
2.00E-03     9.498E+08     1.000E+01
3.00E-03     9.116E+08     1.000E+01
4.00E-03     8.749E+08     1.000E+01
5.00E-03     8.397E+08     1.000E+01
6.00E-03     8.186E+08     1.000E+01
7.00E-03     7.980E+08     1.000E+01
8.00E-03     7.779E+08     1.000E+01
9.00E-03     7.583E+08     1.000E+01
1.00E-02     7.392E+08     1.000E+01
1.10E-02     7.335E+08     1.000E+01
1.20E-02     7.278E+08     1.000E+01
1.30E-02     7.222E+08     1.000E+01
1.40E-02     7.166E+08     1.000E+01
1.50E-02     7.111E+08     1.000E+01
1.60E-02     7.056E+08     1.000E+01
1.80E-02     6.947E+08     1.000E+01
2.00E-02     6.840E+08     1.000E+01
2.50E-02     6.580E+08     1.000E+01
3.00E-02     6.329E+08     1.000E+01
4.00E-02     5.856E+08     1.000E+01
5.00E-02     5.419E+08     1.000E+01
6.00E-02     5.274E+08     1.000E+01
7.00E-02     5.132E+08     1.000E+01
8.00E-02     4.994E+08     1.000E+01
9.00E-02     4.860E+08     1.000E+01
1.00E-01     4.730E+08     1.000E+01
1.10E-01     4.660E+08     1.000E+01
1.20E-01     4.591E+08     1.000E+01
1.30E-01     4.523E+08     1.000E+01
1.40E-01     4.456E+08     1.000E+01
1.50E-01     4.390E+08     1.000E+01
1.60E-01     4.349E+08     1.000E+01
1.80E-01     4.270E+08     1.000E+01
2.00E-01     4.192E+08     1.000E+01
2.50E-01     4.064E+08     1.000E+01
3.00E-01     3.975E+08     1.000E+01
3.50E-01     3.914E+08     1.000E+01
4.00E-01     3.855E+08     1.000E+01
4.50E-01     3.818E+08     1.000E+01
5.00E-01     3.781E+08     1.000E+01
6.00E-01     3.737E+08     1.000E+01
7.00E-01     3.714E+08     1.000E+01
8.00E-01     3.706E+08     1.000E+01
9.00E-01     3.709E+08     1.000E+01
1.00E+00     3.721E+08     1.000E+01
1.25E+00     3.782E+08     1.000E+01
1.50E+00     3.845E+08     1.000E+01
1.75E+00     3.932E+08     1.000E+01
2.00E+00     4.021E+08     1.000E+01
2.50E+00     4.212E+08     1.000E+01
3.00E+00     4.390E+08     1.000E+01
3.50E+00     4.514E+08     1.000E+01
4.00E+00     4.520E+08     1.000E+01
5.00E+00     3.983E+08     1.000E+01
6.00E+00     2.987E+08     1.000E+01
7.00E+00     2.139E+08     1.000E+01
8.00E+00     1.604E+08     1.000E+01
9.00E+00     1.297E+08     1.000E+01
1.00E+01     1.121E+08     1.000E+01
