5        n sc40    p ca40                  taly      1.51050E+01      
1.00E-03     4.862E+08     1.000E+01
2.00E-03     4.886E+08     1.000E+01
3.00E-03     4.911E+08     1.000E+01
4.00E-03     4.935E+08     1.000E+01
5.00E-03     4.960E+08     1.000E+01
6.00E-03     4.922E+08     1.000E+01
7.00E-03     4.885E+08     1.000E+01
8.00E-03     4.848E+08     1.000E+01
9.00E-03     4.812E+08     1.000E+01
1.00E-02     4.775E+08     1.000E+01
1.10E-02     4.769E+08     1.000E+01
1.20E-02     4.763E+08     1.000E+01
1.30E-02     4.758E+08     1.000E+01
1.40E-02     4.752E+08     1.000E+01
1.50E-02     4.746E+08     1.000E+01
1.60E-02     4.740E+08     1.000E+01
1.80E-02     4.728E+08     1.000E+01
2.00E-02     4.716E+08     1.000E+01
2.50E-02     4.687E+08     1.000E+01
3.00E-02     4.658E+08     1.000E+01
4.00E-02     4.601E+08     1.000E+01
5.00E-02     4.544E+08     1.000E+01
6.00E-02     4.520E+08     1.000E+01
7.00E-02     4.496E+08     1.000E+01
8.00E-02     4.472E+08     1.000E+01
9.00E-02     4.448E+08     1.000E+01
1.00E-01     4.424E+08     1.000E+01
1.10E-01     4.406E+08     1.000E+01
1.20E-01     4.388E+08     1.000E+01
1.30E-01     4.370E+08     1.000E+01
1.40E-01     4.353E+08     1.000E+01
1.50E-01     4.335E+08     1.000E+01
1.60E-01     4.323E+08     1.000E+01
1.80E-01     4.299E+08     1.000E+01
2.00E-01     4.276E+08     1.000E+01
2.50E-01     4.235E+08     1.000E+01
3.00E-01     4.202E+08     1.000E+01
3.50E-01     4.173E+08     1.000E+01
4.00E-01     4.144E+08     1.000E+01
4.50E-01     4.119E+08     1.000E+01
5.00E-01     4.095E+08     1.000E+01
6.00E-01     4.055E+08     1.000E+01
7.00E-01     4.024E+08     1.000E+01
8.00E-01     4.001E+08     1.000E+01
9.00E-01     3.984E+08     1.000E+01
1.00E+00     3.971E+08     1.000E+01
1.25E+00     3.961E+08     1.000E+01
1.50E+00     3.951E+08     1.000E+01
1.75E+00     3.957E+08     1.000E+01
2.00E+00     3.964E+08     1.000E+01
2.50E+00     3.985E+08     1.000E+01
3.00E+00     4.005E+08     1.000E+01
3.50E+00     4.017E+08     1.000E+01
4.00E+00     4.020E+08     1.000E+01
5.00E+00     3.987E+08     1.000E+01
6.00E+00     3.847E+08     1.000E+01
7.00E+00     3.477E+08     1.000E+01
8.00E+00     2.796E+08     1.000E+01
9.00E+00     1.964E+08     1.000E+01
1.00E+01     1.249E+08     1.000E+01
