4      he4 sc39  v43                       taly      6.16800E+00      
1.00E-03     0.000E+00     1.000E+00
2.00E-03     0.000E+00     1.000E+00
3.00E-03     0.000E+00     1.000E+00
4.00E-03     0.000E+00     1.000E+00
5.00E-03     0.000E+00     1.000E+00
6.00E-03     0.000E+00     1.000E+00
7.00E-03     0.000E+00     1.000E+00
8.00E-03     0.000E+00     1.000E+00
9.00E-03     0.000E+00     1.000E+00
1.00E-02     0.000E+00     1.000E+00
1.10E-02     0.000E+00     1.000E+00
1.20E-02     0.000E+00     1.000E+00
1.30E-02     0.000E+00     1.000E+00
1.40E-02     0.000E+00     1.000E+00
1.50E-02     0.000E+00     1.000E+00
1.60E-02     0.000E+00     1.000E+00
1.80E-02     0.000E+00     1.000E+00
2.00E-02     0.000E+00     1.000E+00
2.50E-02     0.000E+00     1.000E+00
3.00E-02     0.000E+00     1.000E+00
4.00E-02     0.000E+00     1.000E+00
5.00E-02     0.000E+00     1.000E+00
6.00E-02     0.000E+00     1.000E+00
7.00E-02     0.000E+00     1.000E+00
8.00E-02     0.000E+00     1.000E+00
9.00E-02     0.000E+00     1.000E+00
1.00E-01     0.000E+00     1.000E+00
1.10E-01     6.507E-89     1.000E+01
1.20E-01     4.234E-78     1.000E+01
1.30E-01     2.755E-67     1.000E+01
1.40E-01     1.793E-56     1.000E+01
1.50E-01     1.167E-45     1.000E+01
1.60E-01     2.465E-44     1.000E+01
1.80E-01     1.100E-41     1.000E+01
2.00E-01     4.912E-39     1.000E+01
2.50E-01     4.421E-35     1.000E+01
3.00E-01     1.989E-32     1.000E+01
3.50E-01     1.558E-30     1.000E+01
4.00E-01     1.221E-28     1.000E+01
4.50E-01     4.473E-27     1.000E+01
5.00E-01     1.639E-25     1.000E+01
6.00E-01     4.760E-23     1.000E+01
7.00E-01     4.406E-21     1.000E+01
8.00E-01     1.834E-19     1.000E+01
9.00E-01     4.276E-18     1.000E+01
1.00E+00     6.425E-17     1.000E+01
1.25E+00     7.425E-15     1.000E+01
1.50E+00     8.580E-13     1.000E+01
1.75E+00     1.637E-11     1.000E+01
2.00E+00     3.124E-10     1.000E+01
2.50E+00     1.916E-08     1.000E+01
3.00E+00     4.104E-07     1.000E+01
3.50E+00     4.426E-06     1.000E+01
4.00E+00     2.962E-05     1.000E+01
5.00E+00     5.115E-04     1.000E+01
6.00E+00     3.889E-03     1.000E+01
7.00E+00     1.768E-02     1.000E+01
8.00E+00     5.684E-02     1.000E+01
9.00E+00     1.410E-01     1.000E+01
1.00E+01     2.767E-01     1.000E+01
