4        n sc43 sc44                       taly      9.69900E+00      
1.00E-03     1.525E+07     1.000E+01
2.00E-03     1.445E+07     1.000E+01
3.00E-03     1.364E+07     1.000E+01
4.00E-03     1.284E+07     1.000E+01
5.00E-03     1.203E+07     1.000E+01
6.00E-03     1.168E+07     1.000E+01
7.00E-03     1.133E+07     1.000E+01
8.00E-03     1.098E+07     1.000E+01
9.00E-03     1.063E+07     1.000E+01
1.00E-02     1.028E+07     1.000E+01
1.10E-02     1.020E+07     1.000E+01
1.20E-02     1.012E+07     1.000E+01
1.30E-02     1.003E+07     1.000E+01
1.40E-02     9.952E+06     1.000E+01
1.50E-02     9.869E+06     1.000E+01
1.60E-02     9.787E+06     1.000E+01
1.80E-02     9.623E+06     1.000E+01
2.00E-02     9.458E+06     1.000E+01
2.50E-02     9.047E+06     1.000E+01
3.00E-02     8.637E+06     1.000E+01
4.00E-02     7.815E+06     1.000E+01
5.00E-02     6.993E+06     1.000E+01
6.00E-02     6.778E+06     1.000E+01
7.00E-02     6.564E+06     1.000E+01
8.00E-02     6.350E+06     1.000E+01
9.00E-02     6.135E+06     1.000E+01
1.00E-01     5.921E+06     1.000E+01
1.10E-01     5.816E+06     1.000E+01
1.20E-01     5.712E+06     1.000E+01
1.30E-01     5.607E+06     1.000E+01
1.40E-01     5.503E+06     1.000E+01
1.50E-01     5.398E+06     1.000E+01
1.60E-01     5.336E+06     1.000E+01
1.80E-01     5.211E+06     1.000E+01
2.00E-01     5.087E+06     1.000E+01
2.50E-01     4.880E+06     1.000E+01
3.00E-01     4.728E+06     1.000E+01
3.50E-01     4.620E+06     1.000E+01
4.00E-01     4.511E+06     1.000E+01
4.50E-01     4.434E+06     1.000E+01
5.00E-01     4.356E+06     1.000E+01
6.00E-01     4.237E+06     1.000E+01
7.00E-01     4.144E+06     1.000E+01
8.00E-01     4.071E+06     1.000E+01
9.00E-01     4.012E+06     1.000E+01
1.00E+00     3.964E+06     1.000E+01
1.25E+00     3.890E+06     1.000E+01
1.50E+00     3.816E+06     1.000E+01
1.75E+00     3.775E+06     1.000E+01
2.00E+00     3.733E+06     1.000E+01
2.50E+00     3.659E+06     1.000E+01
3.00E+00     3.569E+06     1.000E+01
3.50E+00     3.436E+06     1.000E+01
4.00E+00     3.225E+06     1.000E+01
5.00E+00     2.502E+06     1.000E+01
6.00E+00     1.646E+06     1.000E+01
7.00E+00     1.019E+06     1.000E+01
8.00E+00     6.460E+05     1.000E+01
9.00E+00     4.307E+05     1.000E+01
1.00E+01     3.015E+05     1.000E+01
