5      he4 sc44    p ti47                  taly      2.25600E+00      
1.00E-03     0.000E+00     1.000E+00
2.00E-03     0.000E+00     1.000E+00
3.00E-03     0.000E+00     1.000E+00
4.00E-03     0.000E+00     1.000E+00
5.00E-03     0.000E+00     1.000E+00
6.00E-03     0.000E+00     1.000E+00
7.00E-03     0.000E+00     1.000E+00
8.00E-03     0.000E+00     1.000E+00
9.00E-03     0.000E+00     1.000E+00
1.00E-02     0.000E+00     1.000E+00
1.10E-02     0.000E+00     1.000E+00
1.20E-02     0.000E+00     1.000E+00
1.30E-02     0.000E+00     1.000E+00
1.40E-02     0.000E+00     1.000E+00
1.50E-02     0.000E+00     1.000E+00
1.60E-02     0.000E+00     1.000E+00
1.80E-02     0.000E+00     1.000E+00
2.00E-02     0.000E+00     1.000E+00
2.50E-02     0.000E+00     1.000E+00
3.00E-02     0.000E+00     1.000E+00
4.00E-02     0.000E+00     1.000E+00
5.00E-02     0.000E+00     1.000E+00
6.00E-02     0.000E+00     1.000E+00
7.00E-02     0.000E+00     1.000E+00
8.00E-02     0.000E+00     1.000E+00
9.00E-02     0.000E+00     1.000E+00
1.00E-01     0.000E+00     1.000E+00
1.10E-01     3.193E-88     1.000E+01
1.20E-01     1.020E-76     1.000E+01
1.30E-01     3.256E-65     1.000E+01
1.40E-01     1.040E-53     1.000E+01
1.50E-01     3.320E-42     1.000E+01
1.60E-01     8.963E-41     1.000E+01
1.80E-01     6.532E-38     1.000E+01
2.00E-01     4.760E-35     1.000E+01
2.50E-01     1.490E-30     1.000E+01
3.00E-01     2.576E-27     1.000E+01
3.50E-01     5.090E-25     1.000E+01
4.00E-01     1.006E-22     1.000E+01
4.50E-01     3.958E-21     1.000E+01
5.00E-01     1.557E-19     1.000E+01
6.00E-01     3.717E-17     1.000E+01
7.00E-01     2.891E-15     1.000E+01
8.00E-01     1.093E-13     1.000E+01
9.00E-01     2.448E-12     1.000E+01
1.00E+00     3.612E-11     1.000E+01
1.25E+00     4.007E-09     1.000E+01
1.50E+00     4.446E-07     1.000E+01
1.75E+00     8.264E-06     1.000E+01
2.00E+00     1.536E-04     1.000E+01
2.50E+00     9.351E-03     1.000E+01
3.00E+00     1.951E-01     1.000E+01
3.50E+00     1.920E+00     1.000E+01
4.00E+00     1.099E+01     1.000E+01
5.00E+00     1.281E+02     1.000E+01
6.00E+00     6.738E+02     1.000E+01
7.00E+00     2.274E+03     1.000E+01
8.00E+00     5.797E+03     1.000E+01
9.00E+00     1.217E+04     1.000E+01
1.00E+01     2.209E+04     1.000E+01
