5        n sc41    p ca41                  taly      7.27800E+00      
1.00E-03     1.141E+09     1.000E+01
2.00E-03     1.145E+09     1.000E+01
3.00E-03     1.149E+09     1.000E+01
4.00E-03     1.154E+09     1.000E+01
5.00E-03     1.158E+09     1.000E+01
6.00E-03     1.149E+09     1.000E+01
7.00E-03     1.140E+09     1.000E+01
8.00E-03     1.130E+09     1.000E+01
9.00E-03     1.121E+09     1.000E+01
1.00E-02     1.112E+09     1.000E+01
1.10E-02     1.110E+09     1.000E+01
1.20E-02     1.109E+09     1.000E+01
1.30E-02     1.107E+09     1.000E+01
1.40E-02     1.105E+09     1.000E+01
1.50E-02     1.103E+09     1.000E+01
1.60E-02     1.102E+09     1.000E+01
1.80E-02     1.098E+09     1.000E+01
2.00E-02     1.095E+09     1.000E+01
2.50E-02     1.087E+09     1.000E+01
3.00E-02     1.078E+09     1.000E+01
4.00E-02     1.062E+09     1.000E+01
5.00E-02     1.046E+09     1.000E+01
6.00E-02     1.039E+09     1.000E+01
7.00E-02     1.033E+09     1.000E+01
8.00E-02     1.026E+09     1.000E+01
9.00E-02     1.020E+09     1.000E+01
1.00E-01     1.013E+09     1.000E+01
1.10E-01     1.010E+09     1.000E+01
1.20E-01     1.006E+09     1.000E+01
1.30E-01     1.002E+09     1.000E+01
1.40E-01     9.985E+08     1.000E+01
1.50E-01     9.948E+08     1.000E+01
1.60E-01     9.928E+08     1.000E+01
1.80E-01     9.886E+08     1.000E+01
2.00E-01     9.844E+08     1.000E+01
2.50E-01     9.783E+08     1.000E+01
3.00E-01     9.739E+08     1.000E+01
3.50E-01     9.701E+08     1.000E+01
4.00E-01     9.664E+08     1.000E+01
4.50E-01     9.631E+08     1.000E+01
5.00E-01     9.598E+08     1.000E+01
6.00E-01     9.544E+08     1.000E+01
7.00E-01     9.503E+08     1.000E+01
8.00E-01     9.475E+08     1.000E+01
9.00E-01     9.459E+08     1.000E+01
1.00E+00     9.452E+08     1.000E+01
1.25E+00     9.489E+08     1.000E+01
1.50E+00     9.525E+08     1.000E+01
1.75E+00     9.616E+08     1.000E+01
2.00E+00     9.708E+08     1.000E+01
2.50E+00     9.951E+08     1.000E+01
3.00E+00     1.023E+09     1.000E+01
3.50E+00     1.054E+09     1.000E+01
4.00E+00     1.086E+09     1.000E+01
5.00E+00     1.148E+09     1.000E+01
6.00E+00     1.192E+09     1.000E+01
7.00E+00     1.175E+09     1.000E+01
8.00E+00     1.050E+09     1.000E+01
9.00E+00     8.273E+08     1.000E+01
1.00E+01     5.877E+08     1.000E+01
