5      he4 sc42    p ti45                  taly      2.02400E+00      
1.00E-03     0.000E+00     1.000E+00
2.00E-03     0.000E+00     1.000E+00
3.00E-03     0.000E+00     1.000E+00
4.00E-03     0.000E+00     1.000E+00
5.00E-03     0.000E+00     1.000E+00
6.00E-03     0.000E+00     1.000E+00
7.00E-03     0.000E+00     1.000E+00
8.00E-03     0.000E+00     1.000E+00
9.00E-03     0.000E+00     1.000E+00
1.00E-02     0.000E+00     1.000E+00
1.10E-02     0.000E+00     1.000E+00
1.20E-02     0.000E+00     1.000E+00
1.30E-02     0.000E+00     1.000E+00
1.40E-02     0.000E+00     1.000E+00
1.50E-02     0.000E+00     1.000E+00
1.60E-02     0.000E+00     1.000E+00
1.80E-02     0.000E+00     1.000E+00
2.00E-02     0.000E+00     1.000E+00
2.50E-02     0.000E+00     1.000E+00
3.00E-02     0.000E+00     1.000E+00
4.00E-02     0.000E+00     1.000E+00
5.00E-02     0.000E+00     1.000E+00
6.00E-02     0.000E+00     1.000E+00
7.00E-02     0.000E+00     1.000E+00
8.00E-02     0.000E+00     1.000E+00
9.00E-02     0.000E+00     1.000E+00
1.00E-01     0.000E+00     1.000E+00
1.10E-01     3.472E-88     1.000E+01
1.20E-01     1.206E-76     1.000E+01
1.30E-01     4.186E-65     1.000E+01
1.40E-01     1.454E-53     1.000E+01
1.50E-01     5.047E-42     1.000E+01
1.60E-01     1.182E-40     1.000E+01
1.80E-01     6.479E-38     1.000E+01
2.00E-01     3.552E-35     1.000E+01
2.50E-01     8.147E-31     1.000E+01
3.00E-01     1.263E-27     1.000E+01
3.50E-01     2.501E-25     1.000E+01
4.00E-01     4.952E-23     1.000E+01
4.50E-01     2.107E-21     1.000E+01
5.00E-01     8.965E-20     1.000E+01
6.00E-01     2.713E-17     1.000E+01
7.00E-01     2.576E-15     1.000E+01
8.00E-01     1.098E-13     1.000E+01
9.00E-01     2.622E-12     1.000E+01
1.00E+00     4.035E-11     1.000E+01
1.25E+00     4.969E-09     1.000E+01
1.50E+00     6.120E-07     1.000E+01
1.75E+00     1.246E-05     1.000E+01
2.00E+00     2.538E-04     1.000E+01
2.50E+00     1.758E-02     1.000E+01
3.00E+00     4.151E-01     1.000E+01
3.50E+00     4.798E+00     1.000E+01
4.00E+00     3.349E+01     1.000E+01
5.00E+00     5.767E+02     1.000E+01
6.00E+00     3.920E+03     1.000E+01
7.00E+00     1.475E+04     1.000E+01
8.00E+00     3.793E+04     1.000E+01
9.00E+00     7.571E+04     1.000E+01
1.00E+01     1.269E+05     1.000E+01
