4      he4 sc40  v44                       taly      6.01800E+00      
1.00E-03     0.000E+00     1.000E+00
2.00E-03     0.000E+00     1.000E+00
3.00E-03     0.000E+00     1.000E+00
4.00E-03     0.000E+00     1.000E+00
5.00E-03     0.000E+00     1.000E+00
6.00E-03     0.000E+00     1.000E+00
7.00E-03     0.000E+00     1.000E+00
8.00E-03     0.000E+00     1.000E+00
9.00E-03     0.000E+00     1.000E+00
1.00E-02     0.000E+00     1.000E+00
1.10E-02     0.000E+00     1.000E+00
1.20E-02     0.000E+00     1.000E+00
1.30E-02     0.000E+00     1.000E+00
1.40E-02     0.000E+00     1.000E+00
1.50E-02     0.000E+00     1.000E+00
1.60E-02     0.000E+00     1.000E+00
1.80E-02     0.000E+00     1.000E+00
2.00E-02     0.000E+00     1.000E+00
2.50E-02     0.000E+00     1.000E+00
3.00E-02     0.000E+00     1.000E+00
4.00E-02     0.000E+00     1.000E+00
5.00E-02     0.000E+00     1.000E+00
6.00E-02     0.000E+00     1.000E+00
7.00E-02     0.000E+00     1.000E+00
8.00E-02     0.000E+00     1.000E+00
9.00E-02     0.000E+00     1.000E+00
1.00E-01     0.000E+00     1.000E+00
1.10E-01     1.003E-88     1.000E+01
1.20E-01     1.005E-77     1.000E+01
1.30E-01     1.008E-66     1.000E+01
1.40E-01     1.010E-55     1.000E+01
1.50E-01     1.013E-44     1.000E+01
1.60E-01     1.914E-43     1.000E+01
1.80E-01     6.843E-41     1.000E+01
2.00E-01     2.446E-38     1.000E+01
2.50E-01     1.902E-34     1.000E+01
3.00E-01     1.324E-31     1.000E+01
3.50E-01     2.118E-29     1.000E+01
4.00E-01     3.387E-27     1.000E+01
4.50E-01     1.381E-25     1.000E+01
5.00E-01     5.634E-24     1.000E+01
6.00E-01     1.612E-21     1.000E+01
7.00E-01     1.454E-19     1.000E+01
8.00E-01     5.883E-18     1.000E+01
9.00E-01     1.333E-16     1.000E+01
1.00E+00     1.949E-15     1.000E+01
1.25E+00     2.126E-13     1.000E+01
1.50E+00     2.319E-11     1.000E+01
1.75E+00     4.271E-10     1.000E+01
2.00E+00     7.866E-09     1.000E+01
2.50E+00     4.871E-07     1.000E+01
3.00E+00     1.110E-05     1.000E+01
3.50E+00     1.294E-04     1.000E+01
4.00E+00     9.302E-04     1.000E+01
5.00E+00     1.780E-02     1.000E+01
6.00E+00     1.413E-01     1.000E+01
7.00E+00     6.186E-01     1.000E+01
8.00E+00     1.703E+00     1.000E+01
9.00E+00     3.236E+00     1.000E+01
1.00E+01     4.723E+00     1.000E+01
