5        p sc43  he4 ca40                  taly      3.52200E+00      
1.00E-03     0.000E+00     1.000E+00
2.00E-03     0.000E+00     1.000E+00
3.00E-03     0.000E+00     1.000E+00
4.00E-03     0.000E+00     1.000E+00
5.00E-03     0.000E+00     1.000E+00
6.00E-03     0.000E+00     1.000E+00
7.00E-03     0.000E+00     1.000E+00
8.00E-03     0.000E+00     1.000E+00
9.00E-03     0.000E+00     1.000E+00
1.00E-02     0.000E+00     1.000E+00
1.10E-02     8.113E-98     1.000E+01
1.20E-02     6.582E-96     1.000E+01
1.30E-02     5.340E-94     1.000E+01
1.40E-02     4.332E-92     1.000E+01
1.50E-02     3.515E-90     1.000E+01
1.60E-02     2.851E-88     1.000E+01
1.80E-02     1.877E-84     1.000E+01
2.00E-02     1.235E-80     1.000E+01
2.50E-02     4.341E-71     1.000E+01
3.00E-02     1.526E-61     1.000E+01
4.00E-02     1.885E-42     1.000E+01
5.00E-02     2.328E-23     1.000E+01
6.00E-02     8.061E-22     1.000E+01
7.00E-02     2.791E-20     1.000E+01
8.00E-02     9.665E-19     1.000E+01
9.00E-02     3.347E-17     1.000E+01
1.00E-01     1.159E-15     1.000E+01
1.10E-01     6.478E-15     1.000E+01
1.20E-01     3.620E-14     1.000E+01
1.30E-01     2.024E-13     1.000E+01
1.40E-01     1.131E-12     1.000E+01
1.50E-01     6.322E-12     1.000E+01
1.60E-01     1.878E-11     1.000E+01
1.80E-01     1.656E-10     1.000E+01
2.00E-01     1.461E-09     1.000E+01
2.50E-01     7.080E-08     1.000E+01
3.00E-01     1.375E-06     1.000E+01
3.50E-01     1.197E-05     1.000E+01
4.00E-01     1.041E-04     1.000E+01
4.50E-01     4.805E-04     1.000E+01
5.00E-01     2.217E-03     1.000E+01
6.00E-01     2.237E-02     1.000E+01
7.00E-01     1.398E-01     1.000E+01
8.00E-01     6.265E-01     1.000E+01
9.00E-01     2.196E+00     1.000E+01
1.00E+00     6.373E+00     1.000E+01
1.25E+00     3.884E+01     1.000E+01
1.50E+00     2.367E+02     1.000E+01
1.75E+00     6.945E+02     1.000E+01
2.00E+00     2.038E+03     1.000E+01
2.50E+00     8.930E+03     1.000E+01
3.00E+00     2.664E+04     1.000E+01
3.50E+00     6.158E+04     1.000E+01
4.00E+00     1.172E+05     1.000E+01
5.00E+00     2.647E+05     1.000E+01
6.00E+00     3.751E+05     1.000E+01
7.00E+00     4.158E+05     1.000E+01
8.00E+00     4.219E+05     1.000E+01
9.00E+00     4.209E+05     1.000E+01
1.00E+01     4.230E+05     1.000E+01
