4      he4 sc41  v45                       taly      5.66400E+00      
1.00E-03     0.000E+00     1.000E+00
2.00E-03     0.000E+00     1.000E+00
3.00E-03     0.000E+00     1.000E+00
4.00E-03     0.000E+00     1.000E+00
5.00E-03     0.000E+00     1.000E+00
6.00E-03     0.000E+00     1.000E+00
7.00E-03     0.000E+00     1.000E+00
8.00E-03     0.000E+00     1.000E+00
9.00E-03     0.000E+00     1.000E+00
1.00E-02     0.000E+00     1.000E+00
1.10E-02     0.000E+00     1.000E+00
1.20E-02     0.000E+00     1.000E+00
1.30E-02     0.000E+00     1.000E+00
1.40E-02     0.000E+00     1.000E+00
1.50E-02     0.000E+00     1.000E+00
1.60E-02     0.000E+00     1.000E+00
1.80E-02     0.000E+00     1.000E+00
2.00E-02     0.000E+00     1.000E+00
2.50E-02     0.000E+00     1.000E+00
3.00E-02     0.000E+00     1.000E+00
4.00E-02     0.000E+00     1.000E+00
5.00E-02     0.000E+00     1.000E+00
6.00E-02     0.000E+00     1.000E+00
7.00E-02     0.000E+00     1.000E+00
8.00E-02     0.000E+00     1.000E+00
9.00E-02     0.000E+00     1.000E+00
1.00E-01     0.000E+00     1.000E+00
1.10E-01     6.805E-89     1.000E+01
1.20E-01     4.630E-78     1.000E+01
1.30E-01     3.151E-67     1.000E+01
1.40E-01     2.144E-56     1.000E+01
1.50E-01     1.459E-45     1.000E+01
1.60E-01     3.604E-44     1.000E+01
1.80E-01     2.199E-41     1.000E+01
2.00E-01     1.342E-38     1.000E+01
2.50E-01     3.503E-34     1.000E+01
3.00E-01     5.118E-31     1.000E+01
3.50E-01     8.662E-29     1.000E+01
4.00E-01     1.466E-26     1.000E+01
4.50E-01     5.335E-25     1.000E+01
5.00E-01     1.942E-23     1.000E+01
6.00E-01     4.470E-21     1.000E+01
7.00E-01     3.332E-19     1.000E+01
8.00E-01     1.137E-17     1.000E+01
9.00E-01     2.200E-16     1.000E+01
1.00E+00     2.773E-15     1.000E+01
1.25E+00     2.311E-13     1.000E+01
1.50E+00     1.927E-11     1.000E+01
1.75E+00     3.073E-10     1.000E+01
2.00E+00     4.901E-09     1.000E+01
2.50E+00     2.429E-07     1.000E+01
3.00E+00     4.557E-06     1.000E+01
3.50E+00     4.513E-05     1.000E+01
4.00E+00     2.851E-04     1.000E+01
5.00E+00     4.538E-03     1.000E+01
6.00E+00     3.193E-02     1.000E+01
7.00E+00     1.291E-01     1.000E+01
8.00E+00     3.394E-01     1.000E+01
9.00E+00     6.280E-01     1.000E+01
1.00E+01     8.930E-01     1.000E+01
