5        p sc42  he4 ca39                  taly      2.60000E-02      
1.00E-03     0.000E+00     1.000E+00
2.00E-03     0.000E+00     1.000E+00
3.00E-03     0.000E+00     1.000E+00
4.00E-03     0.000E+00     1.000E+00
5.00E-03     0.000E+00     1.000E+00
6.00E-03     0.000E+00     1.000E+00
7.00E-03     0.000E+00     1.000E+00
8.00E-03     0.000E+00     1.000E+00
9.00E-03     0.000E+00     1.000E+00
1.00E-02     0.000E+00     1.000E+00
1.10E-02     5.979E-98     1.000E+01
1.20E-02     3.575E-96     1.000E+01
1.30E-02     2.137E-94     1.000E+01
1.40E-02     1.278E-92     1.000E+01
1.50E-02     7.640E-91     1.000E+01
1.60E-02     4.568E-89     1.000E+01
1.80E-02     1.633E-85     1.000E+01
2.00E-02     5.837E-82     1.000E+01
2.50E-02     4.460E-73     1.000E+01
3.00E-02     3.407E-64     1.000E+01
4.00E-02     1.989E-46     1.000E+01
5.00E-02     1.161E-28     1.000E+01
6.00E-02     8.886E-28     1.000E+01
7.00E-02     6.802E-27     1.000E+01
8.00E-02     5.206E-26     1.000E+01
9.00E-02     3.985E-25     1.000E+01
1.00E-01     3.050E-24     1.000E+01
1.10E-01     5.921E-24     1.000E+01
1.20E-01     1.149E-23     1.000E+01
1.30E-01     2.231E-23     1.000E+01
1.40E-01     4.332E-23     1.000E+01
1.50E-01     8.409E-23     1.000E+01
1.60E-01     1.166E-22     1.000E+01
1.80E-01     2.239E-22     1.000E+01
2.00E-01     4.302E-22     1.000E+01
2.50E-01     1.133E-21     1.000E+01
3.00E-01     2.149E-21     1.000E+01
3.50E-01     7.439E-21     1.000E+01
4.00E-01     2.576E-20     1.000E+01
4.50E-01     9.094E-19     1.000E+01
5.00E-01     3.210E-17     1.000E+01
6.00E-01     8.364E-15     1.000E+01
7.00E-01     6.893E-13     1.000E+01
8.00E-01     2.556E-11     1.000E+01
9.00E-01     5.273E-10     1.000E+01
1.00E+00     6.951E-09     1.000E+01
1.25E+00     5.739E-07     1.000E+01
1.50E+00     4.737E-05     1.000E+01
1.75E+00     6.667E-04     1.000E+01
2.00E+00     9.384E-03     1.000E+01
2.50E+00     3.500E-01     1.000E+01
3.00E+00     5.062E+00     1.000E+01
3.50E+00     3.959E+01     1.000E+01
4.00E+00     1.999E+02     1.000E+01
5.00E+00     2.037E+03     1.000E+01
6.00E+00     9.086E+03     1.000E+01
7.00E+00     2.428E+04     1.000E+01
8.00E+00     4.765E+04     1.000E+01
9.00E+00     7.766E+04     1.000E+01
1.00E+01     1.128E+05     1.000E+01
