5      he4 se65    p br68                  taly      4.16000E-01      
1.00E-03     0.000E+00     1.000E+00
2.00E-03     0.000E+00     1.000E+00
3.00E-03     0.000E+00     1.000E+00
4.00E-03     0.000E+00     1.000E+00
5.00E-03     0.000E+00     1.000E+00
6.00E-03     0.000E+00     1.000E+00
7.00E-03     0.000E+00     1.000E+00
8.00E-03     0.000E+00     1.000E+00
9.00E-03     0.000E+00     1.000E+00
1.00E-02     0.000E+00     1.000E+00
1.10E-02     0.000E+00     1.000E+00
1.20E-02     0.000E+00     1.000E+00
1.30E-02     0.000E+00     1.000E+00
1.40E-02     0.000E+00     1.000E+00
1.50E-02     0.000E+00     1.000E+00
1.60E-02     0.000E+00     1.000E+00
1.80E-02     0.000E+00     1.000E+00
2.00E-02     0.000E+00     1.000E+00
2.50E-02     0.000E+00     1.000E+00
3.00E-02     0.000E+00     1.000E+00
4.00E-02     0.000E+00     1.000E+00
5.00E-02     0.000E+00     1.000E+00
6.00E-02     0.000E+00     1.000E+00
7.00E-02     0.000E+00     1.000E+00
8.00E-02     0.000E+00     1.000E+00
9.00E-02     0.000E+00     1.000E+00
1.00E-01     0.000E+00     1.000E+00
1.10E-01     0.000E+00     1.000E+00
1.20E-01     0.000E+00     1.000E+00
1.30E-01     0.000E+00     1.000E+00
1.40E-01     0.000E+00     1.000E+00
1.50E-01     0.000E+00     1.000E+00
1.60E-01     0.000E+00     1.000E+00
1.80E-01     0.000E+00     1.000E+00
2.00E-01     0.000E+00     1.000E+00
2.50E-01     0.000E+00     1.000E+00
3.00E-01     4.205E-44     1.000E+01
3.50E-01     2.769E-40     1.000E+01
4.00E-01     1.824E-36     1.000E+01
4.50E-01     4.586E-34     1.000E+01
5.00E-01     1.153E-31     1.000E+01
6.00E-01     3.349E-28     1.000E+01
7.00E-01     1.671E-25     1.000E+01
8.00E-01     2.551E-23     1.000E+01
9.00E-01     1.632E-21     1.000E+01
1.00E+00     5.395E-20     1.000E+01
1.25E+00     1.833E-17     1.000E+01
1.50E+00     6.225E-15     1.000E+01
1.75E+00     1.967E-13     1.000E+01
2.00E+00     6.213E-12     1.000E+01
2.50E+00     7.247E-10     1.000E+01
3.00E+00     2.499E-08     1.000E+01
3.50E+00     3.960E-07     1.000E+01
4.00E+00     3.665E-06     1.000E+01
5.00E+00     1.062E-04     1.000E+01
6.00E+00     1.188E-03     1.000E+01
7.00E+00     7.158E-03     1.000E+01
8.00E+00     2.806E-02     1.000E+01
9.00E+00     8.012E-02     1.000E+01
1.00E+01     1.791E-01     1.000E+01
