4        n se71 se72                       taly      1.27920E+01      
1.00E-03     2.356E+06     1.000E+01
2.00E-03     2.373E+06     1.000E+01
3.00E-03     2.390E+06     1.000E+01
4.00E-03     2.406E+06     1.000E+01
5.00E-03     2.423E+06     1.000E+01
6.00E-03     2.409E+06     1.000E+01
7.00E-03     2.394E+06     1.000E+01
8.00E-03     2.380E+06     1.000E+01
9.00E-03     2.365E+06     1.000E+01
1.00E-02     2.351E+06     1.000E+01
1.10E-02     2.350E+06     1.000E+01
1.20E-02     2.350E+06     1.000E+01
1.30E-02     2.350E+06     1.000E+01
1.40E-02     2.350E+06     1.000E+01
1.50E-02     2.350E+06     1.000E+01
1.60E-02     2.350E+06     1.000E+01
1.80E-02     2.349E+06     1.000E+01
2.00E-02     2.349E+06     1.000E+01
2.50E-02     2.348E+06     1.000E+01
3.00E-02     2.348E+06     1.000E+01
4.00E-02     2.346E+06     1.000E+01
5.00E-02     2.345E+06     1.000E+01
6.00E-02     2.356E+06     1.000E+01
7.00E-02     2.368E+06     1.000E+01
8.00E-02     2.379E+06     1.000E+01
9.00E-02     2.390E+06     1.000E+01
1.00E-01     2.402E+06     1.000E+01
1.10E-01     2.416E+06     1.000E+01
1.20E-01     2.430E+06     1.000E+01
1.30E-01     2.444E+06     1.000E+01
1.40E-01     2.458E+06     1.000E+01
1.50E-01     2.472E+06     1.000E+01
1.60E-01     2.489E+06     1.000E+01
1.80E-01     2.521E+06     1.000E+01
2.00E-01     2.553E+06     1.000E+01
2.50E-01     2.634E+06     1.000E+01
3.00E-01     2.711E+06     1.000E+01
3.50E-01     2.779E+06     1.000E+01
4.00E-01     2.847E+06     1.000E+01
4.50E-01     2.906E+06     1.000E+01
5.00E-01     2.966E+06     1.000E+01
6.00E-01     3.077E+06     1.000E+01
7.00E-01     3.183E+06     1.000E+01
8.00E-01     3.288E+06     1.000E+01
9.00E-01     3.390E+06     1.000E+01
1.00E+00     3.489E+06     1.000E+01
1.25E+00     3.707E+06     1.000E+01
1.50E+00     3.925E+06     1.000E+01
1.75E+00     4.087E+06     1.000E+01
2.00E+00     4.250E+06     1.000E+01
2.50E+00     4.477E+06     1.000E+01
3.00E+00     4.628E+06     1.000E+01
3.50E+00     4.726E+06     1.000E+01
4.00E+00     4.790E+06     1.000E+01
5.00E+00     4.853E+06     1.000E+01
6.00E+00     4.769E+06     1.000E+01
7.00E+00     4.158E+06     1.000E+01
8.00E+00     2.763E+06     1.000E+01
9.00E+00     1.402E+06     1.000E+01
1.00E+01     6.467E+05     1.000E+01
