5        p se69  he4 as66                  taly      4.54000E-01      
1.00E-03     0.000E+00     1.000E+00
2.00E-03     0.000E+00     1.000E+00
3.00E-03     0.000E+00     1.000E+00
4.00E-03     0.000E+00     1.000E+00
5.00E-03     0.000E+00     1.000E+00
6.00E-03     0.000E+00     1.000E+00
7.00E-03     0.000E+00     1.000E+00
8.00E-03     0.000E+00     1.000E+00
9.00E-03     0.000E+00     1.000E+00
1.00E-02     0.000E+00     1.000E+00
1.10E-02     3.004E-98     1.000E+01
1.20E-02     9.026E-97     1.000E+01
1.30E-02     2.712E-95     1.000E+01
1.40E-02     8.146E-94     1.000E+01
1.50E-02     2.447E-92     1.000E+01
1.60E-02     7.353E-91     1.000E+01
1.80E-02     6.637E-88     1.000E+01
2.00E-02     5.990E-85     1.000E+01
2.50E-02     1.466E-77     1.000E+01
3.00E-02     3.588E-70     1.000E+01
4.00E-02     2.149E-55     1.000E+01
5.00E-02     1.287E-40     1.000E+01
6.00E-02     1.711E-38     1.000E+01
7.00E-02     2.274E-36     1.000E+01
8.00E-02     3.023E-34     1.000E+01
9.00E-02     4.018E-32     1.000E+01
1.00E-01     5.340E-30     1.000E+01
1.10E-01     2.638E-29     1.000E+01
1.20E-01     1.303E-28     1.000E+01
1.30E-01     6.436E-28     1.000E+01
1.40E-01     3.179E-27     1.000E+01
1.50E-01     1.570E-26     1.000E+01
1.60E-01     3.443E-26     1.000E+01
1.80E-01     1.654E-25     1.000E+01
2.00E-01     7.949E-25     1.000E+01
2.50E-01     8.062E-24     1.000E+01
3.00E-01     3.691E-23     1.000E+01
3.50E-01     9.379E-23     1.000E+01
4.00E-01     2.383E-22     1.000E+01
4.50E-01     4.113E-22     1.000E+01
5.00E-01     7.100E-22     1.000E+01
6.00E-01     1.457E-21     1.000E+01
7.00E-01     3.643E-21     1.000E+01
8.00E-01     7.501E-20     1.000E+01
9.00E-01     2.273E-18     1.000E+01
1.00E+00     4.671E-17     1.000E+01
1.25E+00     1.255E-14     1.000E+01
1.50E+00     3.369E-12     1.000E+01
1.75E+00     1.281E-10     1.000E+01
2.00E+00     4.870E-09     1.000E+01
2.50E+00     8.989E-07     1.000E+01
3.00E+00     5.180E-05     1.000E+01
3.50E+00     1.380E-03     1.000E+01
4.00E+00     2.084E-02     1.000E+01
5.00E+00     1.380E+00     1.000E+01
6.00E+00     2.784E+01     1.000E+01
7.00E+00     2.293E+02     1.000E+01
8.00E+00     9.268E+02     1.000E+01
9.00E+00     2.274E+03     1.000E+01
1.00E+01     4.114E+03     1.000E+01
