4        p se70 br71                       taly      1.86100E+00      
1.00E-03     0.000E+00     1.000E+00
2.00E-03     0.000E+00     1.000E+00
3.00E-03     0.000E+00     1.000E+00
4.00E-03     0.000E+00     1.000E+00
5.00E-03     0.000E+00     1.000E+00
6.00E-03     0.000E+00     1.000E+00
7.00E-03     0.000E+00     1.000E+00
8.00E-03     0.000E+00     1.000E+00
9.00E-03     0.000E+00     1.000E+00
1.00E-02     0.000E+00     1.000E+00
1.10E-02     3.875E-98     1.000E+01
1.20E-02     1.501E-96     1.000E+01
1.30E-02     5.817E-95     1.000E+01
1.40E-02     2.254E-93     1.000E+01
1.50E-02     8.733E-92     1.000E+01
1.60E-02     3.384E-90     1.000E+01
1.80E-02     5.080E-87     1.000E+01
2.00E-02     7.627E-84     1.000E+01
2.50E-02     6.661E-76     1.000E+01
3.00E-02     5.817E-68     1.000E+01
4.00E-02     4.437E-52     1.000E+01
5.00E-02     3.384E-36     1.000E+01
6.00E-02     7.428E-34     1.000E+01
7.00E-02     1.631E-31     1.000E+01
8.00E-02     3.579E-29     1.000E+01
9.00E-02     7.856E-27     1.000E+01
1.00E-01     1.724E-24     1.000E+01
1.10E-01     1.847E-23     1.000E+01
1.20E-01     1.978E-22     1.000E+01
1.30E-01     2.119E-21     1.000E+01
1.40E-01     2.270E-20     1.000E+01
1.50E-01     2.431E-19     1.000E+01
1.60E-01     1.085E-18     1.000E+01
1.80E-01     2.158E-17     1.000E+01
2.00E-01     4.295E-16     1.000E+01
2.50E-01     8.685E-14     1.000E+01
3.00E-01     4.914E-12     1.000E+01
3.50E-01     9.241E-11     1.000E+01
4.00E-01     1.738E-09     1.000E+01
4.50E-01     1.383E-08     1.000E+01
5.00E-01     1.101E-07     1.000E+01
6.00E-01     2.483E-06     1.000E+01
7.00E-01     2.819E-05     1.000E+01
8.00E-01     1.980E-04     1.000E+01
9.00E-01     9.815E-04     1.000E+01
1.00E+00     3.751E-03     1.000E+01
1.25E+00     3.413E-02     1.000E+01
1.50E+00     3.106E-01     1.000E+01
1.75E+00     1.093E+00     1.000E+01
2.00E+00     3.844E+00     1.000E+01
2.50E+00     2.015E+01     1.000E+01
3.00E+00     6.565E+01     1.000E+01
3.50E+00     1.588E+02     1.000E+01
4.00E+00     3.149E+02     1.000E+01
5.00E+00     8.469E+02     1.000E+01
6.00E+00     1.635E+03     1.000E+01
7.00E+00     2.294E+03     1.000E+01
8.00E+00     2.209E+03     1.000E+01
9.00E+00     1.655E+03     1.000E+01
1.00E+01     1.161E+03     1.000E+01
