5        n se65  he4 ge62                  taly      1.43840E+01      
1.00E-03     1.031E+06     1.000E+01
2.00E-03     1.038E+06     1.000E+01
3.00E-03     1.045E+06     1.000E+01
4.00E-03     1.052E+06     1.000E+01
5.00E-03     1.059E+06     1.000E+01
6.00E-03     1.053E+06     1.000E+01
7.00E-03     1.046E+06     1.000E+01
8.00E-03     1.039E+06     1.000E+01
9.00E-03     1.032E+06     1.000E+01
1.00E-02     1.026E+06     1.000E+01
1.10E-02     1.025E+06     1.000E+01
1.20E-02     1.024E+06     1.000E+01
1.30E-02     1.024E+06     1.000E+01
1.40E-02     1.023E+06     1.000E+01
1.50E-02     1.023E+06     1.000E+01
1.60E-02     1.022E+06     1.000E+01
1.80E-02     1.021E+06     1.000E+01
2.00E-02     1.020E+06     1.000E+01
2.50E-02     1.017E+06     1.000E+01
3.00E-02     1.014E+06     1.000E+01
4.00E-02     1.009E+06     1.000E+01
5.00E-02     1.004E+06     1.000E+01
6.00E-02     1.004E+06     1.000E+01
7.00E-02     1.004E+06     1.000E+01
8.00E-02     1.004E+06     1.000E+01
9.00E-02     1.004E+06     1.000E+01
1.00E-01     1.004E+06     1.000E+01
1.10E-01     1.005E+06     1.000E+01
1.20E-01     1.007E+06     1.000E+01
1.30E-01     1.008E+06     1.000E+01
1.40E-01     1.010E+06     1.000E+01
1.50E-01     1.011E+06     1.000E+01
1.60E-01     1.014E+06     1.000E+01
1.80E-01     1.019E+06     1.000E+01
2.00E-01     1.024E+06     1.000E+01
2.50E-01     1.039E+06     1.000E+01
3.00E-01     1.054E+06     1.000E+01
3.50E-01     1.067E+06     1.000E+01
4.00E-01     1.081E+06     1.000E+01
4.50E-01     1.092E+06     1.000E+01
5.00E-01     1.103E+06     1.000E+01
6.00E-01     1.114E+06     1.000E+01
7.00E-01     1.101E+06     1.000E+01
8.00E-01     1.050E+06     1.000E+01
9.00E-01     9.576E+05     1.000E+01
1.00E+00     8.370E+05     1.000E+01
1.25E+00     5.488E+05     1.000E+01
1.50E+00     3.599E+05     1.000E+01
1.75E+00     2.808E+05     1.000E+01
2.00E+00     2.190E+05     1.000E+01
2.50E+00     1.820E+05     1.000E+01
3.00E+00     1.708E+05     1.000E+01
3.50E+00     1.661E+05     1.000E+01
4.00E+00     1.623E+05     1.000E+01
5.00E+00     1.529E+05     1.000E+01
6.00E+00     1.402E+05     1.000E+01
7.00E+00     1.252E+05     1.000E+01
8.00E+00     1.086E+05     1.000E+01
9.00E+00     9.140E+04     1.000E+01
1.00E+01     7.421E+04     1.000E+01
