4        n se69 se70                       taly      1.35660E+01      
1.00E-03     2.308E+05     1.000E+01
2.00E-03     2.324E+05     1.000E+01
3.00E-03     2.341E+05     1.000E+01
4.00E-03     2.358E+05     1.000E+01
5.00E-03     2.375E+05     1.000E+01
6.00E-03     2.361E+05     1.000E+01
7.00E-03     2.346E+05     1.000E+01
8.00E-03     2.332E+05     1.000E+01
9.00E-03     2.317E+05     1.000E+01
1.00E-02     2.303E+05     1.000E+01
1.10E-02     2.303E+05     1.000E+01
1.20E-02     2.302E+05     1.000E+01
1.30E-02     2.302E+05     1.000E+01
1.40E-02     2.301E+05     1.000E+01
1.50E-02     2.301E+05     1.000E+01
1.60E-02     2.300E+05     1.000E+01
1.80E-02     2.299E+05     1.000E+01
2.00E-02     2.298E+05     1.000E+01
2.50E-02     2.296E+05     1.000E+01
3.00E-02     2.293E+05     1.000E+01
4.00E-02     2.289E+05     1.000E+01
5.00E-02     2.284E+05     1.000E+01
6.00E-02     2.291E+05     1.000E+01
7.00E-02     2.298E+05     1.000E+01
8.00E-02     2.305E+05     1.000E+01
9.00E-02     2.312E+05     1.000E+01
1.00E-01     2.319E+05     1.000E+01
1.10E-01     2.329E+05     1.000E+01
1.20E-01     2.339E+05     1.000E+01
1.30E-01     2.349E+05     1.000E+01
1.40E-01     2.359E+05     1.000E+01
1.50E-01     2.370E+05     1.000E+01
1.60E-01     2.382E+05     1.000E+01
1.80E-01     2.407E+05     1.000E+01
2.00E-01     2.431E+05     1.000E+01
2.50E-01     2.495E+05     1.000E+01
3.00E-01     2.555E+05     1.000E+01
3.50E-01     2.607E+05     1.000E+01
4.00E-01     2.658E+05     1.000E+01
4.50E-01     2.703E+05     1.000E+01
5.00E-01     2.747E+05     1.000E+01
6.00E-01     2.828E+05     1.000E+01
7.00E-01     2.905E+05     1.000E+01
8.00E-01     2.979E+05     1.000E+01
9.00E-01     3.051E+05     1.000E+01
1.00E+00     3.120E+05     1.000E+01
1.25E+00     3.275E+05     1.000E+01
1.50E+00     3.430E+05     1.000E+01
1.75E+00     3.552E+05     1.000E+01
2.00E+00     3.675E+05     1.000E+01
2.50E+00     3.859E+05     1.000E+01
3.00E+00     3.987E+05     1.000E+01
3.50E+00     4.068E+05     1.000E+01
4.00E+00     4.111E+05     1.000E+01
5.00E+00     4.080E+05     1.000E+01
6.00E+00     3.771E+05     1.000E+01
7.00E+00     2.983E+05     1.000E+01
8.00E+00     1.919E+05     1.000E+01
9.00E+00     1.066E+05     1.000E+01
1.00E+01     5.658E+04     1.000E+01
