4      he4 se66 kr70                       taly      2.00500E+00      
1.00E-03     0.000E+00     1.000E+00
2.00E-03     0.000E+00     1.000E+00
3.00E-03     0.000E+00     1.000E+00
4.00E-03     0.000E+00     1.000E+00
5.00E-03     0.000E+00     1.000E+00
6.00E-03     0.000E+00     1.000E+00
7.00E-03     0.000E+00     1.000E+00
8.00E-03     0.000E+00     1.000E+00
9.00E-03     0.000E+00     1.000E+00
1.00E-02     0.000E+00     1.000E+00
1.10E-02     0.000E+00     1.000E+00
1.20E-02     0.000E+00     1.000E+00
1.30E-02     0.000E+00     1.000E+00
1.40E-02     0.000E+00     1.000E+00
1.50E-02     0.000E+00     1.000E+00
1.60E-02     0.000E+00     1.000E+00
1.80E-02     0.000E+00     1.000E+00
2.00E-02     0.000E+00     1.000E+00
2.50E-02     0.000E+00     1.000E+00
3.00E-02     0.000E+00     1.000E+00
4.00E-02     0.000E+00     1.000E+00
5.00E-02     0.000E+00     1.000E+00
6.00E-02     0.000E+00     1.000E+00
7.00E-02     0.000E+00     1.000E+00
8.00E-02     0.000E+00     1.000E+00
9.00E-02     0.000E+00     1.000E+00
1.00E-01     0.000E+00     1.000E+00
1.10E-01     0.000E+00     1.000E+00
1.20E-01     0.000E+00     1.000E+00
1.30E-01     0.000E+00     1.000E+00
1.40E-01     0.000E+00     1.000E+00
1.50E-01     0.000E+00     1.000E+00
1.60E-01     0.000E+00     1.000E+00
1.80E-01     0.000E+00     1.000E+00
2.00E-01     0.000E+00     1.000E+00
2.50E-01     0.000E+00     1.000E+00
3.00E-01     5.486E-44     1.000E+01
3.50E-01     3.068E-40     1.000E+01
4.00E-01     1.715E-36     1.000E+01
4.50E-01     3.883E-34     1.000E+01
5.00E-01     8.789E-32     1.000E+01
6.00E-01     2.124E-28     1.000E+01
7.00E-01     8.618E-26     1.000E+01
8.00E-01     1.032E-23     1.000E+01
9.00E-01     5.053E-22     1.000E+01
1.00E+00     1.272E-20     1.000E+01
1.25E+00     2.616E-18     1.000E+01
1.50E+00     5.381E-16     1.000E+01
1.75E+00     1.409E-14     1.000E+01
2.00E+00     3.691E-13     1.000E+01
2.50E+00     4.016E-11     1.000E+01
3.00E+00     1.338E-09     1.000E+01
3.50E+00     1.944E-08     1.000E+01
4.00E+00     1.579E-07     1.000E+01
5.00E+00     3.398E-06     1.000E+01
6.00E+00     2.979E-05     1.000E+01
7.00E+00     1.552E-04     1.000E+01
8.00E+00     5.758E-04     1.000E+01
9.00E+00     1.663E-03     1.000E+01
1.00E+01     3.916E-03     1.000E+01
