5        n se66  he4 ge63                  taly      1.11990E+01      
1.00E-03     4.682E+06     1.000E+01
2.00E-03     4.715E+06     1.000E+01
3.00E-03     4.747E+06     1.000E+01
4.00E-03     4.781E+06     1.000E+01
5.00E-03     4.814E+06     1.000E+01
6.00E-03     4.783E+06     1.000E+01
7.00E-03     4.753E+06     1.000E+01
8.00E-03     4.723E+06     1.000E+01
9.00E-03     4.693E+06     1.000E+01
1.00E-02     4.663E+06     1.000E+01
1.10E-02     4.661E+06     1.000E+01
1.20E-02     4.659E+06     1.000E+01
1.30E-02     4.657E+06     1.000E+01
1.40E-02     4.655E+06     1.000E+01
1.50E-02     4.653E+06     1.000E+01
1.60E-02     4.652E+06     1.000E+01
1.80E-02     4.648E+06     1.000E+01
2.00E-02     4.644E+06     1.000E+01
2.50E-02     4.634E+06     1.000E+01
3.00E-02     4.624E+06     1.000E+01
4.00E-02     4.605E+06     1.000E+01
5.00E-02     4.586E+06     1.000E+01
6.00E-02     4.592E+06     1.000E+01
7.00E-02     4.597E+06     1.000E+01
8.00E-02     4.603E+06     1.000E+01
9.00E-02     4.608E+06     1.000E+01
1.00E-01     4.614E+06     1.000E+01
1.10E-01     4.626E+06     1.000E+01
1.20E-01     4.637E+06     1.000E+01
1.30E-01     4.649E+06     1.000E+01
1.40E-01     4.661E+06     1.000E+01
1.50E-01     4.673E+06     1.000E+01
1.60E-01     4.690E+06     1.000E+01
1.80E-01     4.723E+06     1.000E+01
2.00E-01     4.756E+06     1.000E+01
2.50E-01     4.850E+06     1.000E+01
3.00E-01     4.943E+06     1.000E+01
3.50E-01     5.029E+06     1.000E+01
4.00E-01     5.115E+06     1.000E+01
4.50E-01     5.186E+06     1.000E+01
5.00E-01     5.257E+06     1.000E+01
6.00E-01     5.323E+06     1.000E+01
7.00E-01     5.223E+06     1.000E+01
8.00E-01     4.887E+06     1.000E+01
9.00E-01     4.342E+06     1.000E+01
1.00E+00     3.704E+06     1.000E+01
1.25E+00     2.446E+06     1.000E+01
1.50E+00     1.615E+06     1.000E+01
1.75E+00     1.312E+06     1.000E+01
2.00E+00     1.066E+06     1.000E+01
2.50E+00     9.079E+05     1.000E+01
3.00E+00     8.429E+05     1.000E+01
3.50E+00     8.013E+05     1.000E+01
4.00E+00     7.657E+05     1.000E+01
5.00E+00     6.985E+05     1.000E+01
6.00E+00     6.332E+05     1.000E+01
7.00E+00     5.681E+05     1.000E+01
8.00E+00     5.014E+05     1.000E+01
9.00E+00     4.321E+05     1.000E+01
1.00E+01     3.609E+05     1.000E+01
