5        n se68    p as68                  taly      5.48800E+00      
1.00E-03     5.008E+08     1.000E+01
2.00E-03     5.038E+08     1.000E+01
3.00E-03     5.068E+08     1.000E+01
4.00E-03     5.098E+08     1.000E+01
5.00E-03     5.129E+08     1.000E+01
6.00E-03     5.094E+08     1.000E+01
7.00E-03     5.059E+08     1.000E+01
8.00E-03     5.024E+08     1.000E+01
9.00E-03     4.990E+08     1.000E+01
1.00E-02     4.955E+08     1.000E+01
1.10E-02     4.952E+08     1.000E+01
1.20E-02     4.949E+08     1.000E+01
1.30E-02     4.945E+08     1.000E+01
1.40E-02     4.942E+08     1.000E+01
1.50E-02     4.938E+08     1.000E+01
1.60E-02     4.935E+08     1.000E+01
1.80E-02     4.928E+08     1.000E+01
2.00E-02     4.922E+08     1.000E+01
2.50E-02     4.905E+08     1.000E+01
3.00E-02     4.888E+08     1.000E+01
4.00E-02     4.855E+08     1.000E+01
5.00E-02     4.822E+08     1.000E+01
6.00E-02     4.821E+08     1.000E+01
7.00E-02     4.821E+08     1.000E+01
8.00E-02     4.821E+08     1.000E+01
9.00E-02     4.820E+08     1.000E+01
1.00E-01     4.820E+08     1.000E+01
1.10E-01     4.828E+08     1.000E+01
1.20E-01     4.836E+08     1.000E+01
1.30E-01     4.845E+08     1.000E+01
1.40E-01     4.853E+08     1.000E+01
1.50E-01     4.862E+08     1.000E+01
1.60E-01     4.876E+08     1.000E+01
1.80E-01     4.905E+08     1.000E+01
2.00E-01     4.934E+08     1.000E+01
2.50E-01     5.019E+08     1.000E+01
3.00E-01     5.107E+08     1.000E+01
3.50E-01     5.189E+08     1.000E+01
4.00E-01     5.273E+08     1.000E+01
4.50E-01     5.350E+08     1.000E+01
5.00E-01     5.429E+08     1.000E+01
6.00E-01     5.582E+08     1.000E+01
7.00E-01     5.736E+08     1.000E+01
8.00E-01     5.890E+08     1.000E+01
9.00E-01     6.046E+08     1.000E+01
1.00E+00     6.202E+08     1.000E+01
1.25E+00     6.578E+08     1.000E+01
1.50E+00     6.977E+08     1.000E+01
1.75E+00     7.336E+08     1.000E+01
2.00E+00     7.713E+08     1.000E+01
2.50E+00     8.378E+08     1.000E+01
3.00E+00     8.960E+08     1.000E+01
3.50E+00     9.466E+08     1.000E+01
4.00E+00     9.905E+08     1.000E+01
5.00E+00     1.062E+09     1.000E+01
6.00E+00     1.110E+09     1.000E+01
7.00E+00     1.093E+09     1.000E+01
8.00E+00     8.683E+08     1.000E+01
9.00E+00     4.670E+08     1.000E+01
1.00E+01     1.960E+08     1.000E+01
