5        n se69    p as69                  taly      7.45900E+00      
1.00E-03     4.772E+08     1.000E+01
2.00E-03     4.806E+08     1.000E+01
3.00E-03     4.840E+08     1.000E+01
4.00E-03     4.874E+08     1.000E+01
5.00E-03     4.908E+08     1.000E+01
6.00E-03     4.877E+08     1.000E+01
7.00E-03     4.847E+08     1.000E+01
8.00E-03     4.816E+08     1.000E+01
9.00E-03     4.786E+08     1.000E+01
1.00E-02     4.756E+08     1.000E+01
1.10E-02     4.754E+08     1.000E+01
1.20E-02     4.753E+08     1.000E+01
1.30E-02     4.751E+08     1.000E+01
1.40E-02     4.749E+08     1.000E+01
1.50E-02     4.748E+08     1.000E+01
1.60E-02     4.746E+08     1.000E+01
1.80E-02     4.742E+08     1.000E+01
2.00E-02     4.739E+08     1.000E+01
2.50E-02     4.731E+08     1.000E+01
3.00E-02     4.722E+08     1.000E+01
4.00E-02     4.705E+08     1.000E+01
5.00E-02     4.688E+08     1.000E+01
6.00E-02     4.696E+08     1.000E+01
7.00E-02     4.704E+08     1.000E+01
8.00E-02     4.712E+08     1.000E+01
9.00E-02     4.720E+08     1.000E+01
1.00E-01     4.728E+08     1.000E+01
1.10E-01     4.743E+08     1.000E+01
1.20E-01     4.758E+08     1.000E+01
1.30E-01     4.773E+08     1.000E+01
1.40E-01     4.787E+08     1.000E+01
1.50E-01     4.802E+08     1.000E+01
1.60E-01     4.823E+08     1.000E+01
1.80E-01     4.864E+08     1.000E+01
2.00E-01     4.905E+08     1.000E+01
2.50E-01     5.017E+08     1.000E+01
3.00E-01     5.126E+08     1.000E+01
3.50E-01     5.224E+08     1.000E+01
4.00E-01     5.324E+08     1.000E+01
4.50E-01     5.413E+08     1.000E+01
5.00E-01     5.505E+08     1.000E+01
6.00E-01     5.681E+08     1.000E+01
7.00E-01     5.856E+08     1.000E+01
8.00E-01     6.032E+08     1.000E+01
9.00E-01     6.209E+08     1.000E+01
1.00E+00     6.385E+08     1.000E+01
1.25E+00     6.803E+08     1.000E+01
1.50E+00     7.248E+08     1.000E+01
1.75E+00     7.639E+08     1.000E+01
2.00E+00     8.050E+08     1.000E+01
2.50E+00     8.770E+08     1.000E+01
3.00E+00     9.403E+08     1.000E+01
3.50E+00     9.955E+08     1.000E+01
4.00E+00     1.043E+09     1.000E+01
5.00E+00     1.111E+09     1.000E+01
6.00E+00     1.096E+09     1.000E+01
7.00E+00     9.208E+08     1.000E+01
8.00E+00     6.255E+08     1.000E+01
9.00E+00     3.653E+08     1.000E+01
1.00E+01     2.024E+08     1.000E+01
