5        n se65    p as65                  taly      1.45580E+01      
1.00E-03     1.897E+05     1.000E+01
2.00E-03     1.910E+05     1.000E+01
3.00E-03     1.923E+05     1.000E+01
4.00E-03     1.936E+05     1.000E+01
5.00E-03     1.949E+05     1.000E+01
6.00E-03     1.936E+05     1.000E+01
7.00E-03     1.923E+05     1.000E+01
8.00E-03     1.911E+05     1.000E+01
9.00E-03     1.898E+05     1.000E+01
1.00E-02     1.886E+05     1.000E+01
1.10E-02     1.885E+05     1.000E+01
1.20E-02     1.884E+05     1.000E+01
1.30E-02     1.883E+05     1.000E+01
1.40E-02     1.882E+05     1.000E+01
1.50E-02     1.881E+05     1.000E+01
1.60E-02     1.880E+05     1.000E+01
1.80E-02     1.878E+05     1.000E+01
2.00E-02     1.875E+05     1.000E+01
2.50E-02     1.870E+05     1.000E+01
3.00E-02     1.865E+05     1.000E+01
4.00E-02     1.854E+05     1.000E+01
5.00E-02     1.843E+05     1.000E+01
6.00E-02     1.843E+05     1.000E+01
7.00E-02     1.843E+05     1.000E+01
8.00E-02     1.842E+05     1.000E+01
9.00E-02     1.842E+05     1.000E+01
1.00E-01     1.841E+05     1.000E+01
1.10E-01     1.843E+05     1.000E+01
1.20E-01     1.845E+05     1.000E+01
1.30E-01     1.848E+05     1.000E+01
1.40E-01     1.850E+05     1.000E+01
1.50E-01     1.852E+05     1.000E+01
1.60E-01     1.856E+05     1.000E+01
1.80E-01     1.864E+05     1.000E+01
2.00E-01     1.872E+05     1.000E+01
2.50E-01     1.895E+05     1.000E+01
3.00E-01     1.919E+05     1.000E+01
3.50E-01     1.940E+05     1.000E+01
4.00E-01     1.961E+05     1.000E+01
4.50E-01     1.977E+05     1.000E+01
5.00E-01     1.993E+05     1.000E+01
6.00E-01     2.006E+05     1.000E+01
7.00E-01     1.973E+05     1.000E+01
8.00E-01     1.873E+05     1.000E+01
9.00E-01     1.702E+05     1.000E+01
1.00E+00     1.489E+05     1.000E+01
1.25E+00     1.082E+05     1.000E+01
1.50E+00     7.867E+04     1.000E+01
1.75E+00     7.762E+04     1.000E+01
2.00E+00     7.658E+04     1.000E+01
2.50E+00     8.924E+04     1.000E+01
3.00E+00     1.008E+05     1.000E+01
3.50E+00     1.085E+05     1.000E+01
4.00E+00     1.126E+05     1.000E+01
5.00E+00     1.133E+05     1.000E+01
6.00E+00     1.078E+05     1.000E+01
7.00E+00     9.880E+04     1.000E+01
8.00E+00     8.769E+04     1.000E+01
9.00E+00     7.531E+04     1.000E+01
1.00E+01     6.237E+04     1.000E+01
