5        n se67  he4 ge64                  taly      1.33810E+01      
1.00E-03     1.841E+07     1.000E+01
2.00E-03     1.854E+07     1.000E+01
3.00E-03     1.867E+07     1.000E+01
4.00E-03     1.881E+07     1.000E+01
5.00E-03     1.895E+07     1.000E+01
6.00E-03     1.883E+07     1.000E+01
7.00E-03     1.872E+07     1.000E+01
8.00E-03     1.860E+07     1.000E+01
9.00E-03     1.849E+07     1.000E+01
1.00E-02     1.838E+07     1.000E+01
1.10E-02     1.837E+07     1.000E+01
1.20E-02     1.837E+07     1.000E+01
1.30E-02     1.837E+07     1.000E+01
1.40E-02     1.836E+07     1.000E+01
1.50E-02     1.836E+07     1.000E+01
1.60E-02     1.836E+07     1.000E+01
1.80E-02     1.835E+07     1.000E+01
2.00E-02     1.834E+07     1.000E+01
2.50E-02     1.833E+07     1.000E+01
3.00E-02     1.831E+07     1.000E+01
4.00E-02     1.828E+07     1.000E+01
5.00E-02     1.825E+07     1.000E+01
6.00E-02     1.831E+07     1.000E+01
7.00E-02     1.838E+07     1.000E+01
8.00E-02     1.844E+07     1.000E+01
9.00E-02     1.851E+07     1.000E+01
1.00E-01     1.857E+07     1.000E+01
1.10E-01     1.866E+07     1.000E+01
1.20E-01     1.875E+07     1.000E+01
1.30E-01     1.885E+07     1.000E+01
1.40E-01     1.894E+07     1.000E+01
1.50E-01     1.903E+07     1.000E+01
1.60E-01     1.914E+07     1.000E+01
1.80E-01     1.936E+07     1.000E+01
2.00E-01     1.959E+07     1.000E+01
2.50E-01     2.020E+07     1.000E+01
3.00E-01     2.080E+07     1.000E+01
3.50E-01     2.136E+07     1.000E+01
4.00E-01     2.194E+07     1.000E+01
4.50E-01     2.238E+07     1.000E+01
5.00E-01     2.282E+07     1.000E+01
6.00E-01     2.282E+07     1.000E+01
7.00E-01     2.106E+07     1.000E+01
8.00E-01     1.756E+07     1.000E+01
9.00E-01     1.356E+07     1.000E+01
1.00E+00     1.017E+07     1.000E+01
1.25E+00     5.921E+06     1.000E+01
1.50E+00     3.447E+06     1.000E+01
1.75E+00     2.770E+06     1.000E+01
2.00E+00     2.225E+06     1.000E+01
2.50E+00     1.894E+06     1.000E+01
3.00E+00     1.789E+06     1.000E+01
3.50E+00     1.764E+06     1.000E+01
4.00E+00     1.773E+06     1.000E+01
5.00E+00     1.835E+06     1.000E+01
6.00E+00     1.916E+06     1.000E+01
7.00E+00     1.983E+06     1.000E+01
8.00E+00     2.007E+06     1.000E+01
9.00E+00     1.963E+06     1.000E+01
1.00E+01     1.834E+06     1.000E+01
