4        p se71 br72                       taly      3.20900E+00      
1.00E-03     0.000E+00     1.000E+00
2.00E-03     0.000E+00     1.000E+00
3.00E-03     0.000E+00     1.000E+00
4.00E-03     0.000E+00     1.000E+00
5.00E-03     0.000E+00     1.000E+00
6.00E-03     0.000E+00     1.000E+00
7.00E-03     0.000E+00     1.000E+00
8.00E-03     0.000E+00     1.000E+00
9.00E-03     0.000E+00     1.000E+00
1.00E-02     0.000E+00     1.000E+00
1.10E-02     3.911E-98     1.000E+01
1.20E-02     1.530E-96     1.000E+01
1.30E-02     5.982E-95     1.000E+01
1.40E-02     2.339E-93     1.000E+01
1.50E-02     9.149E-92     1.000E+01
1.60E-02     3.578E-90     1.000E+01
1.80E-02     5.473E-87     1.000E+01
2.00E-02     8.370E-84     1.000E+01
2.50E-02     7.658E-76     1.000E+01
3.00E-02     7.007E-68     1.000E+01
4.00E-02     5.865E-52     1.000E+01
5.00E-02     4.909E-36     1.000E+01
6.00E-02     1.022E-33     1.000E+01
7.00E-02     2.126E-31     1.000E+01
8.00E-02     4.425E-29     1.000E+01
9.00E-02     9.210E-27     1.000E+01
1.00E-01     1.917E-24     1.000E+01
1.10E-01     2.057E-23     1.000E+01
1.20E-01     2.208E-22     1.000E+01
1.30E-01     2.369E-21     1.000E+01
1.40E-01     2.543E-20     1.000E+01
1.50E-01     2.729E-19     1.000E+01
1.60E-01     1.222E-18     1.000E+01
1.80E-01     2.454E-17     1.000E+01
2.00E-01     4.925E-16     1.000E+01
2.50E-01     1.012E-13     1.000E+01
3.00E-01     5.766E-12     1.000E+01
3.50E-01     1.086E-10     1.000E+01
4.00E-01     2.045E-09     1.000E+01
4.50E-01     1.643E-08     1.000E+01
5.00E-01     1.321E-07     1.000E+01
6.00E-01     3.153E-06     1.000E+01
7.00E-01     3.942E-05     1.000E+01
8.00E-01     3.137E-04     1.000E+01
9.00E-01     1.787E-03     1.000E+01
1.00E+00     7.867E-03     1.000E+01
1.25E+00     9.575E-02     1.000E+01
1.50E+00     1.165E+00     1.000E+01
1.75E+00     4.871E+00     1.000E+01
2.00E+00     2.036E+01     1.000E+01
2.50E+00     1.306E+02     1.000E+01
3.00E+00     4.860E+02     1.000E+01
3.50E+00     1.303E+03     1.000E+01
4.00E+00     2.832E+03     1.000E+01
5.00E+00     9.093E+03     1.000E+01
6.00E+00     2.115E+04     1.000E+01
7.00E+00     3.689E+04     1.000E+01
8.00E+00     4.408E+04     1.000E+01
9.00E+00     3.745E+04     1.000E+01
1.00E+01     2.743E+04     1.000E+01
