4      he4 se65 kr69                       taly      1.69900E+00      
1.00E-03     0.000E+00     1.000E+00
2.00E-03     0.000E+00     1.000E+00
3.00E-03     0.000E+00     1.000E+00
4.00E-03     0.000E+00     1.000E+00
5.00E-03     0.000E+00     1.000E+00
6.00E-03     0.000E+00     1.000E+00
7.00E-03     0.000E+00     1.000E+00
8.00E-03     0.000E+00     1.000E+00
9.00E-03     0.000E+00     1.000E+00
1.00E-02     0.000E+00     1.000E+00
1.10E-02     0.000E+00     1.000E+00
1.20E-02     0.000E+00     1.000E+00
1.30E-02     0.000E+00     1.000E+00
1.40E-02     0.000E+00     1.000E+00
1.50E-02     0.000E+00     1.000E+00
1.60E-02     0.000E+00     1.000E+00
1.80E-02     0.000E+00     1.000E+00
2.00E-02     0.000E+00     1.000E+00
2.50E-02     0.000E+00     1.000E+00
3.00E-02     0.000E+00     1.000E+00
4.00E-02     0.000E+00     1.000E+00
5.00E-02     0.000E+00     1.000E+00
6.00E-02     0.000E+00     1.000E+00
7.00E-02     0.000E+00     1.000E+00
8.00E-02     0.000E+00     1.000E+00
9.00E-02     0.000E+00     1.000E+00
1.00E-01     0.000E+00     1.000E+00
1.10E-01     0.000E+00     1.000E+00
1.20E-01     0.000E+00     1.000E+00
1.30E-01     0.000E+00     1.000E+00
1.40E-01     0.000E+00     1.000E+00
1.50E-01     0.000E+00     1.000E+00
1.60E-01     0.000E+00     1.000E+00
1.80E-01     0.000E+00     1.000E+00
2.00E-01     0.000E+00     1.000E+00
2.50E-01     0.000E+00     1.000E+00
3.00E-01     1.052E-45     1.000E+01
3.50E-01     6.313E-42     1.000E+01
4.00E-01     3.788E-38     1.000E+01
4.50E-01     7.884E-36     1.000E+01
5.00E-01     1.641E-33     1.000E+01
6.00E-01     2.823E-30     1.000E+01
7.00E-01     8.162E-28     1.000E+01
8.00E-01     7.657E-26     1.000E+01
9.00E-01     3.246E-24     1.000E+01
1.00E+00     7.586E-23     1.000E+01
1.25E+00     1.536E-20     1.000E+01
1.50E+00     3.110E-18     1.000E+01
1.75E+00     8.273E-17     1.000E+01
2.00E+00     2.201E-15     1.000E+01
2.50E+00     2.544E-13     1.000E+01
3.00E+00     1.025E-11     1.000E+01
3.50E+00     2.045E-10     1.000E+01
4.00E+00     2.440E-09     1.000E+01
5.00E+00     1.150E-07     1.000E+01
6.00E+00     1.952E-06     1.000E+01
7.00E+00     1.666E-05     1.000E+01
8.00E+00     8.760E-05     1.000E+01
9.00E+00     3.219E-04     1.000E+01
1.00E+01     8.967E-04     1.000E+01
