4        n se70 se71                       taly      9.28800E+00      
1.00E-03     3.615E+06     1.000E+01
2.00E-03     3.524E+06     1.000E+01
3.00E-03     3.433E+06     1.000E+01
4.00E-03     3.342E+06     1.000E+01
5.00E-03     3.251E+06     1.000E+01
6.00E-03     3.189E+06     1.000E+01
7.00E-03     3.127E+06     1.000E+01
8.00E-03     3.065E+06     1.000E+01
9.00E-03     3.004E+06     1.000E+01
1.00E-02     2.942E+06     1.000E+01
1.10E-02     2.929E+06     1.000E+01
1.20E-02     2.916E+06     1.000E+01
1.30E-02     2.903E+06     1.000E+01
1.40E-02     2.889E+06     1.000E+01
1.50E-02     2.876E+06     1.000E+01
1.60E-02     2.863E+06     1.000E+01
1.80E-02     2.837E+06     1.000E+01
2.00E-02     2.811E+06     1.000E+01
2.50E-02     2.745E+06     1.000E+01
3.00E-02     2.679E+06     1.000E+01
4.00E-02     2.548E+06     1.000E+01
5.00E-02     2.417E+06     1.000E+01
6.00E-02     2.395E+06     1.000E+01
7.00E-02     2.373E+06     1.000E+01
8.00E-02     2.352E+06     1.000E+01
9.00E-02     2.330E+06     1.000E+01
1.00E-01     2.308E+06     1.000E+01
1.10E-01     2.305E+06     1.000E+01
1.20E-01     2.302E+06     1.000E+01
1.30E-01     2.300E+06     1.000E+01
1.40E-01     2.297E+06     1.000E+01
1.50E-01     2.294E+06     1.000E+01
1.60E-01     2.297E+06     1.000E+01
1.80E-01     2.304E+06     1.000E+01
2.00E-01     2.311E+06     1.000E+01
2.50E-01     2.340E+06     1.000E+01
3.00E-01     2.369E+06     1.000E+01
3.50E-01     2.394E+06     1.000E+01
4.00E-01     2.419E+06     1.000E+01
4.50E-01     2.438E+06     1.000E+01
5.00E-01     2.457E+06     1.000E+01
6.00E-01     2.487E+06     1.000E+01
7.00E-01     2.512E+06     1.000E+01
8.00E-01     2.534E+06     1.000E+01
9.00E-01     2.554E+06     1.000E+01
1.00E+00     2.572E+06     1.000E+01
1.25E+00     2.604E+06     1.000E+01
1.50E+00     2.637E+06     1.000E+01
1.75E+00     2.647E+06     1.000E+01
2.00E+00     2.658E+06     1.000E+01
2.50E+00     2.627E+06     1.000E+01
3.00E+00     2.544E+06     1.000E+01
3.50E+00     2.422E+06     1.000E+01
4.00E+00     2.272E+06     1.000E+01
5.00E+00     1.935E+06     1.000E+01
6.00E+00     1.554E+06     1.000E+01
7.00E+00     1.059E+06     1.000E+01
8.00E+00     5.461E+05     1.000E+01
9.00E+00     2.346E+05     1.000E+01
1.00E+01     1.002E+05     1.000E+01
