5        p se71  he4 as68                  taly      6.12000E-01      
1.00E-03     0.000E+00     1.000E+00
2.00E-03     0.000E+00     1.000E+00
3.00E-03     0.000E+00     1.000E+00
4.00E-03     0.000E+00     1.000E+00
5.00E-03     0.000E+00     1.000E+00
6.00E-03     0.000E+00     1.000E+00
7.00E-03     0.000E+00     1.000E+00
8.00E-03     0.000E+00     1.000E+00
9.00E-03     0.000E+00     1.000E+00
1.00E-02     0.000E+00     1.000E+00
1.10E-02     3.072E-98     1.000E+01
1.20E-02     9.438E-97     1.000E+01
1.30E-02     2.900E-95     1.000E+01
1.40E-02     8.908E-94     1.000E+01
1.50E-02     2.737E-92     1.000E+01
1.60E-02     8.407E-91     1.000E+01
1.80E-02     7.935E-88     1.000E+01
2.00E-02     7.489E-85     1.000E+01
2.50E-02     2.049E-77     1.000E+01
3.00E-02     5.608E-70     1.000E+01
4.00E-02     4.200E-55     1.000E+01
5.00E-02     3.145E-40     1.000E+01
6.00E-02     3.817E-38     1.000E+01
7.00E-02     4.631E-36     1.000E+01
8.00E-02     5.620E-34     1.000E+01
9.00E-02     6.819E-32     1.000E+01
1.00E-01     8.275E-30     1.000E+01
1.10E-01     3.978E-29     1.000E+01
1.20E-01     1.912E-28     1.000E+01
1.30E-01     9.192E-28     1.000E+01
1.40E-01     4.419E-27     1.000E+01
1.50E-01     2.124E-26     1.000E+01
1.60E-01     4.605E-26     1.000E+01
1.80E-01     2.164E-25     1.000E+01
2.00E-01     1.017E-24     1.000E+01
2.50E-01     1.005E-23     1.000E+01
3.00E-01     4.541E-23     1.000E+01
3.50E-01     1.147E-22     1.000E+01
4.00E-01     2.897E-22     1.000E+01
4.50E-01     4.982E-22     1.000E+01
5.00E-01     8.568E-22     1.000E+01
6.00E-01     1.959E-21     1.000E+01
7.00E-01     4.837E-20     1.000E+01
8.00E-01     3.469E-18     1.000E+01
9.00E-01     1.339E-16     1.000E+01
1.00E+00     3.151E-15     1.000E+01
1.25E+00     9.592E-13     1.000E+01
1.50E+00     2.920E-10     1.000E+01
1.75E+00     1.081E-08     1.000E+01
2.00E+00     4.004E-07     1.000E+01
2.50E+00     6.165E-05     1.000E+01
3.00E+00     2.736E-03     1.000E+01
3.50E+00     5.501E-02     1.000E+01
4.00E+00     6.412E-01     1.000E+01
5.00E+00     2.950E+01     1.000E+01
6.00E+00     5.288E+02     1.000E+01
7.00E+00     4.714E+03     1.000E+01
8.00E+00     2.123E+04     1.000E+01
9.00E+00     5.326E+04     1.000E+01
1.00E+01     9.385E+04     1.000E+01
