4        n se66 se67                       taly      1.32830E+01      
1.00E-03     4.300E+03     1.000E+01
2.00E-03     4.329E+03     1.000E+01
3.00E-03     4.357E+03     1.000E+01
4.00E-03     4.386E+03     1.000E+01
5.00E-03     4.414E+03     1.000E+01
6.00E-03     4.385E+03     1.000E+01
7.00E-03     4.356E+03     1.000E+01
8.00E-03     4.326E+03     1.000E+01
9.00E-03     4.297E+03     1.000E+01
1.00E-02     4.268E+03     1.000E+01
1.10E-02     4.264E+03     1.000E+01
1.20E-02     4.261E+03     1.000E+01
1.30E-02     4.257E+03     1.000E+01
1.40E-02     4.254E+03     1.000E+01
1.50E-02     4.250E+03     1.000E+01
1.60E-02     4.247E+03     1.000E+01
1.80E-02     4.240E+03     1.000E+01
2.00E-02     4.233E+03     1.000E+01
2.50E-02     4.215E+03     1.000E+01
3.00E-02     4.198E+03     1.000E+01
4.00E-02     4.163E+03     1.000E+01
5.00E-02     4.128E+03     1.000E+01
6.00E-02     4.116E+03     1.000E+01
7.00E-02     4.104E+03     1.000E+01
8.00E-02     4.093E+03     1.000E+01
9.00E-02     4.081E+03     1.000E+01
1.00E-01     4.069E+03     1.000E+01
1.10E-01     4.064E+03     1.000E+01
1.20E-01     4.058E+03     1.000E+01
1.30E-01     4.052E+03     1.000E+01
1.40E-01     4.046E+03     1.000E+01
1.50E-01     4.040E+03     1.000E+01
1.60E-01     4.039E+03     1.000E+01
1.80E-01     4.036E+03     1.000E+01
2.00E-01     4.032E+03     1.000E+01
2.50E-01     4.035E+03     1.000E+01
3.00E-01     4.040E+03     1.000E+01
3.50E-01     4.042E+03     1.000E+01
4.00E-01     4.044E+03     1.000E+01
4.50E-01     4.038E+03     1.000E+01
5.00E-01     4.031E+03     1.000E+01
6.00E-01     3.967E+03     1.000E+01
7.00E-01     3.789E+03     1.000E+01
8.00E-01     3.457E+03     1.000E+01
9.00E-01     2.999E+03     1.000E+01
1.00E+00     2.502E+03     1.000E+01
1.25E+00     1.758E+03     1.000E+01
1.50E+00     1.013E+03     1.000E+01
1.75E+00     8.410E+02     1.000E+01
2.00E+00     6.687E+02     1.000E+01
2.50E+00     5.890E+02     1.000E+01
3.00E+00     5.649E+02     1.000E+01
3.50E+00     5.501E+02     1.000E+01
4.00E+00     5.345E+02     1.000E+01
5.00E+00     4.973E+02     1.000E+01
6.00E+00     4.552E+02     1.000E+01
7.00E+00     4.106E+02     1.000E+01
8.00E+00     3.637E+02     1.000E+01
9.00E+00     3.142E+02     1.000E+01
1.00E+01     2.631E+02     1.000E+01
