5        n se67    p as67                  taly      1.07890E+01      
1.00E-03     2.864E+07     1.000E+01
2.00E-03     2.885E+07     1.000E+01
3.00E-03     2.905E+07     1.000E+01
4.00E-03     2.926E+07     1.000E+01
5.00E-03     2.947E+07     1.000E+01
6.00E-03     2.928E+07     1.000E+01
7.00E-03     2.910E+07     1.000E+01
8.00E-03     2.892E+07     1.000E+01
9.00E-03     2.873E+07     1.000E+01
1.00E-02     2.856E+07     1.000E+01
1.10E-02     2.855E+07     1.000E+01
1.20E-02     2.854E+07     1.000E+01
1.30E-02     2.853E+07     1.000E+01
1.40E-02     2.852E+07     1.000E+01
1.50E-02     2.851E+07     1.000E+01
1.60E-02     2.850E+07     1.000E+01
1.80E-02     2.848E+07     1.000E+01
2.00E-02     2.846E+07     1.000E+01
2.50E-02     2.841E+07     1.000E+01
3.00E-02     2.837E+07     1.000E+01
4.00E-02     2.827E+07     1.000E+01
5.00E-02     2.818E+07     1.000E+01
6.00E-02     2.823E+07     1.000E+01
7.00E-02     2.829E+07     1.000E+01
8.00E-02     2.835E+07     1.000E+01
9.00E-02     2.840E+07     1.000E+01
1.00E-01     2.846E+07     1.000E+01
1.10E-01     2.855E+07     1.000E+01
1.20E-01     2.864E+07     1.000E+01
1.30E-01     2.874E+07     1.000E+01
1.40E-01     2.883E+07     1.000E+01
1.50E-01     2.893E+07     1.000E+01
1.60E-01     2.905E+07     1.000E+01
1.80E-01     2.929E+07     1.000E+01
2.00E-01     2.954E+07     1.000E+01
2.50E-01     3.022E+07     1.000E+01
3.00E-01     3.088E+07     1.000E+01
3.50E-01     3.148E+07     1.000E+01
4.00E-01     3.209E+07     1.000E+01
4.50E-01     3.249E+07     1.000E+01
5.00E-01     3.289E+07     1.000E+01
6.00E-01     3.244E+07     1.000E+01
7.00E-01     2.960E+07     1.000E+01
8.00E-01     2.449E+07     1.000E+01
9.00E-01     1.885E+07     1.000E+01
1.00E+00     1.416E+07     1.000E+01
1.25E+00     8.392E+06     1.000E+01
1.50E+00     4.974E+06     1.000E+01
1.75E+00     3.984E+06     1.000E+01
2.00E+00     3.191E+06     1.000E+01
2.50E+00     2.579E+06     1.000E+01
3.00E+00     2.280E+06     1.000E+01
3.50E+00     2.105E+06     1.000E+01
4.00E+00     1.992E+06     1.000E+01
5.00E+00     1.855E+06     1.000E+01
6.00E+00     1.768E+06     1.000E+01
7.00E+00     1.685E+06     1.000E+01
8.00E+00     1.580E+06     1.000E+01
9.00E+00     1.438E+06     1.000E+01
1.00E+01     1.256E+06     1.000E+01
