4      he4 se70 kr74                       taly      2.82700E+00      
1.00E-03     0.000E+00     1.000E+00
2.00E-03     0.000E+00     1.000E+00
3.00E-03     0.000E+00     1.000E+00
4.00E-03     0.000E+00     1.000E+00
5.00E-03     0.000E+00     1.000E+00
6.00E-03     0.000E+00     1.000E+00
7.00E-03     0.000E+00     1.000E+00
8.00E-03     0.000E+00     1.000E+00
9.00E-03     0.000E+00     1.000E+00
1.00E-02     0.000E+00     1.000E+00
1.10E-02     0.000E+00     1.000E+00
1.20E-02     0.000E+00     1.000E+00
1.30E-02     0.000E+00     1.000E+00
1.40E-02     0.000E+00     1.000E+00
1.50E-02     0.000E+00     1.000E+00
1.60E-02     0.000E+00     1.000E+00
1.80E-02     0.000E+00     1.000E+00
2.00E-02     0.000E+00     1.000E+00
2.50E-02     0.000E+00     1.000E+00
3.00E-02     0.000E+00     1.000E+00
4.00E-02     0.000E+00     1.000E+00
5.00E-02     0.000E+00     1.000E+00
6.00E-02     0.000E+00     1.000E+00
7.00E-02     0.000E+00     1.000E+00
8.00E-02     0.000E+00     1.000E+00
9.00E-02     0.000E+00     1.000E+00
1.00E-01     0.000E+00     1.000E+00
1.10E-01     0.000E+00     1.000E+00
1.20E-01     0.000E+00     1.000E+00
1.30E-01     0.000E+00     1.000E+00
1.40E-01     0.000E+00     1.000E+00
1.50E-01     0.000E+00     1.000E+00
1.60E-01     0.000E+00     1.000E+00
1.80E-01     0.000E+00     1.000E+00
2.00E-01     0.000E+00     1.000E+00
2.50E-01     0.000E+00     1.000E+00
3.00E-01     1.583E-44     1.000E+01
3.50E-01     1.088E-40     1.000E+01
4.00E-01     7.482E-37     1.000E+01
4.50E-01     2.029E-34     1.000E+01
5.00E-01     5.502E-32     1.000E+01
6.00E-01     1.980E-28     1.000E+01
7.00E-01     1.290E-25     1.000E+01
8.00E-01     2.718E-23     1.000E+01
9.00E-01     2.510E-21     1.000E+01
1.00E+00     1.233E-19     1.000E+01
1.25E+00     1.153E-16     1.000E+01
1.50E+00     1.078E-13     1.000E+01
1.75E+00     6.783E-12     1.000E+01
2.00E+00     4.266E-10     1.000E+01
2.50E+00     9.780E-08     1.000E+01
3.00E+00     4.383E-06     1.000E+01
3.50E+00     7.353E-05     1.000E+01
4.00E+00     6.666E-04     1.000E+01
5.00E+00     1.872E-02     1.000E+01
6.00E+00     2.181E-01     1.000E+01
7.00E+00     1.239E+00     1.000E+01
8.00E+00     3.511E+00     1.000E+01
9.00E+00     6.050E+00     1.000E+01
1.00E+01     8.166E+00     1.000E+01
