5        n si24    p al24                  taly      1.15740E+01      
1.00E-03     1.740E+07     1.000E+01
2.00E-03     1.757E+07     1.000E+01
3.00E-03     1.775E+07     1.000E+01
4.00E-03     1.794E+07     1.000E+01
5.00E-03     1.812E+07     1.000E+01
6.00E-03     1.806E+07     1.000E+01
7.00E-03     1.799E+07     1.000E+01
8.00E-03     1.793E+07     1.000E+01
9.00E-03     1.786E+07     1.000E+01
1.00E-02     1.780E+07     1.000E+01
1.10E-02     1.783E+07     1.000E+01
1.20E-02     1.787E+07     1.000E+01
1.30E-02     1.791E+07     1.000E+01
1.40E-02     1.795E+07     1.000E+01
1.50E-02     1.799E+07     1.000E+01
1.60E-02     1.802E+07     1.000E+01
1.80E-02     1.810E+07     1.000E+01
2.00E-02     1.818E+07     1.000E+01
2.50E-02     1.837E+07     1.000E+01
3.00E-02     1.857E+07     1.000E+01
4.00E-02     1.897E+07     1.000E+01
5.00E-02     1.937E+07     1.000E+01
6.00E-02     1.981E+07     1.000E+01
7.00E-02     2.025E+07     1.000E+01
8.00E-02     2.070E+07     1.000E+01
9.00E-02     2.117E+07     1.000E+01
1.00E-01     2.164E+07     1.000E+01
1.10E-01     2.209E+07     1.000E+01
1.20E-01     2.255E+07     1.000E+01
1.30E-01     2.302E+07     1.000E+01
1.40E-01     2.350E+07     1.000E+01
1.50E-01     2.399E+07     1.000E+01
1.60E-01     2.445E+07     1.000E+01
1.80E-01     2.541E+07     1.000E+01
2.00E-01     2.640E+07     1.000E+01
2.50E-01     2.880E+07     1.000E+01
3.00E-01     3.109E+07     1.000E+01
3.50E-01     3.315E+07     1.000E+01
4.00E-01     3.534E+07     1.000E+01
4.50E-01     3.722E+07     1.000E+01
5.00E-01     3.920E+07     1.000E+01
6.00E-01     4.276E+07     1.000E+01
7.00E-01     4.609E+07     1.000E+01
8.00E-01     4.921E+07     1.000E+01
9.00E-01     5.212E+07     1.000E+01
1.00E+00     5.486E+07     1.000E+01
1.25E+00     6.023E+07     1.000E+01
1.50E+00     6.612E+07     1.000E+01
1.75E+00     7.003E+07     1.000E+01
2.00E+00     7.417E+07     1.000E+01
2.50E+00     7.986E+07     1.000E+01
3.00E+00     8.374E+07     1.000E+01
3.50E+00     8.620E+07     1.000E+01
4.00E+00     8.749E+07     1.000E+01
5.00E+00     8.729E+07     1.000E+01
6.00E+00     8.431E+07     1.000E+01
7.00E+00     7.926E+07     1.000E+01
8.00E+00     7.238E+07     1.000E+01
9.00E+00     6.357E+07     1.000E+01
1.00E+01     5.300E+07     1.000E+01
