4      he4 si27  s31                       taly      9.08400E+00      
1.00E-03     0.000E+00     1.000E+00
2.00E-03     0.000E+00     1.000E+00
3.00E-03     0.000E+00     1.000E+00
4.00E-03     0.000E+00     1.000E+00
5.00E-03     0.000E+00     1.000E+00
6.00E-03     0.000E+00     1.000E+00
7.00E-03     0.000E+00     1.000E+00
8.00E-03     0.000E+00     1.000E+00
9.00E-03     0.000E+00     1.000E+00
1.00E-02     0.000E+00     1.000E+00
1.10E-02     0.000E+00     1.000E+00
1.20E-02     0.000E+00     1.000E+00
1.30E-02     0.000E+00     1.000E+00
1.40E-02     0.000E+00     1.000E+00
1.50E-02     0.000E+00     1.000E+00
1.60E-02     0.000E+00     1.000E+00
1.80E-02     0.000E+00     1.000E+00
2.00E-02     0.000E+00     1.000E+00
2.50E-02     0.000E+00     1.000E+00
3.00E-02     0.000E+00     1.000E+00
4.00E-02     0.000E+00     1.000E+00
5.00E-02     0.000E+00     1.000E+00
6.00E-02     1.370E-87     1.000E+01
7.00E-02     1.878E-75     1.000E+01
8.00E-02     2.573E-63     1.000E+01
9.00E-02     3.526E-51     1.000E+01
1.00E-01     4.832E-39     1.000E+01
1.10E-01     1.431E-37     1.000E+01
1.20E-01     4.240E-36     1.000E+01
1.30E-01     1.256E-34     1.000E+01
1.40E-01     3.720E-33     1.000E+01
1.50E-01     1.102E-31     1.000E+01
1.60E-01     8.067E-31     1.000E+01
1.80E-01     4.325E-29     1.000E+01
2.00E-01     2.319E-27     1.000E+01
2.50E-01     2.564E-24     1.000E+01
3.00E-01     5.277E-22     1.000E+01
3.50E-01     2.520E-20     1.000E+01
4.00E-01     1.204E-18     1.000E+01
4.50E-01     1.860E-17     1.000E+01
5.00E-01     2.872E-16     1.000E+01
6.00E-01     1.842E-14     1.000E+01
7.00E-01     5.055E-13     1.000E+01
8.00E-01     7.702E-12     1.000E+01
9.00E-01     7.651E-11     1.000E+01
1.00E+00     5.498E-10     1.000E+01
1.25E+00     1.731E-08     1.000E+01
1.50E+00     5.448E-07     1.000E+01
1.75E+00     4.670E-06     1.000E+01
2.00E+00     4.003E-05     1.000E+01
2.50E+00     8.222E-04     1.000E+01
3.00E+00     7.903E-03     1.000E+01
3.50E+00     4.602E-02     1.000E+01
4.00E+00     1.885E-01     1.000E+01
5.00E+00     1.554E+00     1.000E+01
6.00E+00     6.904E+00     1.000E+01
7.00E+00     2.071E+01     1.000E+01
8.00E+00     4.746E+01     1.000E+01
9.00E+00     8.922E+01     1.000E+01
1.00E+01     1.433E+02     1.000E+01
