1      p28 si28                            au03w     1.43340e+01      
1.00E-03     2.564E+00     1.002E+00
2.00E-03     2.564E+00     1.002E+00
3.00E-03     2.564E+00     1.002E+00
4.00E-03     2.564E+00     1.002E+00
5.00E-03     2.564E+00     1.002E+00
6.00E-03     2.564E+00     1.002E+00
7.00E-03     2.564E+00     1.002E+00
8.00E-03     2.564E+00     1.002E+00
9.00E-03     2.564E+00     1.002E+00
1.00E-02     2.564E+00     1.002E+00
1.10E-02     2.564E+00     1.002E+00
1.20E-02     2.564E+00     1.002E+00
1.30E-02     2.564E+00     1.002E+00
1.40E-02     2.564E+00     1.002E+00
1.50E-02     2.564E+00     1.002E+00
1.60E-02     2.564E+00     1.002E+00
1.80E-02     2.564E+00     1.002E+00
2.00E-02     2.564E+00     1.002E+00
2.50E-02     2.564E+00     1.002E+00
3.00E-02     2.564E+00     1.002E+00
4.00E-02     2.564E+00     1.002E+00
5.00E-02     2.564E+00     1.002E+00
6.00E-02     2.564E+00     1.002E+00
7.00E-02     2.564E+00     1.002E+00
8.00E-02     2.564E+00     1.002E+00
9.00E-02     2.564E+00     1.002E+00
1.00E-01     2.564E+00     1.002E+00
1.10E-01     2.564E+00     1.002E+00
1.20E-01     2.564E+00     1.002E+00
1.30E-01     2.564E+00     1.002E+00
1.40E-01     2.564E+00     1.002E+00
1.50E-01     2.564E+00     1.002E+00
1.60E-01     2.564E+00     1.002E+00
1.80E-01     2.564E+00     1.002E+00
2.00E-01     2.564E+00     1.002E+00
2.50E-01     2.564E+00     1.002E+00
3.00E-01     2.564E+00     1.002E+00
3.50E-01     2.564E+00     1.002E+00
4.00E-01     2.564E+00     1.002E+00
4.50E-01     2.564E+00     1.002E+00
5.00E-01     2.564E+00     1.002E+00
6.00E-01     2.564E+00     1.002E+00
7.00E-01     2.564E+00     1.002E+00
8.00E-01     2.564E+00     1.002E+00
9.00E-01     2.564E+00     1.002E+00
1.00E+00     2.564E+00     1.002E+00
1.25E+00     2.564E+00     1.002E+00
1.50E+00     2.564E+00     1.002E+00
1.75E+00     2.564E+00     1.002E+00
2.00E+00     2.564E+00     1.002E+00
2.50E+00     2.564E+00     1.002E+00
3.00E+00     2.564E+00     1.002E+00
3.50E+00     2.564E+00     1.002E+00
4.00E+00     2.564E+00     1.002E+00
5.00E+00     2.564E+00     1.002E+00
6.00E+00     2.564E+00     1.002E+00
7.00E+00     2.564E+00     1.002E+00
8.00E+00     2.564E+00     1.002E+00
9.00E+00     2.564E+00     1.002E+00
1.00E+01     2.564E+00     1.002E+00
