5      he4 si24    p  p27                  taly      6.60200E+00      
1.00E-03     0.000E+00     1.000E+00
2.00E-03     0.000E+00     1.000E+00
3.00E-03     0.000E+00     1.000E+00
4.00E-03     0.000E+00     1.000E+00
5.00E-03     0.000E+00     1.000E+00
6.00E-03     0.000E+00     1.000E+00
7.00E-03     0.000E+00     1.000E+00
8.00E-03     0.000E+00     1.000E+00
9.00E-03     0.000E+00     1.000E+00
1.00E-02     0.000E+00     1.000E+00
1.10E-02     0.000E+00     1.000E+00
1.20E-02     0.000E+00     1.000E+00
1.30E-02     0.000E+00     1.000E+00
1.40E-02     0.000E+00     1.000E+00
1.50E-02     0.000E+00     1.000E+00
1.60E-02     0.000E+00     1.000E+00
1.80E-02     0.000E+00     1.000E+00
2.00E-02     0.000E+00     1.000E+00
2.50E-02     0.000E+00     1.000E+00
3.00E-02     0.000E+00     1.000E+00
4.00E-02     0.000E+00     1.000E+00
5.00E-02     0.000E+00     1.000E+00
6.00E-02     8.118E-87     1.000E+01
7.00E-02     6.590E-74     1.000E+01
8.00E-02     5.350E-61     1.000E+01
9.00E-02     4.343E-48     1.000E+01
1.00E-01     3.526E-35     1.000E+01
1.10E-01     1.014E-33     1.000E+01
1.20E-01     2.917E-32     1.000E+01
1.30E-01     8.390E-31     1.000E+01
1.40E-01     2.413E-29     1.000E+01
1.50E-01     6.941E-28     1.000E+01
1.60E-01     5.147E-27     1.000E+01
1.80E-01     2.831E-25     1.000E+01
2.00E-01     1.557E-23     1.000E+01
2.50E-01     1.876E-20     1.000E+01
3.00E-01     4.183E-18     1.000E+01
3.50E-01     2.142E-16     1.000E+01
4.00E-01     1.097E-14     1.000E+01
4.50E-01     1.798E-13     1.000E+01
5.00E-01     2.946E-12     1.000E+01
6.00E-01     2.088E-10     1.000E+01
7.00E-01     6.230E-09     1.000E+01
8.00E-01     1.021E-07     1.000E+01
9.00E-01     1.083E-06     1.000E+01
1.00E+00     8.255E-06     1.000E+01
1.25E+00     2.912E-04     1.000E+01
1.50E+00     1.027E-02     1.000E+01
1.75E+00     9.350E-02     1.000E+01
2.00E+00     8.513E-01     1.000E+01
2.50E+00     1.846E+01     1.000E+01
3.00E+00     1.815E+02     1.000E+01
3.50E+00     1.065E+03     1.000E+01
4.00E+00     4.364E+03     1.000E+01
5.00E+00     3.575E+04     1.000E+01
6.00E+00     1.574E+05     1.000E+01
7.00E+00     4.643E+05     1.000E+01
8.00E+00     1.030E+06     1.000E+01
9.00E+00     1.828E+06     1.000E+01
1.00E+01     2.683E+06     1.000E+01
