5        n si24  he4 mg21                  taly      5.47600E+00      
1.00E-03     6.611E+06     1.000E+01
2.00E-03     6.666E+06     1.000E+01
3.00E-03     6.722E+06     1.000E+01
4.00E-03     6.778E+06     1.000E+01
5.00E-03     6.835E+06     1.000E+01
6.00E-03     6.799E+06     1.000E+01
7.00E-03     6.762E+06     1.000E+01
8.00E-03     6.726E+06     1.000E+01
9.00E-03     6.690E+06     1.000E+01
1.00E-02     6.654E+06     1.000E+01
1.10E-02     6.657E+06     1.000E+01
1.20E-02     6.660E+06     1.000E+01
1.30E-02     6.663E+06     1.000E+01
1.40E-02     6.666E+06     1.000E+01
1.50E-02     6.669E+06     1.000E+01
1.60E-02     6.672E+06     1.000E+01
1.80E-02     6.677E+06     1.000E+01
2.00E-02     6.683E+06     1.000E+01
2.50E-02     6.697E+06     1.000E+01
3.00E-02     6.712E+06     1.000E+01
4.00E-02     6.740E+06     1.000E+01
5.00E-02     6.769E+06     1.000E+01
6.00E-02     6.825E+06     1.000E+01
7.00E-02     6.880E+06     1.000E+01
8.00E-02     6.937E+06     1.000E+01
9.00E-02     6.993E+06     1.000E+01
1.00E-01     7.050E+06     1.000E+01
1.10E-01     7.112E+06     1.000E+01
1.20E-01     7.175E+06     1.000E+01
1.30E-01     7.238E+06     1.000E+01
1.40E-01     7.302E+06     1.000E+01
1.50E-01     7.367E+06     1.000E+01
1.60E-01     7.435E+06     1.000E+01
1.80E-01     7.573E+06     1.000E+01
2.00E-01     7.714E+06     1.000E+01
2.50E-01     8.069E+06     1.000E+01
3.00E-01     8.413E+06     1.000E+01
3.50E-01     8.727E+06     1.000E+01
4.00E-01     9.053E+06     1.000E+01
4.50E-01     9.343E+06     1.000E+01
5.00E-01     9.642E+06     1.000E+01
6.00E-01     1.020E+07     1.000E+01
7.00E-01     1.073E+07     1.000E+01
8.00E-01     1.124E+07     1.000E+01
9.00E-01     1.174E+07     1.000E+01
1.00E+00     1.221E+07     1.000E+01
1.25E+00     1.324E+07     1.000E+01
1.50E+00     1.434E+07     1.000E+01
1.75E+00     1.520E+07     1.000E+01
2.00E+00     1.610E+07     1.000E+01
2.50E+00     1.755E+07     1.000E+01
3.00E+00     1.873E+07     1.000E+01
3.50E+00     1.970E+07     1.000E+01
4.00E+00     2.047E+07     1.000E+01
5.00E+00     2.151E+07     1.000E+01
6.00E+00     2.198E+07     1.000E+01
7.00E+00     2.191E+07     1.000E+01
8.00E+00     2.120E+07     1.000E+01
9.00E+00     1.970E+07     1.000E+01
1.00E+01     1.732E+07     1.000E+01
