4      he4 si26  s30                       taly      9.34300E+00      
1.00E-03     0.000E+00     1.000E+00
2.00E-03     0.000E+00     1.000E+00
3.00E-03     0.000E+00     1.000E+00
4.00E-03     0.000E+00     1.000E+00
5.00E-03     0.000E+00     1.000E+00
6.00E-03     0.000E+00     1.000E+00
7.00E-03     0.000E+00     1.000E+00
8.00E-03     0.000E+00     1.000E+00
9.00E-03     0.000E+00     1.000E+00
1.00E-02     0.000E+00     1.000E+00
1.10E-02     0.000E+00     1.000E+00
1.20E-02     0.000E+00     1.000E+00
1.30E-02     0.000E+00     1.000E+00
1.40E-02     0.000E+00     1.000E+00
1.50E-02     0.000E+00     1.000E+00
1.60E-02     0.000E+00     1.000E+00
1.80E-02     0.000E+00     1.000E+00
2.00E-02     0.000E+00     1.000E+00
2.50E-02     0.000E+00     1.000E+00
3.00E-02     0.000E+00     1.000E+00
4.00E-02     0.000E+00     1.000E+00
5.00E-02     0.000E+00     1.000E+00
6.00E-02     1.134E-87     1.000E+01
7.00E-02     1.285E-75     1.000E+01
8.00E-02     1.456E-63     1.000E+01
9.00E-02     1.651E-51     1.000E+01
1.00E-01     1.871E-39     1.000E+01
1.10E-01     4.913E-38     1.000E+01
1.20E-01     1.290E-36     1.000E+01
1.30E-01     3.387E-35     1.000E+01
1.40E-01     8.894E-34     1.000E+01
1.50E-01     2.335E-32     1.000E+01
1.60E-01     1.686E-31     1.000E+01
1.80E-01     8.783E-30     1.000E+01
2.00E-01     4.576E-28     1.000E+01
2.50E-01     5.783E-25     1.000E+01
3.00E-01     1.361E-22     1.000E+01
3.50E-01     7.260E-21     1.000E+01
4.00E-01     3.872E-19     1.000E+01
4.50E-01     6.476E-18     1.000E+01
5.00E-01     1.083E-16     1.000E+01
6.00E-01     7.762E-15     1.000E+01
7.00E-01     2.308E-13     1.000E+01
8.00E-01     3.742E-12     1.000E+01
9.00E-01     3.916E-11     1.000E+01
1.00E+00     2.945E-10     1.000E+01
1.25E+00     1.007E-08     1.000E+01
1.50E+00     3.442E-07     1.000E+01
1.75E+00     3.040E-06     1.000E+01
2.00E+00     2.684E-05     1.000E+01
2.50E+00     5.478E-04     1.000E+01
3.00E+00     5.100E-03     1.000E+01
3.50E+00     2.858E-02     1.000E+01
4.00E+00     1.128E-01     1.000E+01
5.00E+00     8.728E-01     1.000E+01
6.00E+00     3.707E+00     1.000E+01
7.00E+00     1.078E+01     1.000E+01
8.00E+00     2.427E+01     1.000E+01
9.00E+00     4.564E+01     1.000E+01
1.00E+01     7.522E+01     1.000E+01
