4      he4 si25  s29                       taly      9.40800E+00      
1.00E-03     0.000E+00     1.000E+00
2.00E-03     0.000E+00     1.000E+00
3.00E-03     0.000E+00     1.000E+00
4.00E-03     0.000E+00     1.000E+00
5.00E-03     0.000E+00     1.000E+00
6.00E-03     0.000E+00     1.000E+00
7.00E-03     0.000E+00     1.000E+00
8.00E-03     0.000E+00     1.000E+00
9.00E-03     0.000E+00     1.000E+00
1.00E-02     0.000E+00     1.000E+00
1.10E-02     0.000E+00     1.000E+00
1.20E-02     0.000E+00     1.000E+00
1.30E-02     0.000E+00     1.000E+00
1.40E-02     0.000E+00     1.000E+00
1.50E-02     0.000E+00     1.000E+00
1.60E-02     0.000E+00     1.000E+00
1.80E-02     0.000E+00     1.000E+00
2.00E-02     0.000E+00     1.000E+00
2.50E-02     0.000E+00     1.000E+00
3.00E-02     0.000E+00     1.000E+00
4.00E-02     0.000E+00     1.000E+00
5.00E-02     0.000E+00     1.000E+00
6.00E-02     1.305E-87     1.000E+01
7.00E-02     1.704E-75     1.000E+01
8.00E-02     2.224E-63     1.000E+01
9.00E-02     2.903E-51     1.000E+01
1.00E-01     3.789E-39     1.000E+01
1.10E-01     8.545E-38     1.000E+01
1.20E-01     1.927E-36     1.000E+01
1.30E-01     4.346E-35     1.000E+01
1.40E-01     9.801E-34     1.000E+01
1.50E-01     2.210E-32     1.000E+01
1.60E-01     1.448E-31     1.000E+01
1.80E-01     6.221E-30     1.000E+01
2.00E-01     2.672E-28     1.000E+01
2.50E-01     2.949E-25     1.000E+01
3.00E-01     6.345E-23     1.000E+01
3.50E-01     3.163E-21     1.000E+01
4.00E-01     1.577E-19     1.000E+01
4.50E-01     2.519E-18     1.000E+01
5.00E-01     4.024E-17     1.000E+01
6.00E-01     2.709E-15     1.000E+01
7.00E-01     7.717E-14     1.000E+01
8.00E-01     1.215E-12     1.000E+01
9.00E-01     1.245E-11     1.000E+01
1.00E+00     9.238E-11     1.000E+01
1.25E+00     3.156E-09     1.000E+01
1.50E+00     1.078E-07     1.000E+01
1.75E+00     9.885E-07     1.000E+01
2.00E+00     9.061E-06     1.000E+01
2.50E+00     2.046E-04     1.000E+01
3.00E+00     2.087E-03     1.000E+01
3.50E+00     1.252E-02     1.000E+01
4.00E+00     5.179E-02     1.000E+01
5.00E+00     4.204E-01     1.000E+01
6.00E+00     1.806E+00     1.000E+01
7.00E+00     5.219E+00     1.000E+01
8.00E+00     1.153E+01     1.000E+01
9.00E+00     2.090E+01     1.000E+01
1.00E+01     3.224E+01     1.000E+01
