5        n si27    p al27                  taly      5.59500E+00      
1.00E-03     1.534E+08     1.000E+01
2.00E-03     1.549E+08     1.000E+01
3.00E-03     1.564E+08     1.000E+01
4.00E-03     1.580E+08     1.000E+01
5.00E-03     1.595E+08     1.000E+01
6.00E-03     1.590E+08     1.000E+01
7.00E-03     1.584E+08     1.000E+01
8.00E-03     1.578E+08     1.000E+01
9.00E-03     1.573E+08     1.000E+01
1.00E-02     1.567E+08     1.000E+01
1.10E-02     1.571E+08     1.000E+01
1.20E-02     1.575E+08     1.000E+01
1.30E-02     1.578E+08     1.000E+01
1.40E-02     1.582E+08     1.000E+01
1.50E-02     1.586E+08     1.000E+01
1.60E-02     1.590E+08     1.000E+01
1.80E-02     1.597E+08     1.000E+01
2.00E-02     1.605E+08     1.000E+01
2.50E-02     1.624E+08     1.000E+01
3.00E-02     1.644E+08     1.000E+01
4.00E-02     1.683E+08     1.000E+01
5.00E-02     1.724E+08     1.000E+01
6.00E-02     1.768E+08     1.000E+01
7.00E-02     1.813E+08     1.000E+01
8.00E-02     1.859E+08     1.000E+01
9.00E-02     1.906E+08     1.000E+01
1.00E-01     1.954E+08     1.000E+01
1.10E-01     2.000E+08     1.000E+01
1.20E-01     2.046E+08     1.000E+01
1.30E-01     2.094E+08     1.000E+01
1.40E-01     2.143E+08     1.000E+01
1.50E-01     2.193E+08     1.000E+01
1.60E-01     2.240E+08     1.000E+01
1.80E-01     2.337E+08     1.000E+01
2.00E-01     2.438E+08     1.000E+01
2.50E-01     2.679E+08     1.000E+01
3.00E-01     2.909E+08     1.000E+01
3.50E-01     3.114E+08     1.000E+01
4.00E-01     3.333E+08     1.000E+01
4.50E-01     3.518E+08     1.000E+01
5.00E-01     3.714E+08     1.000E+01
6.00E-01     4.063E+08     1.000E+01
7.00E-01     4.387E+08     1.000E+01
8.00E-01     4.688E+08     1.000E+01
9.00E-01     4.969E+08     1.000E+01
1.00E+00     5.232E+08     1.000E+01
1.25E+00     5.749E+08     1.000E+01
1.50E+00     6.318E+08     1.000E+01
1.75E+00     6.706E+08     1.000E+01
2.00E+00     7.118E+08     1.000E+01
2.50E+00     7.717E+08     1.000E+01
3.00E+00     8.174E+08     1.000E+01
3.50E+00     8.529E+08     1.000E+01
4.00E+00     8.813E+08     1.000E+01
5.00E+00     9.241E+08     1.000E+01
6.00E+00     9.556E+08     1.000E+01
7.00E+00     9.791E+08     1.000E+01
8.00E+00     9.919E+08     1.000E+01
9.00E+00     9.866E+08     1.000E+01
1.00E+01     9.546E+08     1.000E+01
