4        n si27 si28                       taly      1.71800E+01      
1.00E-03     2.883E+04     1.000E+01
2.00E-03     2.914E+04     1.000E+01
3.00E-03     2.945E+04     1.000E+01
4.00E-03     2.976E+04     1.000E+01
5.00E-03     3.007E+04     1.000E+01
6.00E-03     2.999E+04     1.000E+01
7.00E-03     2.990E+04     1.000E+01
8.00E-03     2.982E+04     1.000E+01
9.00E-03     2.974E+04     1.000E+01
1.00E-02     2.965E+04     1.000E+01
1.10E-02     2.975E+04     1.000E+01
1.20E-02     2.985E+04     1.000E+01
1.30E-02     2.995E+04     1.000E+01
1.40E-02     3.005E+04     1.000E+01
1.50E-02     3.015E+04     1.000E+01
1.60E-02     3.025E+04     1.000E+01
1.80E-02     3.045E+04     1.000E+01
2.00E-02     3.065E+04     1.000E+01
2.50E-02     3.114E+04     1.000E+01
3.00E-02     3.164E+04     1.000E+01
4.00E-02     3.263E+04     1.000E+01
5.00E-02     3.363E+04     1.000E+01
6.00E-02     3.475E+04     1.000E+01
7.00E-02     3.586E+04     1.000E+01
8.00E-02     3.698E+04     1.000E+01
9.00E-02     3.810E+04     1.000E+01
1.00E-01     3.922E+04     1.000E+01
1.10E-01     4.036E+04     1.000E+01
1.20E-01     4.151E+04     1.000E+01
1.30E-01     4.266E+04     1.000E+01
1.40E-01     4.381E+04     1.000E+01
1.50E-01     4.496E+04     1.000E+01
1.60E-01     4.613E+04     1.000E+01
1.80E-01     4.847E+04     1.000E+01
2.00E-01     5.081E+04     1.000E+01
2.50E-01     5.656E+04     1.000E+01
3.00E-01     6.206E+04     1.000E+01
3.50E-01     6.711E+04     1.000E+01
4.00E-01     7.215E+04     1.000E+01
4.50E-01     7.670E+04     1.000E+01
5.00E-01     8.125E+04     1.000E+01
6.00E-01     8.957E+04     1.000E+01
7.00E-01     9.728E+04     1.000E+01
8.00E-01     1.044E+05     1.000E+01
9.00E-01     1.111E+05     1.000E+01
1.00E+00     1.174E+05     1.000E+01
1.25E+00     1.303E+05     1.000E+01
1.50E+00     1.432E+05     1.000E+01
1.75E+00     1.527E+05     1.000E+01
2.00E+00     1.622E+05     1.000E+01
2.50E+00     1.766E+05     1.000E+01
3.00E+00     1.878E+05     1.000E+01
3.50E+00     1.964E+05     1.000E+01
4.00E+00     2.033E+05     1.000E+01
5.00E+00     2.126E+05     1.000E+01
6.00E+00     2.177E+05     1.000E+01
7.00E+00     2.192E+05     1.000E+01
8.00E+00     2.169E+05     1.000E+01
9.00E+00     2.100E+05     1.000E+01
1.00E+01     1.976E+05     1.000E+01
