5      he4 si25    p  p28                  taly      6.11100E+00      
1.00E-03     0.000E+00     1.000E+00
2.00E-03     0.000E+00     1.000E+00
3.00E-03     0.000E+00     1.000E+00
4.00E-03     0.000E+00     1.000E+00
5.00E-03     0.000E+00     1.000E+00
6.00E-03     0.000E+00     1.000E+00
7.00E-03     0.000E+00     1.000E+00
8.00E-03     0.000E+00     1.000E+00
9.00E-03     0.000E+00     1.000E+00
1.00E-02     0.000E+00     1.000E+00
1.10E-02     0.000E+00     1.000E+00
1.20E-02     0.000E+00     1.000E+00
1.30E-02     0.000E+00     1.000E+00
1.40E-02     0.000E+00     1.000E+00
1.50E-02     0.000E+00     1.000E+00
1.60E-02     0.000E+00     1.000E+00
1.80E-02     0.000E+00     1.000E+00
2.00E-02     0.000E+00     1.000E+00
2.50E-02     0.000E+00     1.000E+00
3.00E-02     0.000E+00     1.000E+00
4.00E-02     0.000E+00     1.000E+00
5.00E-02     0.000E+00     1.000E+00
6.00E-02     7.558E-87     1.000E+01
7.00E-02     5.712E-74     1.000E+01
8.00E-02     4.317E-61     1.000E+01
9.00E-02     3.263E-48     1.000E+01
1.00E-01     2.466E-35     1.000E+01
1.10E-01     7.095E-34     1.000E+01
1.20E-01     2.041E-32     1.000E+01
1.30E-01     5.873E-31     1.000E+01
1.40E-01     1.690E-29     1.000E+01
1.50E-01     4.861E-28     1.000E+01
1.60E-01     3.562E-27     1.000E+01
1.80E-01     1.913E-25     1.000E+01
2.00E-01     1.027E-23     1.000E+01
2.50E-01     1.134E-20     1.000E+01
3.00E-01     2.312E-18     1.000E+01
3.50E-01     1.095E-16     1.000E+01
4.00E-01     5.184E-15     1.000E+01
4.50E-01     7.921E-14     1.000E+01
5.00E-01     1.210E-12     1.000E+01
6.00E-01     7.526E-11     1.000E+01
7.00E-01     1.992E-09     1.000E+01
8.00E-01     2.926E-08     1.000E+01
9.00E-01     2.807E-07     1.000E+01
1.00E+00     1.955E-06     1.000E+01
1.25E+00     5.796E-05     1.000E+01
1.50E+00     1.719E-03     1.000E+01
1.75E+00     1.395E-02     1.000E+01
2.00E+00     1.131E-01     1.000E+01
2.50E+00     2.089E+00     1.000E+01
3.00E+00     1.819E+01     1.000E+01
3.50E+00     9.658E+01     1.000E+01
4.00E+00     3.629E+02     1.000E+01
5.00E+00     2.562E+03     1.000E+01
6.00E+00     9.994E+03     1.000E+01
7.00E+00     2.690E+04     1.000E+01
8.00E+00     5.627E+04     1.000E+01
9.00E+00     9.755E+04     1.000E+01
1.00E+01     1.449E+05     1.000E+01
