5        n si27  he4 mg24                  taly      7.19600E+00      
1.00E-03     1.100E+08     1.000E+01
2.00E-03     1.109E+08     1.000E+01
3.00E-03     1.117E+08     1.000E+01
4.00E-03     1.126E+08     1.000E+01
5.00E-03     1.135E+08     1.000E+01
6.00E-03     1.129E+08     1.000E+01
7.00E-03     1.123E+08     1.000E+01
8.00E-03     1.117E+08     1.000E+01
9.00E-03     1.110E+08     1.000E+01
1.00E-02     1.104E+08     1.000E+01
1.10E-02     1.105E+08     1.000E+01
1.20E-02     1.105E+08     1.000E+01
1.30E-02     1.106E+08     1.000E+01
1.40E-02     1.107E+08     1.000E+01
1.50E-02     1.107E+08     1.000E+01
1.60E-02     1.108E+08     1.000E+01
1.80E-02     1.109E+08     1.000E+01
2.00E-02     1.110E+08     1.000E+01
2.50E-02     1.113E+08     1.000E+01
3.00E-02     1.115E+08     1.000E+01
4.00E-02     1.121E+08     1.000E+01
5.00E-02     1.126E+08     1.000E+01
6.00E-02     1.137E+08     1.000E+01
7.00E-02     1.148E+08     1.000E+01
8.00E-02     1.159E+08     1.000E+01
9.00E-02     1.170E+08     1.000E+01
1.00E-01     1.181E+08     1.000E+01
1.10E-01     1.193E+08     1.000E+01
1.20E-01     1.205E+08     1.000E+01
1.30E-01     1.217E+08     1.000E+01
1.40E-01     1.229E+08     1.000E+01
1.50E-01     1.241E+08     1.000E+01
1.60E-01     1.254E+08     1.000E+01
1.80E-01     1.280E+08     1.000E+01
2.00E-01     1.307E+08     1.000E+01
2.50E-01     1.373E+08     1.000E+01
3.00E-01     1.436E+08     1.000E+01
3.50E-01     1.492E+08     1.000E+01
4.00E-01     1.551E+08     1.000E+01
4.50E-01     1.601E+08     1.000E+01
5.00E-01     1.653E+08     1.000E+01
6.00E-01     1.746E+08     1.000E+01
7.00E-01     1.832E+08     1.000E+01
8.00E-01     1.912E+08     1.000E+01
9.00E-01     1.987E+08     1.000E+01
1.00E+00     2.058E+08     1.000E+01
1.25E+00     2.199E+08     1.000E+01
1.50E+00     2.351E+08     1.000E+01
1.75E+00     2.458E+08     1.000E+01
2.00E+00     2.570E+08     1.000E+01
2.50E+00     2.736E+08     1.000E+01
3.00E+00     2.864E+08     1.000E+01
3.50E+00     2.964E+08     1.000E+01
4.00E+00     3.044E+08     1.000E+01
5.00E+00     3.167E+08     1.000E+01
6.00E+00     3.255E+08     1.000E+01
7.00E+00     3.315E+08     1.000E+01
8.00E+00     3.334E+08     1.000E+01
9.00E+00     3.290E+08     1.000E+01
1.00E+01     3.157E+08     1.000E+01
