4        p si30  p31                       mc10      7.29693e+00      
1.00E-03     0.000E+00     1.000E+00
2.00E-03     0.000E+00     1.000E+00
3.00E-03     0.000E+00     1.000E+00
4.00E-03     0.000E+00     1.000E+00
5.00E-03     0.000E+00     1.000E+00
6.00E-03     0.000E+00     1.000E+00
7.00E-03     0.000E+00     1.000E+00
8.00E-03     0.000E+00     1.000E+00
9.00E-03     0.000E+00     1.000E+00
1.00E-02     1.866E-37     1.612E+01
1.10E-02     3.896E-35     1.700E+01
1.20E-02     3.370E-33     1.526E+01
1.30E-02     1.482E-31     1.322E+01
1.40E-02     3.761E-30     1.163E+01
1.50E-02     6.197E-29     1.052E+01
1.60E-02     7.143E-28     9.777E+00
1.80E-02     4.059E-26     9.061E+00
2.00E-02     1.009E-24     8.891E+00
2.50E-02     3.084E-22     9.488E+00
3.00E-02     1.305E-20     1.038E+01
4.00E-02     1.281E-18     1.100E+01
5.00E-02     1.907E-17     9.116E+00
6.00E-02     1.271E-16     5.924E+00
7.00E-02     1.046E-15     3.384E+00
8.00E-02     1.272E-14     2.257E+00
9.00E-02     1.084E-13     1.993E+00
1.00E-01     6.791E-13     2.000E+00
1.10E-01     3.309E-12     2.020E+00
1.20E-01     1.342E-11     1.952E+00
1.30E-01     5.429E-11     1.823E+00
1.40E-01     2.468E-10     1.963E+00
1.50E-01     1.127E-09     2.477E+00
1.60E-01     6.126E-09     3.074E+00
1.80E-01     1.367E-07     3.658E+00
2.00E-01     1.749E-06     3.540E+00
2.50E-01     1.743E-04     2.933E+00
3.00E-01     3.805E-03     2.484E+00
3.50E-01     3.541E-02     2.156E+00
4.00E-01     1.952E-01     1.912E+00
4.50E-01     7.634E-01     1.732E+00
5.00E-01     2.337E+00     1.599E+00
6.00E-01     1.313E+01     1.430E+00
7.00E-01     4.616E+01     1.337E+00
8.00E-01     1.187E+02     1.286E+00
9.00E-01     2.466E+02     1.256E+00
1.00E+00     4.403E+02     1.237E+00
1.25E+00     1.228E+03     1.211E+00
1.50E+00     2.401E+03     1.195E+00
1.75E+00     3.855E+03     1.181E+00
2.00E+00     5.491E+03     1.168E+00
2.50E+00     9.069E+03     1.144E+00
3.00E+00     1.285E+04     1.123E+00
3.50E+00     1.674E+04     1.105E+00
4.00E+00     2.061E+04     1.091E+00
5.00E+00     2.799E+04     1.071E+00
6.00E+00     3.788E+04     1.069E+00
7.00E+00     4.806E+04     1.069E+00
8.00E+00     5.675E+04     1.069E+00
9.00E+00     6.392E+04     1.069E+00
1.00E+01     7.108E+04     1.069E+00
