4      he4 si29  s33                       taly      7.11600E+00      
1.00E-03     0.000E+00     1.000E+00
2.00E-03     0.000E+00     1.000E+00
3.00E-03     0.000E+00     1.000E+00
4.00E-03     0.000E+00     1.000E+00
5.00E-03     0.000E+00     1.000E+00
6.00E-03     0.000E+00     1.000E+00
7.00E-03     0.000E+00     1.000E+00
8.00E-03     0.000E+00     1.000E+00
9.00E-03     0.000E+00     1.000E+00
1.00E-02     0.000E+00     1.000E+00
1.10E-02     0.000E+00     1.000E+00
1.20E-02     0.000E+00     1.000E+00
1.30E-02     0.000E+00     1.000E+00
1.40E-02     0.000E+00     1.000E+00
1.50E-02     0.000E+00     1.000E+00
1.60E-02     0.000E+00     1.000E+00
1.80E-02     0.000E+00     1.000E+00
2.00E-02     0.000E+00     1.000E+00
2.50E-02     0.000E+00     1.000E+00
3.00E-02     0.000E+00     1.000E+00
4.00E-02     0.000E+00     1.000E+00
5.00E-02     0.000E+00     1.000E+00
6.00E-02     8.295E-87     1.000E+01
7.00E-02     6.881E-74     1.000E+01
8.00E-02     5.708E-61     1.000E+01
9.00E-02     4.735E-48     1.000E+01
1.00E-01     3.928E-35     1.000E+01
1.10E-01     1.188E-33     1.000E+01
1.20E-01     3.592E-32     1.000E+01
1.30E-01     1.086E-30     1.000E+01
1.40E-01     3.285E-29     1.000E+01
1.50E-01     9.935E-28     1.000E+01
1.60E-01     7.471E-27     1.000E+01
1.80E-01     4.225E-25     1.000E+01
2.00E-01     2.389E-23     1.000E+01
2.50E-01     2.972E-20     1.000E+01
3.00E-01     6.754E-18     1.000E+01
3.50E-01     3.486E-16     1.000E+01
4.00E-01     1.799E-14     1.000E+01
4.50E-01     2.913E-13     1.000E+01
5.00E-01     4.714E-12     1.000E+01
6.00E-01     3.038E-10     1.000E+01
7.00E-01     7.482E-09     1.000E+01
8.00E-01     9.252E-08     1.000E+01
9.00E-01     6.952E-07     1.000E+01
1.00E+00     3.631E-06     1.000E+01
1.25E+00     5.195E-05     1.000E+01
1.50E+00     7.430E-04     1.000E+01
1.75E+00     3.544E-03     1.000E+01
2.00E+00     1.690E-02     1.000E+01
2.50E+00     1.493E-01     1.000E+01
3.00E+00     7.756E-01     1.000E+01
3.50E+00     2.857E+00     1.000E+01
4.00E+00     8.233E+00     1.000E+01
5.00E+00     4.105E+01     1.000E+01
6.00E+00     1.305E+02     1.000E+01
7.00E+00     3.116E+02     1.000E+01
8.00E+00     6.100E+02     1.000E+01
9.00E+00     1.023E+03     1.000E+01
1.00E+01     1.490E+03     1.000E+01
