4      he4 si30  s34                       taly      7.92400E+00      
1.00E-03     0.000E+00     1.000E+00
2.00E-03     0.000E+00     1.000E+00
3.00E-03     0.000E+00     1.000E+00
4.00E-03     0.000E+00     1.000E+00
5.00E-03     0.000E+00     1.000E+00
6.00E-03     0.000E+00     1.000E+00
7.00E-03     0.000E+00     1.000E+00
8.00E-03     0.000E+00     1.000E+00
9.00E-03     0.000E+00     1.000E+00
1.00E-02     0.000E+00     1.000E+00
1.10E-02     0.000E+00     1.000E+00
1.20E-02     0.000E+00     1.000E+00
1.30E-02     0.000E+00     1.000E+00
1.40E-02     0.000E+00     1.000E+00
1.50E-02     0.000E+00     1.000E+00
1.60E-02     0.000E+00     1.000E+00
1.80E-02     0.000E+00     1.000E+00
2.00E-02     0.000E+00     1.000E+00
2.50E-02     0.000E+00     1.000E+00
3.00E-02     0.000E+00     1.000E+00
4.00E-02     0.000E+00     1.000E+00
5.00E-02     0.000E+00     1.000E+00
6.00E-02     7.072E-87     1.000E+01
7.00E-02     5.001E-74     1.000E+01
8.00E-02     3.536E-61     1.000E+01
9.00E-02     2.501E-48     1.000E+01
1.00E-01     1.768E-35     1.000E+01
1.10E-01     5.387E-34     1.000E+01
1.20E-01     1.641E-32     1.000E+01
1.30E-01     4.998E-31     1.000E+01
1.40E-01     1.523E-29     1.000E+01
1.50E-01     4.638E-28     1.000E+01
1.60E-01     3.514E-27     1.000E+01
1.80E-01     2.017E-25     1.000E+01
2.00E-01     1.157E-23     1.000E+01
2.50E-01     1.492E-20     1.000E+01
3.00E-01     3.502E-18     1.000E+01
3.50E-01     1.863E-16     1.000E+01
4.00E-01     9.911E-15     1.000E+01
4.50E-01     1.668E-13     1.000E+01
5.00E-01     2.807E-12     1.000E+01
6.00E-01     2.066E-10     1.000E+01
7.00E-01     6.314E-09     1.000E+01
8.00E-01     1.042E-07     1.000E+01
9.00E-01     1.089E-06     1.000E+01
1.00E+00     8.015E-06     1.000E+01
1.25E+00     2.275E-04     1.000E+01
1.50E+00     6.456E-03     1.000E+01
1.75E+00     4.258E-02     1.000E+01
2.00E+00     2.808E-01     1.000E+01
2.50E+00     3.126E+00     1.000E+01
3.00E+00     1.652E+01     1.000E+01
3.50E+00     5.553E+01     1.000E+01
4.00E+00     1.388E+02     1.000E+01
5.00E+00     4.975E+02     1.000E+01
6.00E+00     1.142E+03     1.000E+01
7.00E+00     2.020E+03     1.000E+01
8.00E+00     3.039E+03     1.000E+01
9.00E+00     4.103E+03     1.000E+01
1.00E+01     5.131E+03     1.000E+01
