4        p si28  p29                       mc10      2.74880e+00      
1.00E-03     0.000E+00     1.000E+00
2.00E-03     0.000E+00     1.000E+00
3.00E-03     0.000E+00     1.000E+00
4.00E-03     0.000E+00     1.000E+00
5.00E-03     0.000E+00     1.000E+00
6.00E-03     0.000E+00     1.000E+00
7.00E-03     0.000E+00     1.000E+00
8.00E-03     0.000E+00     1.000E+00
9.00E-03     0.000E+00     1.000E+00
1.00E-02     8.937E-40     1.469E+00
1.10E-02     2.911E-38     1.470E+00
1.20E-02     6.363E-37     1.470E+00
1.30E-02     1.003E-35     1.472E+00
1.40E-02     1.207E-34     1.470E+00
1.50E-02     1.163E-33     1.470E+00
1.60E-02     9.114E-33     1.475E+00
1.80E-02     3.540E-31     1.471E+00
2.00E-02     8.304E-30     1.467E+00
2.50E-02     4.570E-27     1.471E+00
3.00E-02     5.573E-25     1.472E+00
4.00E-02     6.152E-22     1.469E+00
5.00E-02     8.957E-20     1.473E+00
6.00E-02     3.981E-18     1.468E+00
7.00E-02     8.257E-17     1.471E+00
8.00E-02     9.972E-16     1.473E+00
9.00E-02     8.327E-15     1.462E+00
1.00E-01     6.062E-14     1.376E+00
1.10E-01     6.352E-13     1.189E+00
1.20E-01     8.792E-12     1.123E+00
1.30E-01     1.014E-10     1.121E+00
1.40E-01     8.630E-10     1.121E+00
1.50E-01     5.555E-09     1.120E+00
1.60E-01     2.826E-08     1.118E+00
1.80E-01     4.202E-07     1.116E+00
2.00E-01     3.583E-06     1.114E+00
2.50E-01     1.616E-04     1.111E+00
3.00E-01     1.947E-03     1.109E+00
3.50E-01     1.112E-02     1.108E+00
4.00E-01     3.998E-02     1.107E+00
4.50E-01     1.060E-01     1.107E+00
5.00E-01     2.272E-01     1.107E+00
6.00E-01     6.885E-01     1.106E+00
7.00E-01     1.466E+00     1.106E+00
8.00E-01     2.517E+00     1.106E+00
9.00E-01     3.759E+00     1.105E+00
1.00E+00     5.102E+00     1.105E+00
1.25E+00     8.583E+00     1.102E+00
1.50E+00     1.268E+01     1.092E+00
1.75E+00     1.986E+01     1.074E+00
2.00E+00     3.444E+01     1.066E+00
2.50E+00     1.039E+02     1.075E+00
3.00E+00     2.451E+02     1.082E+00
3.50E+00     4.563E+02     1.084E+00
4.00E+00     7.191E+02     1.083E+00
5.00E+00     1.316E+03     1.081E+00
6.00E+00     1.908E+03     1.079E+00
7.00E+00     2.456E+03     1.076E+00
8.00E+00     2.961E+03     1.074E+00
9.00E+00     3.442E+03     1.072E+00
1.00E+01     3.903E+03     1.071E+00
