4        n si24 si25                       taly      1.49880E+01      
1.00E-03     6.849E+03     1.000E+01
2.00E-03     6.914E+03     1.000E+01
3.00E-03     6.978E+03     1.000E+01
4.00E-03     7.042E+03     1.000E+01
5.00E-03     7.106E+03     1.000E+01
6.00E-03     7.074E+03     1.000E+01
7.00E-03     7.042E+03     1.000E+01
8.00E-03     7.010E+03     1.000E+01
9.00E-03     6.978E+03     1.000E+01
1.00E-02     6.947E+03     1.000E+01
1.10E-02     6.955E+03     1.000E+01
1.20E-02     6.964E+03     1.000E+01
1.30E-02     6.973E+03     1.000E+01
1.40E-02     6.982E+03     1.000E+01
1.50E-02     6.991E+03     1.000E+01
1.60E-02     6.999E+03     1.000E+01
1.80E-02     7.017E+03     1.000E+01
2.00E-02     7.035E+03     1.000E+01
2.50E-02     7.079E+03     1.000E+01
3.00E-02     7.123E+03     1.000E+01
4.00E-02     7.211E+03     1.000E+01
5.00E-02     7.299E+03     1.000E+01
6.00E-02     7.413E+03     1.000E+01
7.00E-02     7.528E+03     1.000E+01
8.00E-02     7.642E+03     1.000E+01
9.00E-02     7.757E+03     1.000E+01
1.00E-01     7.871E+03     1.000E+01
1.10E-01     7.993E+03     1.000E+01
1.20E-01     8.115E+03     1.000E+01
1.30E-01     8.237E+03     1.000E+01
1.40E-01     8.358E+03     1.000E+01
1.50E-01     8.480E+03     1.000E+01
1.60E-01     8.608E+03     1.000E+01
1.80E-01     8.865E+03     1.000E+01
2.00E-01     9.122E+03     1.000E+01
2.50E-01     9.765E+03     1.000E+01
3.00E-01     1.039E+04     1.000E+01
3.50E-01     1.097E+04     1.000E+01
4.00E-01     1.154E+04     1.000E+01
4.50E-01     1.208E+04     1.000E+01
5.00E-01     1.261E+04     1.000E+01
6.00E-01     1.361E+04     1.000E+01
7.00E-01     1.456E+04     1.000E+01
8.00E-01     1.546E+04     1.000E+01
9.00E-01     1.632E+04     1.000E+01
1.00E+00     1.714E+04     1.000E+01
1.25E+00     1.893E+04     1.000E+01
1.50E+00     2.071E+04     1.000E+01
1.75E+00     2.212E+04     1.000E+01
2.00E+00     2.353E+04     1.000E+01
2.50E+00     2.574E+04     1.000E+01
3.00E+00     2.747E+04     1.000E+01
3.50E+00     2.879E+04     1.000E+01
4.00E+00     2.974E+04     1.000E+01
5.00E+00     3.072E+04     1.000E+01
6.00E+00     3.067E+04     1.000E+01
7.00E+00     2.976E+04     1.000E+01
8.00E+00     2.803E+04     1.000E+01
9.00E+00     2.542E+04     1.000E+01
1.00E+01     2.194E+04     1.000E+01
