5        n si26    p al26                  taly      5.85100E+00      
1.00E-03     2.574E+08     1.000E+01
2.00E-03     2.596E+08     1.000E+01
3.00E-03     2.618E+08     1.000E+01
4.00E-03     2.641E+08     1.000E+01
5.00E-03     2.663E+08     1.000E+01
6.00E-03     2.651E+08     1.000E+01
7.00E-03     2.638E+08     1.000E+01
8.00E-03     2.626E+08     1.000E+01
9.00E-03     2.613E+08     1.000E+01
1.00E-02     2.601E+08     1.000E+01
1.10E-02     2.605E+08     1.000E+01
1.20E-02     2.608E+08     1.000E+01
1.30E-02     2.612E+08     1.000E+01
1.40E-02     2.615E+08     1.000E+01
1.50E-02     2.619E+08     1.000E+01
1.60E-02     2.623E+08     1.000E+01
1.80E-02     2.630E+08     1.000E+01
2.00E-02     2.637E+08     1.000E+01
2.50E-02     2.655E+08     1.000E+01
3.00E-02     2.674E+08     1.000E+01
4.00E-02     2.711E+08     1.000E+01
5.00E-02     2.748E+08     1.000E+01
6.00E-02     2.796E+08     1.000E+01
7.00E-02     2.846E+08     1.000E+01
8.00E-02     2.896E+08     1.000E+01
9.00E-02     2.946E+08     1.000E+01
1.00E-01     2.998E+08     1.000E+01
1.10E-01     3.050E+08     1.000E+01
1.20E-01     3.103E+08     1.000E+01
1.30E-01     3.156E+08     1.000E+01
1.40E-01     3.211E+08     1.000E+01
1.50E-01     3.266E+08     1.000E+01
1.60E-01     3.321E+08     1.000E+01
1.80E-01     3.432E+08     1.000E+01
2.00E-01     3.548E+08     1.000E+01
2.50E-01     3.829E+08     1.000E+01
3.00E-01     4.100E+08     1.000E+01
3.50E-01     4.343E+08     1.000E+01
4.00E-01     4.602E+08     1.000E+01
4.50E-01     4.824E+08     1.000E+01
5.00E-01     5.058E+08     1.000E+01
6.00E-01     5.481E+08     1.000E+01
7.00E-01     5.876E+08     1.000E+01
8.00E-01     6.248E+08     1.000E+01
9.00E-01     6.597E+08     1.000E+01
1.00E+00     6.927E+08     1.000E+01
1.25E+00     7.586E+08     1.000E+01
1.50E+00     8.309E+08     1.000E+01
1.75E+00     8.811E+08     1.000E+01
2.00E+00     9.344E+08     1.000E+01
2.50E+00     1.013E+09     1.000E+01
3.00E+00     1.073E+09     1.000E+01
3.50E+00     1.120E+09     1.000E+01
4.00E+00     1.156E+09     1.000E+01
5.00E+00     1.203E+09     1.000E+01
6.00E+00     1.225E+09     1.000E+01
7.00E+00     1.224E+09     1.000E+01
8.00E+00     1.205E+09     1.000E+01
9.00E+00     1.171E+09     1.000E+01
1.00E+01     1.129E+09     1.000E+01
