4        psn105sb106                       taly      4.24000E-01      
1.00E-03     0.000E+00     1.000E+00
2.00E-03     0.000E+00     1.000E+00
3.00E-03     0.000E+00     1.000E+00
4.00E-03     0.000E+00     1.000E+00
5.00E-03     0.000E+00     1.000E+00
6.00E-03     0.000E+00     1.000E+00
7.00E-03     0.000E+00     1.000E+00
8.00E-03     0.000E+00     1.000E+00
9.00E-03     0.000E+00     1.000E+00
1.00E-02     0.000E+00     1.000E+00
1.10E-02     0.000E+00     1.000E+00
1.20E-02     0.000E+00     1.000E+00
1.30E-02     0.000E+00     1.000E+00
1.40E-02     0.000E+00     1.000E+00
1.50E-02     0.000E+00     1.000E+00
1.60E-02     0.000E+00     1.000E+00
1.80E-02     0.000E+00     1.000E+00
2.00E-02     0.000E+00     1.000E+00
2.50E-02     0.000E+00     1.000E+00
3.00E-02     0.000E+00     1.000E+00
4.00E-02     0.000E+00     1.000E+00
5.00E-02     0.000E+00     1.000E+00
6.00E-02     9.449E-87     1.000E+01
7.00E-02     8.929E-74     1.000E+01
8.00E-02     8.437E-61     1.000E+01
9.00E-02     7.972E-48     1.000E+01
1.00E-01     7.533E-35     1.000E+01
1.10E-01     2.034E-33     1.000E+01
1.20E-01     5.492E-32     1.000E+01
1.30E-01     1.483E-30     1.000E+01
1.40E-01     4.003E-29     1.000E+01
1.50E-01     1.081E-27     1.000E+01
1.60E-01     7.577E-27     1.000E+01
1.80E-01     3.723E-25     1.000E+01
2.00E-01     1.830E-23     1.000E+01
2.50E-01     1.766E-20     1.000E+01
3.00E-01     3.299E-18     1.000E+01
3.50E-01     1.475E-16     1.000E+01
4.00E-01     6.590E-15     1.000E+01
4.50E-01     9.706E-14     1.000E+01
5.00E-01     1.429E-12     1.000E+01
6.00E-01     8.389E-11     1.000E+01
7.00E-01     2.085E-09     1.000E+01
8.00E-01     2.827E-08     1.000E+01
9.00E-01     2.449E-07     1.000E+01
1.00E+00     1.507E-06     1.000E+01
1.25E+00     3.018E-05     1.000E+01
1.50E+00     6.045E-04     1.000E+01
1.75E+00     3.248E-03     1.000E+01
2.00E+00     1.745E-02     1.000E+01
2.50E+00     1.548E-01     1.000E+01
3.00E+00     7.340E-01     1.000E+01
3.50E+00     2.401E+00     1.000E+01
4.00E+00     6.207E+00     1.000E+01
5.00E+00     2.737E+01     1.000E+01
6.00E+00     8.846E+01     1.000E+01
7.00E+00     2.266E+02     1.000E+01
8.00E+00     3.590E+02     1.000E+01
9.00E+00     2.763E+02     1.000E+01
1.00E+01     1.595E+02     1.000E+01
