5        nsn104    pin104                  taly      5.33800E+00      
1.00E-03     1.673E+08     1.000E+01
2.00E-03     1.613E+08     1.000E+01
3.00E-03     1.556E+08     1.000E+01
4.00E-03     1.500E+08     1.000E+01
5.00E-03     1.446E+08     1.000E+01
6.00E-03     1.421E+08     1.000E+01
7.00E-03     1.396E+08     1.000E+01
8.00E-03     1.371E+08     1.000E+01
9.00E-03     1.347E+08     1.000E+01
1.00E-02     1.324E+08     1.000E+01
1.10E-02     1.324E+08     1.000E+01
1.20E-02     1.325E+08     1.000E+01
1.30E-02     1.326E+08     1.000E+01
1.40E-02     1.327E+08     1.000E+01
1.50E-02     1.328E+08     1.000E+01
1.60E-02     1.329E+08     1.000E+01
1.80E-02     1.330E+08     1.000E+01
2.00E-02     1.332E+08     1.000E+01
2.50E-02     1.337E+08     1.000E+01
3.00E-02     1.341E+08     1.000E+01
4.00E-02     1.350E+08     1.000E+01
5.00E-02     1.359E+08     1.000E+01
6.00E-02     1.395E+08     1.000E+01
7.00E-02     1.433E+08     1.000E+01
8.00E-02     1.471E+08     1.000E+01
9.00E-02     1.511E+08     1.000E+01
1.00E-01     1.552E+08     1.000E+01
1.10E-01     1.583E+08     1.000E+01
1.20E-01     1.615E+08     1.000E+01
1.30E-01     1.648E+08     1.000E+01
1.40E-01     1.681E+08     1.000E+01
1.50E-01     1.715E+08     1.000E+01
1.60E-01     1.742E+08     1.000E+01
1.80E-01     1.797E+08     1.000E+01
2.00E-01     1.853E+08     1.000E+01
2.50E-01     1.970E+08     1.000E+01
3.00E-01     2.067E+08     1.000E+01
3.50E-01     2.141E+08     1.000E+01
4.00E-01     2.218E+08     1.000E+01
4.50E-01     2.273E+08     1.000E+01
5.00E-01     2.330E+08     1.000E+01
6.00E-01     2.422E+08     1.000E+01
7.00E-01     2.501E+08     1.000E+01
8.00E-01     2.574E+08     1.000E+01
9.00E-01     2.643E+08     1.000E+01
1.00E+00     2.710E+08     1.000E+01
1.25E+00     2.875E+08     1.000E+01
1.50E+00     3.050E+08     1.000E+01
1.75E+00     3.235E+08     1.000E+01
2.00E+00     3.431E+08     1.000E+01
2.50E+00     3.891E+08     1.000E+01
3.00E+00     4.465E+08     1.000E+01
3.50E+00     5.177E+08     1.000E+01
4.00E+00     6.021E+08     1.000E+01
5.00E+00     7.946E+08     1.000E+01
6.00E+00     9.613E+08     1.000E+01
7.00E+00     7.900E+08     1.000E+01
8.00E+00     2.891E+08     1.000E+01
9.00E+00     9.731E+07     1.000E+01
1.00E+01     4.948E+07     1.000E+01
