5        nsn102  he4 cd99                  taly      1.06430E+01      
1.00E-03     6.321E+05     1.000E+01
2.00E-03     6.373E+05     1.000E+01
3.00E-03     6.425E+05     1.000E+01
4.00E-03     6.478E+05     1.000E+01
5.00E-03     6.531E+05     1.000E+01
6.00E-03     6.520E+05     1.000E+01
7.00E-03     6.508E+05     1.000E+01
8.00E-03     6.497E+05     1.000E+01
9.00E-03     6.486E+05     1.000E+01
1.00E-02     6.475E+05     1.000E+01
1.10E-02     6.510E+05     1.000E+01
1.20E-02     6.545E+05     1.000E+01
1.30E-02     6.580E+05     1.000E+01
1.40E-02     6.616E+05     1.000E+01
1.50E-02     6.651E+05     1.000E+01
1.60E-02     6.687E+05     1.000E+01
1.80E-02     6.759E+05     1.000E+01
2.00E-02     6.832E+05     1.000E+01
2.50E-02     7.019E+05     1.000E+01
3.00E-02     7.210E+05     1.000E+01
4.00E-02     7.608E+05     1.000E+01
5.00E-02     8.029E+05     1.000E+01
6.00E-02     8.393E+05     1.000E+01
7.00E-02     8.775E+05     1.000E+01
8.00E-02     9.174E+05     1.000E+01
9.00E-02     9.590E+05     1.000E+01
1.00E-01     1.003E+06     1.000E+01
1.10E-01     1.037E+06     1.000E+01
1.20E-01     1.072E+06     1.000E+01
1.30E-01     1.108E+06     1.000E+01
1.40E-01     1.146E+06     1.000E+01
1.50E-01     1.185E+06     1.000E+01
1.60E-01     1.217E+06     1.000E+01
1.80E-01     1.283E+06     1.000E+01
2.00E-01     1.352E+06     1.000E+01
2.50E-01     1.503E+06     1.000E+01
3.00E-01     1.637E+06     1.000E+01
3.50E-01     1.745E+06     1.000E+01
4.00E-01     1.861E+06     1.000E+01
4.50E-01     1.948E+06     1.000E+01
5.00E-01     2.040E+06     1.000E+01
6.00E-01     2.189E+06     1.000E+01
7.00E-01     2.318E+06     1.000E+01
8.00E-01     2.433E+06     1.000E+01
9.00E-01     2.536E+06     1.000E+01
1.00E+00     2.631E+06     1.000E+01
1.25E+00     2.826E+06     1.000E+01
1.50E+00     3.035E+06     1.000E+01
1.75E+00     3.211E+06     1.000E+01
2.00E+00     3.397E+06     1.000E+01
2.50E+00     3.771E+06     1.000E+01
3.00E+00     4.154E+06     1.000E+01
3.50E+00     4.381E+06     1.000E+01
4.00E+00     4.172E+06     1.000E+01
5.00E+00     2.989E+06     1.000E+01
6.00E+00     2.356E+06     1.000E+01
7.00E+00     2.361E+06     1.000E+01
8.00E+00     2.772E+06     1.000E+01
9.00E+00     3.424E+06     1.000E+01
1.00E+01     4.154E+06     1.000E+01
