4        n sn99sn100                       taly      1.74100E+01      
1.00E-03     7.600E+01     1.000E+01
2.00E-03     1.104E+02     1.000E+01
3.00E-03     1.448E+02     1.000E+01
4.00E-03     1.792E+02     1.000E+01
5.00E-03     2.136E+02     1.000E+01
6.00E-03     2.433E+02     1.000E+01
7.00E-03     2.731E+02     1.000E+01
8.00E-03     3.028E+02     1.000E+01
9.00E-03     3.325E+02     1.000E+01
1.00E-02     3.622E+02     1.000E+01
1.10E-02     3.931E+02     1.000E+01
1.20E-02     4.240E+02     1.000E+01
1.30E-02     4.549E+02     1.000E+01
1.40E-02     4.858E+02     1.000E+01
1.50E-02     5.168E+02     1.000E+01
1.60E-02     5.477E+02     1.000E+01
1.80E-02     6.095E+02     1.000E+01
2.00E-02     6.713E+02     1.000E+01
2.50E-02     8.259E+02     1.000E+01
3.00E-02     9.804E+02     1.000E+01
4.00E-02     1.290E+03     1.000E+01
5.00E-02     1.599E+03     1.000E+01
6.00E-02     1.878E+03     1.000E+01
7.00E-02     2.157E+03     1.000E+01
8.00E-02     2.436E+03     1.000E+01
9.00E-02     2.715E+03     1.000E+01
1.00E-01     2.994E+03     1.000E+01
1.10E-01     3.252E+03     1.000E+01
1.20E-01     3.511E+03     1.000E+01
1.30E-01     3.769E+03     1.000E+01
1.40E-01     4.027E+03     1.000E+01
1.50E-01     4.286E+03     1.000E+01
1.60E-01     4.527E+03     1.000E+01
1.80E-01     5.010E+03     1.000E+01
2.00E-01     5.493E+03     1.000E+01
2.50E-01     6.603E+03     1.000E+01
3.00E-01     7.605E+03     1.000E+01
3.50E-01     8.435E+03     1.000E+01
4.00E-01     9.265E+03     1.000E+01
4.50E-01     9.823E+03     1.000E+01
5.00E-01     1.038E+04     1.000E+01
6.00E-01     1.077E+04     1.000E+01
7.00E-01     1.039E+04     1.000E+01
8.00E-01     9.449E+03     1.000E+01
9.00E-01     8.284E+03     1.000E+01
1.00E+00     7.150E+03     1.000E+01
1.25E+00     5.549E+03     1.000E+01
1.50E+00     3.947E+03     1.000E+01
1.75E+00     3.630E+03     1.000E+01
2.00E+00     3.312E+03     1.000E+01
2.50E+00     3.540E+03     1.000E+01
3.00E+00     4.051E+03     1.000E+01
3.50E+00     4.638E+03     1.000E+01
4.00E+00     5.222E+03     1.000E+01
5.00E+00     6.276E+03     1.000E+01
6.00E+00     7.144E+03     1.000E+01
7.00E+00     7.827E+03     1.000E+01
8.00E+00     8.328E+03     1.000E+01
9.00E+00     8.642E+03     1.000E+01
1.00E+01     8.762E+03     1.000E+01
