4      he4cd100sn104                       taly     -1.43000E-01      
1.00E-03     0.000E+00     1.000E+00
2.00E-03     0.000E+00     1.000E+00
3.00E-03     0.000E+00     1.000E+00
4.00E-03     0.000E+00     1.000E+00
5.00E-03     0.000E+00     1.000E+00
6.00E-03     0.000E+00     1.000E+00
7.00E-03     0.000E+00     1.000E+00
8.00E-03     0.000E+00     1.000E+00
9.00E-03     0.000E+00     1.000E+00
1.00E-02     0.000E+00     1.000E+00
1.10E-02     0.000E+00     1.000E+00
1.20E-02     0.000E+00     1.000E+00
1.30E-02     0.000E+00     1.000E+00
1.40E-02     0.000E+00     1.000E+00
1.50E-02     0.000E+00     1.000E+00
1.60E-02     0.000E+00     1.000E+00
1.80E-02     0.000E+00     1.000E+00
2.00E-02     0.000E+00     1.000E+00
2.50E-02     0.000E+00     1.000E+00
3.00E-02     0.000E+00     1.000E+00
4.00E-02     0.000E+00     1.000E+00
5.00E-02     0.000E+00     1.000E+00
6.00E-02     0.000E+00     1.000E+00
7.00E-02     0.000E+00     1.000E+00
8.00E-02     0.000E+00     1.000E+00
9.00E-02     0.000E+00     1.000E+00
1.00E-01     0.000E+00     1.000E+00
1.10E-01     0.000E+00     1.000E+00
1.20E-01     0.000E+00     1.000E+00
1.30E-01     0.000E+00     1.000E+00
1.40E-01     0.000E+00     1.000E+00
1.50E-01     0.000E+00     1.000E+00
1.60E-01     0.000E+00     1.000E+00
1.80E-01     0.000E+00     1.000E+00
2.00E-01     0.000E+00     1.000E+00
2.50E-01     0.000E+00     1.000E+00
3.00E-01     0.000E+00     1.000E+00
3.50E-01     0.000E+00     1.000E+00
4.00E-01     0.000E+00     1.000E+00
4.50E-01     1.039E-71     1.000E+01
5.00E-01     1.079E-43     1.000E+01
6.00E-01     1.270E-38     1.000E+01
7.00E-01     7.819E-35     1.000E+01
8.00E-01     8.402E-32     1.000E+01
9.00E-01     2.777E-29     1.000E+01
1.00E+00     3.793E-27     1.000E+01
1.25E+00     1.594E-23     1.000E+01
1.50E+00     6.697E-20     1.000E+01
1.75E+00     1.017E-17     1.000E+01
2.00E+00     1.545E-15     1.000E+01
2.50E+00     1.381E-12     1.000E+01
3.00E+00     1.811E-10     1.000E+01
3.50E+00     7.213E-09     1.000E+01
4.00E+00     1.334E-07     1.000E+01
5.00E+00     1.117E-05     1.000E+01
6.00E+00     2.862E-04     1.000E+01
7.00E+00     3.019E-03     1.000E+01
8.00E+00     1.202E-02     1.000E+01
9.00E+00     2.242E-02     1.000E+01
1.00E+01     3.311E-02     1.000E+01
