4      he4cd101sn105                       taly     -7.30000E-02      
1.00E-03     0.000E+00     1.000E+00
2.00E-03     0.000E+00     1.000E+00
3.00E-03     0.000E+00     1.000E+00
4.00E-03     0.000E+00     1.000E+00
5.00E-03     0.000E+00     1.000E+00
6.00E-03     0.000E+00     1.000E+00
7.00E-03     0.000E+00     1.000E+00
8.00E-03     0.000E+00     1.000E+00
9.00E-03     0.000E+00     1.000E+00
1.00E-02     0.000E+00     1.000E+00
1.10E-02     0.000E+00     1.000E+00
1.20E-02     0.000E+00     1.000E+00
1.30E-02     0.000E+00     1.000E+00
1.40E-02     0.000E+00     1.000E+00
1.50E-02     0.000E+00     1.000E+00
1.60E-02     0.000E+00     1.000E+00
1.80E-02     0.000E+00     1.000E+00
2.00E-02     0.000E+00     1.000E+00
2.50E-02     0.000E+00     1.000E+00
3.00E-02     0.000E+00     1.000E+00
4.00E-02     0.000E+00     1.000E+00
5.00E-02     0.000E+00     1.000E+00
6.00E-02     0.000E+00     1.000E+00
7.00E-02     0.000E+00     1.000E+00
8.00E-02     0.000E+00     1.000E+00
9.00E-02     0.000E+00     1.000E+00
1.00E-01     0.000E+00     1.000E+00
1.10E-01     0.000E+00     1.000E+00
1.20E-01     0.000E+00     1.000E+00
1.30E-01     0.000E+00     1.000E+00
1.40E-01     0.000E+00     1.000E+00
1.50E-01     0.000E+00     1.000E+00
1.60E-01     0.000E+00     1.000E+00
1.80E-01     0.000E+00     1.000E+00
2.00E-01     0.000E+00     1.000E+00
2.50E-01     0.000E+00     1.000E+00
3.00E-01     0.000E+00     1.000E+00
3.50E-01     8.831E-75     1.000E+01
4.00E-01     7.799E-50     1.000E+01
4.50E-01     2.084E-46     1.000E+01
5.00E-01     5.569E-43     1.000E+01
6.00E-01     2.661E-38     1.000E+01
7.00E-01     8.888E-35     1.000E+01
8.00E-01     6.082E-32     1.000E+01
9.00E-01     1.456E-29     1.000E+01
1.00E+00     1.639E-27     1.000E+01
1.25E+00     6.876E-24     1.000E+01
1.50E+00     2.884E-20     1.000E+01
1.75E+00     5.341E-18     1.000E+01
2.00E+00     9.890E-16     1.000E+01
2.50E+00     1.406E-12     1.000E+01
3.00E+00     2.743E-10     1.000E+01
3.50E+00     1.471E-08     1.000E+01
4.00E+00     3.330E-07     1.000E+01
5.00E+00     3.274E-05     1.000E+01
6.00E+00     6.820E-04     1.000E+01
7.00E+00     3.938E-03     1.000E+01
8.00E+00     1.079E-02     1.000E+01
9.00E+00     2.183E-02     1.000E+01
1.00E+01     3.859E-02     1.000E+01
