5        psn102  he4 in99                  taly      1.30600E+00      
1.00E-03     0.000E+00     1.000E+00
2.00E-03     0.000E+00     1.000E+00
3.00E-03     0.000E+00     1.000E+00
4.00E-03     0.000E+00     1.000E+00
5.00E-03     0.000E+00     1.000E+00
6.00E-03     0.000E+00     1.000E+00
7.00E-03     0.000E+00     1.000E+00
8.00E-03     0.000E+00     1.000E+00
9.00E-03     0.000E+00     1.000E+00
1.00E-02     0.000E+00     1.000E+00
1.10E-02     0.000E+00     1.000E+00
1.20E-02     0.000E+00     1.000E+00
1.30E-02     0.000E+00     1.000E+00
1.40E-02     0.000E+00     1.000E+00
1.50E-02     0.000E+00     1.000E+00
1.60E-02     0.000E+00     1.000E+00
1.80E-02     0.000E+00     1.000E+00
2.00E-02     0.000E+00     1.000E+00
2.50E-02     0.000E+00     1.000E+00
3.00E-02     0.000E+00     1.000E+00
4.00E-02     0.000E+00     1.000E+00
5.00E-02     0.000E+00     1.000E+00
6.00E-02     8.047E-88     1.000E+01
7.00E-02     6.475E-76     1.000E+01
8.00E-02     5.211E-64     1.000E+01
9.00E-02     4.193E-52     1.000E+01
1.00E-01     3.374E-40     1.000E+01
1.10E-01     8.518E-39     1.000E+01
1.20E-01     2.150E-37     1.000E+01
1.30E-01     5.428E-36     1.000E+01
1.40E-01     1.370E-34     1.000E+01
1.50E-01     3.459E-33     1.000E+01
1.60E-01     1.710E-32     1.000E+01
1.80E-01     4.176E-31     1.000E+01
2.00E-01     1.020E-29     1.000E+01
2.50E-01     1.185E-27     1.000E+01
3.00E-01     2.761E-26     1.000E+01
3.50E-01     1.945E-25     1.000E+01
4.00E-01     1.370E-24     1.000E+01
4.50E-01     4.368E-24     1.000E+01
5.00E-01     1.393E-23     1.000E+01
6.00E-01     6.457E-23     1.000E+01
7.00E-01     1.920E-22     1.000E+01
8.00E-01     4.685E-22     1.000E+01
9.00E-01     2.886E-21     1.000E+01
1.00E+00     7.209E-20     1.000E+01
1.25E+00     3.883E-17     1.000E+01
1.50E+00     2.092E-14     1.000E+01
1.75E+00     1.211E-12     1.000E+01
2.00E+00     7.015E-11     1.000E+01
2.50E+00     2.504E-08     1.000E+01
3.00E+00     2.484E-06     1.000E+01
3.50E+00     1.002E-04     1.000E+01
4.00E+00     1.852E-03     1.000E+01
5.00E+00     1.030E-01     1.000E+01
6.00E+00     1.430E+00     1.000E+01
7.00E+00     9.625E+00     1.000E+01
8.00E+00     4.083E+01     1.000E+01
9.00E+00     1.247E+02     1.000E+01
1.00E+01     2.976E+02     1.000E+01
