5        nsn100  he4 cd97                  taly      8.81700E+00      
1.00E-03     1.060E+03     1.000E+01
2.00E-03     1.067E+03     1.000E+01
3.00E-03     1.074E+03     1.000E+01
4.00E-03     1.080E+03     1.000E+01
5.00E-03     1.087E+03     1.000E+01
6.00E-03     1.082E+03     1.000E+01
7.00E-03     1.076E+03     1.000E+01
8.00E-03     1.071E+03     1.000E+01
9.00E-03     1.065E+03     1.000E+01
1.00E-02     1.060E+03     1.000E+01
1.10E-02     1.062E+03     1.000E+01
1.20E-02     1.064E+03     1.000E+01
1.30E-02     1.066E+03     1.000E+01
1.40E-02     1.068E+03     1.000E+01
1.50E-02     1.070E+03     1.000E+01
1.60E-02     1.072E+03     1.000E+01
1.80E-02     1.076E+03     1.000E+01
2.00E-02     1.080E+03     1.000E+01
2.50E-02     1.091E+03     1.000E+01
3.00E-02     1.101E+03     1.000E+01
4.00E-02     1.122E+03     1.000E+01
5.00E-02     1.144E+03     1.000E+01
6.00E-02     1.170E+03     1.000E+01
7.00E-02     1.197E+03     1.000E+01
8.00E-02     1.224E+03     1.000E+01
9.00E-02     1.252E+03     1.000E+01
1.00E-01     1.281E+03     1.000E+01
1.10E-01     1.307E+03     1.000E+01
1.20E-01     1.334E+03     1.000E+01
1.30E-01     1.361E+03     1.000E+01
1.40E-01     1.389E+03     1.000E+01
1.50E-01     1.417E+03     1.000E+01
1.60E-01     1.443E+03     1.000E+01
1.80E-01     1.496E+03     1.000E+01
2.00E-01     1.550E+03     1.000E+01
2.50E-01     1.676E+03     1.000E+01
3.00E-01     1.791E+03     1.000E+01
3.50E-01     1.891E+03     1.000E+01
4.00E-01     1.997E+03     1.000E+01
4.50E-01     2.089E+03     1.000E+01
5.00E-01     2.185E+03     1.000E+01
6.00E-01     2.367E+03     1.000E+01
7.00E-01     2.546E+03     1.000E+01
8.00E-01     2.718E+03     1.000E+01
9.00E-01     2.877E+03     1.000E+01
1.00E+00     3.023E+03     1.000E+01
1.25E+00     3.318E+03     1.000E+01
1.50E+00     3.643E+03     1.000E+01
1.75E+00     3.945E+03     1.000E+01
2.00E+00     4.273E+03     1.000E+01
2.50E+00     5.036E+03     1.000E+01
3.00E+00     5.992E+03     1.000E+01
3.50E+00     7.185E+03     1.000E+01
4.00E+00     8.660E+03     1.000E+01
5.00E+00     1.269E+04     1.000E+01
6.00E+00     1.898E+04     1.000E+01
7.00E+00     2.934E+04     1.000E+01
8.00E+00     4.649E+04     1.000E+01
9.00E+00     7.282E+04     1.000E+01
1.00E+01     1.085E+05     1.000E+01
