5        n sn99    p in99                  taly      1.42140E+01      
1.00E-03     4.958E+07     1.000E+01
2.00E-03     5.032E+07     1.000E+01
3.00E-03     5.108E+07     1.000E+01
4.00E-03     5.185E+07     1.000E+01
5.00E-03     5.263E+07     1.000E+01
6.00E-03     5.266E+07     1.000E+01
7.00E-03     5.270E+07     1.000E+01
8.00E-03     5.273E+07     1.000E+01
9.00E-03     5.276E+07     1.000E+01
1.00E-02     5.280E+07     1.000E+01
1.10E-02     5.309E+07     1.000E+01
1.20E-02     5.339E+07     1.000E+01
1.30E-02     5.369E+07     1.000E+01
1.40E-02     5.399E+07     1.000E+01
1.50E-02     5.429E+07     1.000E+01
1.60E-02     5.459E+07     1.000E+01
1.80E-02     5.521E+07     1.000E+01
2.00E-02     5.583E+07     1.000E+01
2.50E-02     5.741E+07     1.000E+01
3.00E-02     5.903E+07     1.000E+01
4.00E-02     6.242E+07     1.000E+01
5.00E-02     6.600E+07     1.000E+01
6.00E-02     6.890E+07     1.000E+01
7.00E-02     7.192E+07     1.000E+01
8.00E-02     7.508E+07     1.000E+01
9.00E-02     7.837E+07     1.000E+01
1.00E-01     8.182E+07     1.000E+01
1.10E-01     8.459E+07     1.000E+01
1.20E-01     8.746E+07     1.000E+01
1.30E-01     9.043E+07     1.000E+01
1.40E-01     9.350E+07     1.000E+01
1.50E-01     9.668E+07     1.000E+01
1.60E-01     9.934E+07     1.000E+01
1.80E-01     1.049E+08     1.000E+01
2.00E-01     1.108E+08     1.000E+01
2.50E-01     1.238E+08     1.000E+01
3.00E-01     1.356E+08     1.000E+01
3.50E-01     1.449E+08     1.000E+01
4.00E-01     1.549E+08     1.000E+01
4.50E-01     1.609E+08     1.000E+01
5.00E-01     1.671E+08     1.000E+01
6.00E-01     1.697E+08     1.000E+01
7.00E-01     1.618E+08     1.000E+01
8.00E-01     1.465E+08     1.000E+01
9.00E-01     1.283E+08     1.000E+01
1.00E+00     1.109E+08     1.000E+01
1.25E+00     8.019E+07     1.000E+01
1.50E+00     5.800E+07     1.000E+01
1.75E+00     4.723E+07     1.000E+01
2.00E+00     3.846E+07     1.000E+01
2.50E+00     2.949E+07     1.000E+01
3.00E+00     2.449E+07     1.000E+01
3.50E+00     2.131E+07     1.000E+01
4.00E+00     1.909E+07     1.000E+01
5.00E+00     1.618E+07     1.000E+01
6.00E+00     1.428E+07     1.000E+01
7.00E+00     1.287E+07     1.000E+01
8.00E+00     1.172E+07     1.000E+01
9.00E+00     1.070E+07     1.000E+01
1.00E+01     9.740E+06     1.000E+01
