5        n sn99  he4 cd96                  taly      1.32750E+01      
1.00E-03     2.261E+06     1.000E+01
2.00E-03     2.290E+06     1.000E+01
3.00E-03     2.320E+06     1.000E+01
4.00E-03     2.349E+06     1.000E+01
5.00E-03     2.380E+06     1.000E+01
6.00E-03     2.377E+06     1.000E+01
7.00E-03     2.374E+06     1.000E+01
8.00E-03     2.371E+06     1.000E+01
9.00E-03     2.368E+06     1.000E+01
1.00E-02     2.365E+06     1.000E+01
1.10E-02     2.374E+06     1.000E+01
1.20E-02     2.384E+06     1.000E+01
1.30E-02     2.394E+06     1.000E+01
1.40E-02     2.404E+06     1.000E+01
1.50E-02     2.414E+06     1.000E+01
1.60E-02     2.424E+06     1.000E+01
1.80E-02     2.444E+06     1.000E+01
2.00E-02     2.464E+06     1.000E+01
2.50E-02     2.515E+06     1.000E+01
3.00E-02     2.568E+06     1.000E+01
4.00E-02     2.675E+06     1.000E+01
5.00E-02     2.788E+06     1.000E+01
6.00E-02     2.888E+06     1.000E+01
7.00E-02     2.991E+06     1.000E+01
8.00E-02     3.098E+06     1.000E+01
9.00E-02     3.209E+06     1.000E+01
1.00E-01     3.324E+06     1.000E+01
1.10E-01     3.423E+06     1.000E+01
1.20E-01     3.525E+06     1.000E+01
1.30E-01     3.629E+06     1.000E+01
1.40E-01     3.737E+06     1.000E+01
1.50E-01     3.848E+06     1.000E+01
1.60E-01     3.946E+06     1.000E+01
1.80E-01     4.150E+06     1.000E+01
2.00E-01     4.364E+06     1.000E+01
2.50E-01     4.857E+06     1.000E+01
3.00E-01     5.317E+06     1.000E+01
3.50E-01     5.700E+06     1.000E+01
4.00E-01     6.111E+06     1.000E+01
4.50E-01     6.383E+06     1.000E+01
5.00E-01     6.668E+06     1.000E+01
6.00E-01     6.860E+06     1.000E+01
7.00E-01     6.637E+06     1.000E+01
8.00E-01     6.102E+06     1.000E+01
9.00E-01     5.433E+06     1.000E+01
1.00E+00     4.773E+06     1.000E+01
1.25E+00     3.617E+06     1.000E+01
1.50E+00     2.740E+06     1.000E+01
1.75E+00     2.354E+06     1.000E+01
2.00E+00     2.022E+06     1.000E+01
2.50E+00     1.737E+06     1.000E+01
3.00E+00     1.619E+06     1.000E+01
3.50E+00     1.580E+06     1.000E+01
4.00E+00     1.585E+06     1.000E+01
5.00E+00     1.667E+06     1.000E+01
6.00E+00     1.806E+06     1.000E+01
7.00E+00     1.983E+06     1.000E+01
8.00E+00     2.192E+06     1.000E+01
9.00E+00     2.429E+06     1.000E+01
1.00E+01     2.687E+06     1.000E+01
