4        n sr74 sr75                       taly      1.38630E+01      
1.00E-03     2.990E+03     1.000E+01
2.00E-03     3.015E+03     1.000E+01
3.00E-03     3.041E+03     1.000E+01
4.00E-03     3.066E+03     1.000E+01
5.00E-03     3.092E+03     1.000E+01
6.00E-03     3.075E+03     1.000E+01
7.00E-03     3.059E+03     1.000E+01
8.00E-03     3.043E+03     1.000E+01
9.00E-03     3.027E+03     1.000E+01
1.00E-02     3.011E+03     1.000E+01
1.10E-02     3.013E+03     1.000E+01
1.20E-02     3.014E+03     1.000E+01
1.30E-02     3.016E+03     1.000E+01
1.40E-02     3.018E+03     1.000E+01
1.50E-02     3.019E+03     1.000E+01
1.60E-02     3.021E+03     1.000E+01
1.80E-02     3.024E+03     1.000E+01
2.00E-02     3.028E+03     1.000E+01
2.50E-02     3.036E+03     1.000E+01
3.00E-02     3.044E+03     1.000E+01
4.00E-02     3.060E+03     1.000E+01
5.00E-02     3.077E+03     1.000E+01
6.00E-02     3.106E+03     1.000E+01
7.00E-02     3.135E+03     1.000E+01
8.00E-02     3.164E+03     1.000E+01
9.00E-02     3.194E+03     1.000E+01
1.00E-01     3.223E+03     1.000E+01
1.10E-01     3.255E+03     1.000E+01
1.20E-01     3.288E+03     1.000E+01
1.30E-01     3.320E+03     1.000E+01
1.40E-01     3.353E+03     1.000E+01
1.50E-01     3.385E+03     1.000E+01
1.60E-01     3.421E+03     1.000E+01
1.80E-01     3.492E+03     1.000E+01
2.00E-01     3.562E+03     1.000E+01
2.50E-01     3.742E+03     1.000E+01
3.00E-01     3.916E+03     1.000E+01
3.50E-01     4.076E+03     1.000E+01
4.00E-01     4.235E+03     1.000E+01
4.50E-01     4.363E+03     1.000E+01
5.00E-01     4.491E+03     1.000E+01
6.00E-01     4.606E+03     1.000E+01
7.00E-01     4.476E+03     1.000E+01
8.00E-01     4.078E+03     1.000E+01
9.00E-01     3.515E+03     1.000E+01
1.00E+00     2.932E+03     1.000E+01
1.25E+00     2.111E+03     1.000E+01
1.50E+00     1.291E+03     1.000E+01
1.75E+00     1.078E+03     1.000E+01
2.00E+00     8.639E+02     1.000E+01
2.50E+00     7.189E+02     1.000E+01
3.00E+00     6.436E+02     1.000E+01
3.50E+00     5.890E+02     1.000E+01
4.00E+00     5.421E+02     1.000E+01
5.00E+00     4.579E+02     1.000E+01
6.00E+00     3.798E+02     1.000E+01
7.00E+00     3.062E+02     1.000E+01
8.00E+00     2.386E+02     1.000E+01
9.00E+00     1.792E+02     1.000E+01
1.00E+01     1.300E+02     1.000E+01
