5        n sr77  he4 kr74                  taly      1.01750E+01      
1.00E-03     2.472E+06     1.000E+01
2.00E-03     2.495E+06     1.000E+01
3.00E-03     2.518E+06     1.000E+01
4.00E-03     2.541E+06     1.000E+01
5.00E-03     2.565E+06     1.000E+01
6.00E-03     2.553E+06     1.000E+01
7.00E-03     2.542E+06     1.000E+01
8.00E-03     2.531E+06     1.000E+01
9.00E-03     2.519E+06     1.000E+01
1.00E-02     2.508E+06     1.000E+01
1.10E-02     2.511E+06     1.000E+01
1.20E-02     2.515E+06     1.000E+01
1.30E-02     2.518E+06     1.000E+01
1.40E-02     2.522E+06     1.000E+01
1.50E-02     2.525E+06     1.000E+01
1.60E-02     2.529E+06     1.000E+01
1.80E-02     2.535E+06     1.000E+01
2.00E-02     2.542E+06     1.000E+01
2.50E-02     2.559E+06     1.000E+01
3.00E-02     2.577E+06     1.000E+01
4.00E-02     2.612E+06     1.000E+01
5.00E-02     2.647E+06     1.000E+01
6.00E-02     2.691E+06     1.000E+01
7.00E-02     2.736E+06     1.000E+01
8.00E-02     2.782E+06     1.000E+01
9.00E-02     2.828E+06     1.000E+01
1.00E-01     2.875E+06     1.000E+01
1.10E-01     2.923E+06     1.000E+01
1.20E-01     2.971E+06     1.000E+01
1.30E-01     3.021E+06     1.000E+01
1.40E-01     3.071E+06     1.000E+01
1.50E-01     3.122E+06     1.000E+01
1.60E-01     3.173E+06     1.000E+01
1.80E-01     3.278E+06     1.000E+01
2.00E-01     3.386E+06     1.000E+01
2.50E-01     3.656E+06     1.000E+01
3.00E-01     3.920E+06     1.000E+01
3.50E-01     4.165E+06     1.000E+01
4.00E-01     4.426E+06     1.000E+01
4.50E-01     4.659E+06     1.000E+01
5.00E-01     4.905E+06     1.000E+01
6.00E-01     5.363E+06     1.000E+01
7.00E-01     5.806E+06     1.000E+01
8.00E-01     6.236E+06     1.000E+01
9.00E-01     6.653E+06     1.000E+01
1.00E+00     7.058E+06     1.000E+01
1.25E+00     7.956E+06     1.000E+01
1.50E+00     8.967E+06     1.000E+01
1.75E+00     9.825E+06     1.000E+01
2.00E+00     1.076E+07     1.000E+01
2.50E+00     1.255E+07     1.000E+01
3.00E+00     1.442E+07     1.000E+01
3.50E+00     1.645E+07     1.000E+01
4.00E+00     1.870E+07     1.000E+01
5.00E+00     2.401E+07     1.000E+01
6.00E+00     3.048E+07     1.000E+01
7.00E+00     3.787E+07     1.000E+01
8.00E+00     4.376E+07     1.000E+01
9.00E+00     4.076E+07     1.000E+01
1.00E+01     2.961E+07     1.000E+01
