4        p sr78  y79                       taly      2.47200E+00      
1.00E-03     0.000E+00     1.000E+00
2.00E-03     0.000E+00     1.000E+00
3.00E-03     0.000E+00     1.000E+00
4.00E-03     0.000E+00     1.000E+00
5.00E-03     0.000E+00     1.000E+00
6.00E-03     0.000E+00     1.000E+00
7.00E-03     0.000E+00     1.000E+00
8.00E-03     0.000E+00     1.000E+00
9.00E-03     0.000E+00     1.000E+00
1.00E-02     0.000E+00     1.000E+00
1.10E-02     3.058E-98     1.000E+01
1.20E-02     9.350E-97     1.000E+01
1.30E-02     2.859E-95     1.000E+01
1.40E-02     8.741E-94     1.000E+01
1.50E-02     2.673E-92     1.000E+01
1.60E-02     8.173E-91     1.000E+01
1.80E-02     7.641E-88     1.000E+01
2.00E-02     7.144E-85     1.000E+01
2.50E-02     1.909E-77     1.000E+01
3.00E-02     5.104E-70     1.000E+01
4.00E-02     3.646E-55     1.000E+01
5.00E-02     2.605E-40     1.000E+01
6.00E-02     1.133E-37     1.000E+01
7.00E-02     4.925E-35     1.000E+01
8.00E-02     2.141E-32     1.000E+01
9.00E-02     9.310E-30     1.000E+01
1.00E-01     4.048E-27     1.000E+01
1.10E-01     5.287E-26     1.000E+01
1.20E-01     6.904E-25     1.000E+01
1.30E-01     9.015E-24     1.000E+01
1.40E-01     1.177E-22     1.000E+01
1.50E-01     1.537E-21     1.000E+01
1.60E-01     7.707E-21     1.000E+01
1.80E-01     1.937E-19     1.000E+01
2.00E-01     4.867E-18     1.000E+01
2.50E-01     1.496E-15     1.000E+01
3.00E-01     1.172E-13     1.000E+01
3.50E-01     2.733E-12     1.000E+01
4.00E-01     6.374E-11     1.000E+01
4.50E-01     5.693E-10     1.000E+01
5.00E-01     5.085E-09     1.000E+01
6.00E-01     1.330E-07     1.000E+01
7.00E-01     1.731E-06     1.000E+01
8.00E-01     1.410E-05     1.000E+01
9.00E-01     8.175E-05     1.000E+01
1.00E+00     3.642E-04     1.000E+01
1.25E+00     4.389E-03     1.000E+01
1.50E+00     5.287E-02     1.000E+01
1.75E+00     2.122E-01     1.000E+01
2.00E+00     8.514E-01     1.000E+01
2.50E+00     5.053E+00     1.000E+01
3.00E+00     1.762E+01     1.000E+01
3.50E+00     4.481E+01     1.000E+01
4.00E+00     9.307E+01     1.000E+01
5.00E+00     2.768E+02     1.000E+01
6.00E+00     5.785E+02     1.000E+01
7.00E+00     8.004E+02     1.000E+01
8.00E+00     7.337E+02     1.000E+01
9.00E+00     5.644E+02     1.000E+01
1.00E+01     4.320E+02     1.000E+01
