4      he4 sr78 zr82                       taly      3.19400E+00      
1.00E-03     0.000E+00     1.000E+00
2.00E-03     0.000E+00     1.000E+00
3.00E-03     0.000E+00     1.000E+00
4.00E-03     0.000E+00     1.000E+00
5.00E-03     0.000E+00     1.000E+00
6.00E-03     0.000E+00     1.000E+00
7.00E-03     0.000E+00     1.000E+00
8.00E-03     0.000E+00     1.000E+00
9.00E-03     0.000E+00     1.000E+00
1.00E-02     0.000E+00     1.000E+00
1.10E-02     0.000E+00     1.000E+00
1.20E-02     0.000E+00     1.000E+00
1.30E-02     0.000E+00     1.000E+00
1.40E-02     0.000E+00     1.000E+00
1.50E-02     0.000E+00     1.000E+00
1.60E-02     0.000E+00     1.000E+00
1.80E-02     0.000E+00     1.000E+00
2.00E-02     0.000E+00     1.000E+00
2.50E-02     0.000E+00     1.000E+00
3.00E-02     0.000E+00     1.000E+00
4.00E-02     0.000E+00     1.000E+00
5.00E-02     0.000E+00     1.000E+00
6.00E-02     0.000E+00     1.000E+00
7.00E-02     0.000E+00     1.000E+00
8.00E-02     0.000E+00     1.000E+00
9.00E-02     0.000E+00     1.000E+00
1.00E-01     0.000E+00     1.000E+00
1.10E-01     0.000E+00     1.000E+00
1.20E-01     0.000E+00     1.000E+00
1.30E-01     0.000E+00     1.000E+00
1.40E-01     0.000E+00     1.000E+00
1.50E-01     0.000E+00     1.000E+00
1.60E-01     0.000E+00     1.000E+00
1.80E-01     0.000E+00     1.000E+00
2.00E-01     0.000E+00     1.000E+00
2.50E-01     0.000E+00     1.000E+00
3.00E-01     0.000E+00     1.000E+00
3.50E-01     2.976E-70     1.000E+01
4.00E-01     8.859E-41     1.000E+01
4.50E-01     4.859E-38     1.000E+01
5.00E-01     2.665E-35     1.000E+01
6.00E-01     2.017E-31     1.000E+01
7.00E-01     2.060E-28     1.000E+01
8.00E-01     5.946E-26     1.000E+01
9.00E-01     7.128E-24     1.000E+01
1.00E+00     4.439E-22     1.000E+01
1.25E+00     5.797E-19     1.000E+01
1.50E+00     7.571E-16     1.000E+01
1.75E+00     4.826E-14     1.000E+01
2.00E+00     3.076E-12     1.000E+01
2.50E+00     7.553E-10     1.000E+01
3.00E+00     4.536E-08     1.000E+01
3.50E+00     1.197E-06     1.000E+01
4.00E+00     1.787E-05     1.000E+01
5.00E+00     1.168E-03     1.000E+01
6.00E+00     2.266E-02     1.000E+01
7.00E+00     1.575E-01     1.000E+01
8.00E+00     4.704E-01     1.000E+01
9.00E+00     8.733E-01     1.000E+01
1.00E+01     1.321E+00     1.000E+01
