5        n sr75  he4 kr72                  taly      1.29680E+01      
1.00E-03     6.431E+05     1.000E+01
2.00E-03     6.487E+05     1.000E+01
3.00E-03     6.544E+05     1.000E+01
4.00E-03     6.601E+05     1.000E+01
5.00E-03     6.658E+05     1.000E+01
6.00E-03     6.625E+05     1.000E+01
7.00E-03     6.592E+05     1.000E+01
8.00E-03     6.559E+05     1.000E+01
9.00E-03     6.527E+05     1.000E+01
1.00E-02     6.494E+05     1.000E+01
1.10E-02     6.500E+05     1.000E+01
1.20E-02     6.505E+05     1.000E+01
1.30E-02     6.510E+05     1.000E+01
1.40E-02     6.516E+05     1.000E+01
1.50E-02     6.521E+05     1.000E+01
1.60E-02     6.527E+05     1.000E+01
1.80E-02     6.537E+05     1.000E+01
2.00E-02     6.548E+05     1.000E+01
2.50E-02     6.575E+05     1.000E+01
3.00E-02     6.603E+05     1.000E+01
4.00E-02     6.657E+05     1.000E+01
5.00E-02     6.713E+05     1.000E+01
6.00E-02     6.793E+05     1.000E+01
7.00E-02     6.874E+05     1.000E+01
8.00E-02     6.956E+05     1.000E+01
9.00E-02     7.038E+05     1.000E+01
1.00E-01     7.122E+05     1.000E+01
1.10E-01     7.210E+05     1.000E+01
1.20E-01     7.299E+05     1.000E+01
1.30E-01     7.389E+05     1.000E+01
1.40E-01     7.480E+05     1.000E+01
1.50E-01     7.573E+05     1.000E+01
1.60E-01     7.667E+05     1.000E+01
1.80E-01     7.860E+05     1.000E+01
2.00E-01     8.058E+05     1.000E+01
2.50E-01     8.553E+05     1.000E+01
3.00E-01     9.036E+05     1.000E+01
3.50E-01     9.470E+05     1.000E+01
4.00E-01     9.925E+05     1.000E+01
4.50E-01     1.023E+06     1.000E+01
5.00E-01     1.055E+06     1.000E+01
6.00E-01     1.047E+06     1.000E+01
7.00E-01     9.324E+05     1.000E+01
8.00E-01     7.469E+05     1.000E+01
9.00E-01     5.643E+05     1.000E+01
1.00E+00     4.230E+05     1.000E+01
1.25E+00     2.629E+05     1.000E+01
1.50E+00     1.634E+05     1.000E+01
1.75E+00     1.458E+05     1.000E+01
2.00E+00     1.301E+05     1.000E+01
2.50E+00     1.364E+05     1.000E+01
3.00E+00     1.538E+05     1.000E+01
3.50E+00     1.758E+05     1.000E+01
4.00E+00     2.010E+05     1.000E+01
5.00E+00     2.623E+05     1.000E+01
6.00E+00     3.404E+05     1.000E+01
7.00E+00     4.344E+05     1.000E+01
8.00E+00     5.354E+05     1.000E+01
9.00E+00     6.261E+05     1.000E+01
1.00E+01     6.844E+05     1.000E+01
