4      he4 tc88 rh92                       taly      3.74300E+00      
1.00E-03     0.000E+00     1.000E+00
2.00E-03     0.000E+00     1.000E+00
3.00E-03     0.000E+00     1.000E+00
4.00E-03     0.000E+00     1.000E+00
5.00E-03     0.000E+00     1.000E+00
6.00E-03     0.000E+00     1.000E+00
7.00E-03     0.000E+00     1.000E+00
8.00E-03     0.000E+00     1.000E+00
9.00E-03     0.000E+00     1.000E+00
1.00E-02     0.000E+00     1.000E+00
1.10E-02     0.000E+00     1.000E+00
1.20E-02     0.000E+00     1.000E+00
1.30E-02     0.000E+00     1.000E+00
1.40E-02     0.000E+00     1.000E+00
1.50E-02     0.000E+00     1.000E+00
1.60E-02     0.000E+00     1.000E+00
1.80E-02     0.000E+00     1.000E+00
2.00E-02     0.000E+00     1.000E+00
2.50E-02     0.000E+00     1.000E+00
3.00E-02     0.000E+00     1.000E+00
4.00E-02     0.000E+00     1.000E+00
5.00E-02     0.000E+00     1.000E+00
6.00E-02     0.000E+00     1.000E+00
7.00E-02     0.000E+00     1.000E+00
8.00E-02     0.000E+00     1.000E+00
9.00E-02     0.000E+00     1.000E+00
1.00E-01     0.000E+00     1.000E+00
1.10E-01     0.000E+00     1.000E+00
1.20E-01     0.000E+00     1.000E+00
1.30E-01     0.000E+00     1.000E+00
1.40E-01     0.000E+00     1.000E+00
1.50E-01     0.000E+00     1.000E+00
1.60E-01     0.000E+00     1.000E+00
1.80E-01     0.000E+00     1.000E+00
2.00E-01     0.000E+00     1.000E+00
2.50E-01     0.000E+00     1.000E+00
3.00E-01     0.000E+00     1.000E+00
3.50E-01     3.961E-73     1.000E+01
4.00E-01     1.569E-46     1.000E+01
4.50E-01     2.095E-43     1.000E+01
5.00E-01     2.797E-40     1.000E+01
6.00E-01     5.612E-36     1.000E+01
7.00E-01     9.369E-33     1.000E+01
8.00E-01     3.351E-30     1.000E+01
9.00E-01     4.209E-28     1.000E+01
1.00E+00     2.473E-26     1.000E+01
1.25E+00     2.230E-23     1.000E+01
1.50E+00     2.010E-20     1.000E+01
1.75E+00     1.015E-18     1.000E+01
2.00E+00     5.127E-17     1.000E+01
2.50E+00     1.111E-14     1.000E+01
3.00E+00     6.779E-13     1.000E+01
3.50E+00     1.897E-11     1.000E+01
4.00E+00     3.076E-10     1.000E+01
5.00E+00     2.637E-08     1.000E+01
6.00E+00     8.103E-07     1.000E+01
7.00E+00     1.185E-05     1.000E+01
8.00E+00     9.781E-05     1.000E+01
9.00E+00     5.197E-04     1.000E+01
1.00E+01     1.964E-03     1.000E+01
