5        n tc87  he4 nb84                  taly      8.97700E+00      
1.00E-03     3.164E+03     1.000E+01
2.00E-03     3.207E+03     1.000E+01
3.00E-03     3.250E+03     1.000E+01
4.00E-03     3.294E+03     1.000E+01
5.00E-03     3.338E+03     1.000E+01
6.00E-03     3.335E+03     1.000E+01
7.00E-03     3.333E+03     1.000E+01
8.00E-03     3.330E+03     1.000E+01
9.00E-03     3.328E+03     1.000E+01
1.00E-02     3.325E+03     1.000E+01
1.10E-02     3.341E+03     1.000E+01
1.20E-02     3.357E+03     1.000E+01
1.30E-02     3.373E+03     1.000E+01
1.40E-02     3.388E+03     1.000E+01
1.50E-02     3.404E+03     1.000E+01
1.60E-02     3.420E+03     1.000E+01
1.80E-02     3.453E+03     1.000E+01
2.00E-02     3.485E+03     1.000E+01
2.50E-02     3.568E+03     1.000E+01
3.00E-02     3.652E+03     1.000E+01
4.00E-02     3.828E+03     1.000E+01
5.00E-02     4.011E+03     1.000E+01
6.00E-02     4.180E+03     1.000E+01
7.00E-02     4.356E+03     1.000E+01
8.00E-02     4.539E+03     1.000E+01
9.00E-02     4.730E+03     1.000E+01
1.00E-01     4.929E+03     1.000E+01
1.10E-01     5.107E+03     1.000E+01
1.20E-01     5.291E+03     1.000E+01
1.30E-01     5.482E+03     1.000E+01
1.40E-01     5.679E+03     1.000E+01
1.50E-01     5.884E+03     1.000E+01
1.60E-01     6.071E+03     1.000E+01
1.80E-01     6.461E+03     1.000E+01
2.00E-01     6.877E+03     1.000E+01
2.50E-01     7.874E+03     1.000E+01
3.00E-01     8.850E+03     1.000E+01
3.50E-01     9.741E+03     1.000E+01
4.00E-01     1.072E+04     1.000E+01
4.50E-01     1.158E+04     1.000E+01
5.00E-01     1.251E+04     1.000E+01
6.00E-01     1.423E+04     1.000E+01
7.00E-01     1.592E+04     1.000E+01
8.00E-01     1.758E+04     1.000E+01
9.00E-01     1.920E+04     1.000E+01
1.00E+00     2.081E+04     1.000E+01
1.25E+00     2.443E+04     1.000E+01
1.50E+00     2.868E+04     1.000E+01
1.75E+00     3.204E+04     1.000E+01
2.00E+00     3.579E+04     1.000E+01
2.50E+00     3.648E+04     1.000E+01
3.00E+00     3.451E+04     1.000E+01
3.50E+00     3.744E+04     1.000E+01
4.00E+00     4.475E+04     1.000E+01
5.00E+00     7.166E+04     1.000E+01
6.00E+00     1.185E+05     1.000E+01
7.00E+00     1.889E+05     1.000E+01
8.00E+00     2.812E+05     1.000E+01
9.00E+00     3.867E+05     1.000E+01
1.00E+01     4.924E+05     1.000E+01
