5        p tc87  he4 mo84                  taly      1.67600E+00      
1.00E-03     0.000E+00     1.000E+00
2.00E-03     0.000E+00     1.000E+00
3.00E-03     0.000E+00     1.000E+00
4.00E-03     0.000E+00     1.000E+00
5.00E-03     0.000E+00     1.000E+00
6.00E-03     0.000E+00     1.000E+00
7.00E-03     0.000E+00     1.000E+00
8.00E-03     0.000E+00     1.000E+00
9.00E-03     0.000E+00     1.000E+00
1.00E-02     0.000E+00     1.000E+00
1.10E-02     1.604E-98     1.000E+01
1.20E-02     2.572E-97     1.000E+01
1.30E-02     4.125E-96     1.000E+01
1.40E-02     6.616E-95     1.000E+01
1.50E-02     1.061E-93     1.000E+01
1.60E-02     1.702E-92     1.000E+01
1.80E-02     4.377E-90     1.000E+01
2.00E-02     1.126E-87     1.000E+01
2.50E-02     1.194E-81     1.000E+01
3.00E-02     1.267E-75     1.000E+01
4.00E-02     1.427E-63     1.000E+01
5.00E-02     1.606E-51     1.000E+01
6.00E-02     2.813E-48     1.000E+01
7.00E-02     4.926E-45     1.000E+01
8.00E-02     8.628E-42     1.000E+01
9.00E-02     1.511E-38     1.000E+01
1.00E-01     2.647E-35     1.000E+01
1.10E-01     3.070E-34     1.000E+01
1.20E-01     3.560E-33     1.000E+01
1.30E-01     4.129E-32     1.000E+01
1.40E-01     4.789E-31     1.000E+01
1.50E-01     5.555E-30     1.000E+01
1.60E-01     1.867E-29     1.000E+01
1.80E-01     2.108E-28     1.000E+01
2.00E-01     2.380E-27     1.000E+01
2.50E-01     8.753E-26     1.000E+01
3.00E-01     9.514E-25     1.000E+01
3.50E-01     4.171E-24     1.000E+01
4.00E-01     1.829E-23     1.000E+01
4.50E-01     4.397E-23     1.000E+01
5.00E-01     1.057E-22     1.000E+01
6.00E-01     3.452E-22     1.000E+01
7.00E-01     1.889E-21     1.000E+01
8.00E-01     7.736E-20     1.000E+01
9.00E-01     2.813E-18     1.000E+01
1.00E+00     6.229E-17     1.000E+01
1.25E+00     1.377E-14     1.000E+01
1.50E+00     3.046E-12     1.000E+01
1.75E+00     8.978E-11     1.000E+01
2.00E+00     2.646E-09     1.000E+01
2.50E+00     2.172E-07     1.000E+01
3.00E+00     3.832E-06     1.000E+01
3.50E+00     3.443E-05     1.000E+01
4.00E+00     2.249E-04     1.000E+01
5.00E+00     6.119E-03     1.000E+01
6.00E+00     1.371E-01     1.000E+01
7.00E+00     2.040E+00     1.000E+01
8.00E+00     1.763E+01     1.000E+01
9.00E+00     9.584E+01     1.000E+01
1.00E+01     3.637E+02     1.000E+01
