5        p tc88  he4 mo85                  taly      6.93000E-01      
1.00E-03     0.000E+00     1.000E+00
2.00E-03     0.000E+00     1.000E+00
3.00E-03     0.000E+00     1.000E+00
4.00E-03     0.000E+00     1.000E+00
5.00E-03     0.000E+00     1.000E+00
6.00E-03     0.000E+00     1.000E+00
7.00E-03     0.000E+00     1.000E+00
8.00E-03     0.000E+00     1.000E+00
9.00E-03     0.000E+00     1.000E+00
1.00E-02     0.000E+00     1.000E+00
1.10E-02     1.605E-98     1.000E+01
1.20E-02     2.577E-97     1.000E+01
1.30E-02     4.136E-96     1.000E+01
1.40E-02     6.639E-95     1.000E+01
1.50E-02     1.066E-93     1.000E+01
1.60E-02     1.711E-92     1.000E+01
1.80E-02     4.407E-90     1.000E+01
2.00E-02     1.136E-87     1.000E+01
2.50E-02     1.210E-81     1.000E+01
3.00E-02     1.290E-75     1.000E+01
4.00E-02     1.464E-63     1.000E+01
5.00E-02     1.663E-51     1.000E+01
6.00E-02     2.902E-48     1.000E+01
7.00E-02     5.065E-45     1.000E+01
8.00E-02     8.839E-42     1.000E+01
9.00E-02     1.543E-38     1.000E+01
1.00E-01     2.692E-35     1.000E+01
1.10E-01     3.119E-34     1.000E+01
1.20E-01     3.613E-33     1.000E+01
1.30E-01     4.185E-32     1.000E+01
1.40E-01     4.848E-31     1.000E+01
1.50E-01     5.617E-30     1.000E+01
1.60E-01     1.886E-29     1.000E+01
1.80E-01     2.128E-28     1.000E+01
2.00E-01     2.400E-27     1.000E+01
2.50E-01     8.809E-26     1.000E+01
3.00E-01     9.560E-25     1.000E+01
3.50E-01     4.182E-24     1.000E+01
4.00E-01     1.830E-23     1.000E+01
4.50E-01     4.377E-23     1.000E+01
5.00E-01     1.047E-22     1.000E+01
6.00E-01     3.270E-22     1.000E+01
7.00E-01     7.174E-22     1.000E+01
8.00E-01     1.257E-21     1.000E+01
9.00E-01     2.529E-21     1.000E+01
1.00E+00     3.225E-20     1.000E+01
1.25E+00     1.412E-17     1.000E+01
1.50E+00     6.183E-15     1.000E+01
1.75E+00     2.065E-13     1.000E+01
2.00E+00     6.893E-12     1.000E+01
2.50E+00     1.109E-09     1.000E+01
3.00E+00     6.432E-08     1.000E+01
3.50E+00     1.895E-06     1.000E+01
4.00E+00     3.353E-05     1.000E+01
5.00E+00     3.366E-03     1.000E+01
6.00E+00     1.140E-01     1.000E+01
7.00E+00     1.797E+00     1.000E+01
8.00E+00     1.602E+01     1.000E+01
9.00E+00     9.197E+01     1.000E+01
1.00E+01     3.730E+02     1.000E+01
