4        n tc86 tc87                       taly      1.44640E+01      
1.00E-03     2.909E+02     1.000E+01
2.00E-03     2.985E+02     1.000E+01
3.00E-03     3.060E+02     1.000E+01
4.00E-03     3.136E+02     1.000E+01
5.00E-03     3.211E+02     1.000E+01
6.00E-03     3.241E+02     1.000E+01
7.00E-03     3.271E+02     1.000E+01
8.00E-03     3.301E+02     1.000E+01
9.00E-03     3.330E+02     1.000E+01
1.00E-02     3.360E+02     1.000E+01
1.10E-02     3.409E+02     1.000E+01
1.20E-02     3.459E+02     1.000E+01
1.30E-02     3.508E+02     1.000E+01
1.40E-02     3.558E+02     1.000E+01
1.50E-02     3.607E+02     1.000E+01
1.60E-02     3.656E+02     1.000E+01
1.80E-02     3.755E+02     1.000E+01
2.00E-02     3.854E+02     1.000E+01
2.50E-02     4.101E+02     1.000E+01
3.00E-02     4.348E+02     1.000E+01
4.00E-02     4.842E+02     1.000E+01
5.00E-02     5.336E+02     1.000E+01
6.00E-02     5.823E+02     1.000E+01
7.00E-02     6.311E+02     1.000E+01
8.00E-02     6.798E+02     1.000E+01
9.00E-02     7.285E+02     1.000E+01
1.00E-01     7.772E+02     1.000E+01
1.10E-01     8.257E+02     1.000E+01
1.20E-01     8.741E+02     1.000E+01
1.30E-01     9.226E+02     1.000E+01
1.40E-01     9.710E+02     1.000E+01
1.50E-01     1.020E+03     1.000E+01
1.60E-01     1.068E+03     1.000E+01
1.80E-01     1.164E+03     1.000E+01
2.00E-01     1.261E+03     1.000E+01
2.50E-01     1.494E+03     1.000E+01
3.00E-01     1.715E+03     1.000E+01
3.50E-01     1.916E+03     1.000E+01
4.00E-01     2.117E+03     1.000E+01
4.50E-01     2.295E+03     1.000E+01
5.00E-01     2.473E+03     1.000E+01
6.00E-01     2.792E+03     1.000E+01
7.00E-01     3.081E+03     1.000E+01
8.00E-01     3.344E+03     1.000E+01
9.00E-01     3.587E+03     1.000E+01
1.00E+00     3.813E+03     1.000E+01
1.25E+00     3.795E+03     1.000E+01
1.50E+00     3.777E+03     1.000E+01
1.75E+00     2.510E+03     1.000E+01
2.00E+00     1.242E+03     1.000E+01
2.50E+00     8.843E+02     1.000E+01
3.00E+00     8.558E+02     1.000E+01
3.50E+00     8.684E+02     1.000E+01
4.00E+00     8.891E+02     1.000E+01
5.00E+00     9.328E+02     1.000E+01
6.00E+00     9.673E+02     1.000E+01
7.00E+00     9.836E+02     1.000E+01
8.00E+00     9.757E+02     1.000E+01
9.00E+00     9.420E+02     1.000E+01
1.00E+01     8.843E+02     1.000E+01
