5        n tc86    p mo86                  taly      1.35950E+01      
1.00E-03     1.719E+08     1.000E+01
2.00E-03     1.742E+08     1.000E+01
3.00E-03     1.766E+08     1.000E+01
4.00E-03     1.790E+08     1.000E+01
5.00E-03     1.814E+08     1.000E+01
6.00E-03     1.813E+08     1.000E+01
7.00E-03     1.812E+08     1.000E+01
8.00E-03     1.810E+08     1.000E+01
9.00E-03     1.809E+08     1.000E+01
1.00E-02     1.808E+08     1.000E+01
1.10E-02     1.817E+08     1.000E+01
1.20E-02     1.825E+08     1.000E+01
1.30E-02     1.834E+08     1.000E+01
1.40E-02     1.842E+08     1.000E+01
1.50E-02     1.851E+08     1.000E+01
1.60E-02     1.860E+08     1.000E+01
1.80E-02     1.877E+08     1.000E+01
2.00E-02     1.895E+08     1.000E+01
2.50E-02     1.940E+08     1.000E+01
3.00E-02     1.986E+08     1.000E+01
4.00E-02     2.081E+08     1.000E+01
5.00E-02     2.182E+08     1.000E+01
6.00E-02     2.271E+08     1.000E+01
7.00E-02     2.363E+08     1.000E+01
8.00E-02     2.460E+08     1.000E+01
9.00E-02     2.560E+08     1.000E+01
1.00E-01     2.665E+08     1.000E+01
1.10E-01     2.755E+08     1.000E+01
1.20E-01     2.849E+08     1.000E+01
1.30E-01     2.946E+08     1.000E+01
1.40E-01     3.046E+08     1.000E+01
1.50E-01     3.150E+08     1.000E+01
1.60E-01     3.241E+08     1.000E+01
1.80E-01     3.433E+08     1.000E+01
2.00E-01     3.636E+08     1.000E+01
2.50E-01     4.108E+08     1.000E+01
3.00E-01     4.555E+08     1.000E+01
3.50E-01     4.942E+08     1.000E+01
4.00E-01     5.362E+08     1.000E+01
4.50E-01     5.706E+08     1.000E+01
5.00E-01     6.071E+08     1.000E+01
6.00E-01     6.703E+08     1.000E+01
7.00E-01     7.271E+08     1.000E+01
8.00E-01     7.783E+08     1.000E+01
9.00E-01     8.245E+08     1.000E+01
1.00E+00     8.658E+08     1.000E+01
1.25E+00     8.106E+08     1.000E+01
1.50E+00     7.590E+08     1.000E+01
1.75E+00     3.052E+08     1.000E+01
2.00E+00     1.227E+08     1.000E+01
2.50E+00     3.895E+07     1.000E+01
3.00E+00     2.819E+07     1.000E+01
3.50E+00     2.584E+07     1.000E+01
4.00E+00     2.509E+07     1.000E+01
5.00E+00     2.450E+07     1.000E+01
6.00E+00     2.400E+07     1.000E+01
7.00E+00     2.331E+07     1.000E+01
8.00E+00     2.236E+07     1.000E+01
9.00E+00     2.113E+07     1.000E+01
1.00E+01     1.965E+07     1.000E+01
