4        p tc88 ru89                       taly      3.71500E+00      
1.00E-03     0.000E+00     1.000E+00
2.00E-03     0.000E+00     1.000E+00
3.00E-03     0.000E+00     1.000E+00
4.00E-03     0.000E+00     1.000E+00
5.00E-03     0.000E+00     1.000E+00
6.00E-03     0.000E+00     1.000E+00
7.00E-03     0.000E+00     1.000E+00
8.00E-03     0.000E+00     1.000E+00
9.00E-03     0.000E+00     1.000E+00
1.00E-02     0.000E+00     1.000E+00
1.10E-02     2.084E-98     1.000E+01
1.20E-02     4.344E-97     1.000E+01
1.30E-02     9.052E-96     1.000E+01
1.40E-02     1.887E-94     1.000E+01
1.50E-02     3.932E-93     1.000E+01
1.60E-02     8.195E-92     1.000E+01
1.80E-02     3.559E-89     1.000E+01
2.00E-02     1.546E-86     1.000E+01
2.50E-02     6.079E-80     1.000E+01
3.00E-02     2.390E-73     1.000E+01
4.00E-02     3.695E-60     1.000E+01
5.00E-02     5.712E-47     1.000E+01
6.00E-02     1.166E-43     1.000E+01
7.00E-02     2.380E-40     1.000E+01
8.00E-02     4.857E-37     1.000E+01
9.00E-02     9.913E-34     1.000E+01
1.00E-01     2.023E-30     1.000E+01
1.10E-01     3.605E-29     1.000E+01
1.20E-01     6.423E-28     1.000E+01
1.30E-01     1.144E-26     1.000E+01
1.40E-01     2.039E-25     1.000E+01
1.50E-01     3.632E-24     1.000E+01
1.60E-01     2.105E-23     1.000E+01
1.80E-01     7.073E-22     1.000E+01
2.00E-01     2.376E-20     1.000E+01
2.50E-01     1.212E-17     1.000E+01
3.00E-01     1.402E-15     1.000E+01
3.50E-01     4.457E-14     1.000E+01
4.00E-01     1.416E-12     1.000E+01
4.50E-01     1.651E-11     1.000E+01
5.00E-01     1.924E-10     1.000E+01
6.00E-01     8.055E-09     1.000E+01
7.00E-01     1.567E-07     1.000E+01
8.00E-01     1.771E-06     1.000E+01
9.00E-01     1.320E-05     1.000E+01
1.00E+00     6.997E-05     1.000E+01
1.25E+00     8.287E-04     1.000E+01
1.50E+00     9.814E-03     1.000E+01
1.75E+00     3.150E-02     1.000E+01
2.00E+00     1.011E-01     1.000E+01
2.50E+00     4.267E-01     1.000E+01
3.00E+00     1.168E+00     1.000E+01
3.50E+00     2.476E+00     1.000E+01
4.00E+00     4.447E+00     1.000E+01
5.00E+00     1.050E+01     1.000E+01
6.00E+00     1.910E+01     1.000E+01
7.00E+00     2.952E+01     1.000E+01
8.00E+00     4.081E+01     1.000E+01
9.00E+00     5.209E+01     1.000E+01
1.00E+01     6.283E+01     1.000E+01
