5        n tc88  he4 nb85                  taly      1.02450E+01      
1.00E-03     2.612E+03     1.000E+01
2.00E-03     2.646E+03     1.000E+01
3.00E-03     2.680E+03     1.000E+01
4.00E-03     2.715E+03     1.000E+01
5.00E-03     2.751E+03     1.000E+01
6.00E-03     2.747E+03     1.000E+01
7.00E-03     2.744E+03     1.000E+01
8.00E-03     2.741E+03     1.000E+01
9.00E-03     2.738E+03     1.000E+01
1.00E-02     2.735E+03     1.000E+01
1.10E-02     2.747E+03     1.000E+01
1.20E-02     2.758E+03     1.000E+01
1.30E-02     2.770E+03     1.000E+01
1.40E-02     2.782E+03     1.000E+01
1.50E-02     2.794E+03     1.000E+01
1.60E-02     2.807E+03     1.000E+01
1.80E-02     2.831E+03     1.000E+01
2.00E-02     2.856E+03     1.000E+01
2.50E-02     2.918E+03     1.000E+01
3.00E-02     2.982E+03     1.000E+01
4.00E-02     3.114E+03     1.000E+01
5.00E-02     3.251E+03     1.000E+01
6.00E-02     3.379E+03     1.000E+01
7.00E-02     3.512E+03     1.000E+01
8.00E-02     3.650E+03     1.000E+01
9.00E-02     3.794E+03     1.000E+01
1.00E-01     3.943E+03     1.000E+01
1.10E-01     4.077E+03     1.000E+01
1.20E-01     4.215E+03     1.000E+01
1.30E-01     4.358E+03     1.000E+01
1.40E-01     4.506E+03     1.000E+01
1.50E-01     4.659E+03     1.000E+01
1.60E-01     4.799E+03     1.000E+01
1.80E-01     5.090E+03     1.000E+01
2.00E-01     5.399E+03     1.000E+01
2.50E-01     6.139E+03     1.000E+01
3.00E-01     6.859E+03     1.000E+01
3.50E-01     7.519E+03     1.000E+01
4.00E-01     8.242E+03     1.000E+01
4.50E-01     8.896E+03     1.000E+01
5.00E-01     9.603E+03     1.000E+01
6.00E-01     1.102E+04     1.000E+01
7.00E-01     1.251E+04     1.000E+01
8.00E-01     1.402E+04     1.000E+01
9.00E-01     1.536E+04     1.000E+01
1.00E+00     1.622E+04     1.000E+01
1.25E+00     1.398E+04     1.000E+01
1.50E+00     1.205E+04     1.000E+01
1.75E+00     9.565E+03     1.000E+01
2.00E+00     7.595E+03     1.000E+01
2.50E+00     6.044E+03     1.000E+01
3.00E+00     5.835E+03     1.000E+01
3.50E+00     6.497E+03     1.000E+01
4.00E+00     8.058E+03     1.000E+01
5.00E+00     1.519E+04     1.000E+01
6.00E+00     3.157E+04     1.000E+01
7.00E+00     6.270E+04     1.000E+01
8.00E+00     1.118E+05     1.000E+01
9.00E+00     1.763E+05     1.000E+01
1.00E+01     2.481E+05     1.000E+01
