5        n tc85  he4 nb82                  taly      1.18130E+01      
1.00E-03     3.486E+04     1.000E+01
2.00E-03     3.533E+04     1.000E+01
3.00E-03     3.581E+04     1.000E+01
4.00E-03     3.630E+04     1.000E+01
5.00E-03     3.679E+04     1.000E+01
6.00E-03     3.677E+04     1.000E+01
7.00E-03     3.674E+04     1.000E+01
8.00E-03     3.672E+04     1.000E+01
9.00E-03     3.669E+04     1.000E+01
1.00E-02     3.667E+04     1.000E+01
1.10E-02     3.685E+04     1.000E+01
1.20E-02     3.702E+04     1.000E+01
1.30E-02     3.720E+04     1.000E+01
1.40E-02     3.738E+04     1.000E+01
1.50E-02     3.756E+04     1.000E+01
1.60E-02     3.774E+04     1.000E+01
1.80E-02     3.810E+04     1.000E+01
2.00E-02     3.846E+04     1.000E+01
2.50E-02     3.939E+04     1.000E+01
3.00E-02     4.034E+04     1.000E+01
4.00E-02     4.232E+04     1.000E+01
5.00E-02     4.439E+04     1.000E+01
6.00E-02     4.627E+04     1.000E+01
7.00E-02     4.824E+04     1.000E+01
8.00E-02     5.029E+04     1.000E+01
9.00E-02     5.242E+04     1.000E+01
1.00E-01     5.465E+04     1.000E+01
1.10E-01     5.663E+04     1.000E+01
1.20E-01     5.868E+04     1.000E+01
1.30E-01     6.080E+04     1.000E+01
1.40E-01     6.301E+04     1.000E+01
1.50E-01     6.529E+04     1.000E+01
1.60E-01     6.735E+04     1.000E+01
1.80E-01     7.167E+04     1.000E+01
2.00E-01     7.627E+04     1.000E+01
2.50E-01     8.724E+04     1.000E+01
3.00E-01     9.789E+04     1.000E+01
3.50E-01     1.073E+05     1.000E+01
4.00E-01     1.176E+05     1.000E+01
4.50E-01     1.251E+05     1.000E+01
5.00E-01     1.330E+05     1.000E+01
6.00E-01     1.387E+05     1.000E+01
7.00E-01     1.309E+05     1.000E+01
8.00E-01     1.132E+05     1.000E+01
9.00E-01     9.381E+04     1.000E+01
1.00E+00     7.799E+04     1.000E+01
1.25E+00     7.069E+04     1.000E+01
1.50E+00     6.408E+04     1.000E+01
1.75E+00     7.932E+04     1.000E+01
2.00E+00     9.818E+04     1.000E+01
2.50E+00     1.374E+05     1.000E+01
3.00E+00     1.688E+05     1.000E+01
3.50E+00     1.901E+05     1.000E+01
4.00E+00     2.025E+05     1.000E+01
5.00E+00     2.077E+05     1.000E+01
6.00E+00     1.974E+05     1.000E+01
7.00E+00     1.800E+05     1.000E+01
8.00E+00     1.602E+05     1.000E+01
9.00E+00     1.400E+05     1.000E+01
1.00E+01     1.205E+05     1.000E+01
