5      he4 tc86    p ru89                  taly      1.94600E+00      
1.00E-03     0.000E+00     1.000E+00
2.00E-03     0.000E+00     1.000E+00
3.00E-03     0.000E+00     1.000E+00
4.00E-03     0.000E+00     1.000E+00
5.00E-03     0.000E+00     1.000E+00
6.00E-03     0.000E+00     1.000E+00
7.00E-03     0.000E+00     1.000E+00
8.00E-03     0.000E+00     1.000E+00
9.00E-03     0.000E+00     1.000E+00
1.00E-02     0.000E+00     1.000E+00
1.10E-02     0.000E+00     1.000E+00
1.20E-02     0.000E+00     1.000E+00
1.30E-02     0.000E+00     1.000E+00
1.40E-02     0.000E+00     1.000E+00
1.50E-02     0.000E+00     1.000E+00
1.60E-02     0.000E+00     1.000E+00
1.80E-02     0.000E+00     1.000E+00
2.00E-02     0.000E+00     1.000E+00
2.50E-02     0.000E+00     1.000E+00
3.00E-02     0.000E+00     1.000E+00
4.00E-02     0.000E+00     1.000E+00
5.00E-02     0.000E+00     1.000E+00
6.00E-02     0.000E+00     1.000E+00
7.00E-02     0.000E+00     1.000E+00
8.00E-02     0.000E+00     1.000E+00
9.00E-02     0.000E+00     1.000E+00
1.00E-01     0.000E+00     1.000E+00
1.10E-01     0.000E+00     1.000E+00
1.20E-01     0.000E+00     1.000E+00
1.30E-01     0.000E+00     1.000E+00
1.40E-01     0.000E+00     1.000E+00
1.50E-01     0.000E+00     1.000E+00
1.60E-01     0.000E+00     1.000E+00
1.80E-01     0.000E+00     1.000E+00
2.00E-01     0.000E+00     1.000E+00
2.50E-01     0.000E+00     1.000E+00
3.00E-01     0.000E+00     1.000E+00
3.50E-01     9.200E-73     1.000E+01
4.00E-01     8.464E-46     1.000E+01
4.50E-01     1.174E-42     1.000E+01
5.00E-01     1.628E-39     1.000E+01
6.00E-01     3.990E-35     1.000E+01
7.00E-01     9.404E-32     1.000E+01
8.00E-01     5.229E-29     1.000E+01
9.00E-01     1.067E-26     1.000E+01
1.00E+00     1.024E-24     1.000E+01
1.25E+00     2.452E-21     1.000E+01
1.50E+00     5.871E-18     1.000E+01
1.75E+00     3.199E-16     1.000E+01
2.00E+00     1.743E-14     1.000E+01
2.50E+00     5.908E-12     1.000E+01
3.00E+00     6.873E-10     1.000E+01
3.50E+00     3.214E-08     1.000E+01
4.00E+00     7.436E-07     1.000E+01
5.00E+00     8.853E-05     1.000E+01
6.00E+00     2.721E-03     1.000E+01
7.00E+00     3.473E-02     1.000E+01
8.00E+00     2.430E-01     1.000E+01
9.00E+00     1.108E+00     1.000E+01
1.00E+01     3.684E+00     1.000E+01
