5      he4 tc87    p ru90                  taly      2.33000E+00      
1.00E-03     0.000E+00     1.000E+00
2.00E-03     0.000E+00     1.000E+00
3.00E-03     0.000E+00     1.000E+00
4.00E-03     0.000E+00     1.000E+00
5.00E-03     0.000E+00     1.000E+00
6.00E-03     0.000E+00     1.000E+00
7.00E-03     0.000E+00     1.000E+00
8.00E-03     0.000E+00     1.000E+00
9.00E-03     0.000E+00     1.000E+00
1.00E-02     0.000E+00     1.000E+00
1.10E-02     0.000E+00     1.000E+00
1.20E-02     0.000E+00     1.000E+00
1.30E-02     0.000E+00     1.000E+00
1.40E-02     0.000E+00     1.000E+00
1.50E-02     0.000E+00     1.000E+00
1.60E-02     0.000E+00     1.000E+00
1.80E-02     0.000E+00     1.000E+00
2.00E-02     0.000E+00     1.000E+00
2.50E-02     0.000E+00     1.000E+00
3.00E-02     0.000E+00     1.000E+00
4.00E-02     0.000E+00     1.000E+00
5.00E-02     0.000E+00     1.000E+00
6.00E-02     0.000E+00     1.000E+00
7.00E-02     0.000E+00     1.000E+00
8.00E-02     0.000E+00     1.000E+00
9.00E-02     0.000E+00     1.000E+00
1.00E-01     0.000E+00     1.000E+00
1.10E-01     0.000E+00     1.000E+00
1.20E-01     0.000E+00     1.000E+00
1.30E-01     0.000E+00     1.000E+00
1.40E-01     0.000E+00     1.000E+00
1.50E-01     0.000E+00     1.000E+00
1.60E-01     0.000E+00     1.000E+00
1.80E-01     0.000E+00     1.000E+00
2.00E-01     0.000E+00     1.000E+00
2.50E-01     0.000E+00     1.000E+00
3.00E-01     0.000E+00     1.000E+00
3.50E-01     9.701E-73     1.000E+01
4.00E-01     9.412E-46     1.000E+01
4.50E-01     1.479E-42     1.000E+01
5.00E-01     2.326E-39     1.000E+01
6.00E-01     6.398E-35     1.000E+01
7.00E-01     1.550E-31     1.000E+01
8.00E-01     8.367E-29     1.000E+01
9.00E-01     1.601E-26     1.000E+01
1.00E+00     1.422E-24     1.000E+01
1.25E+00     3.320E-21     1.000E+01
1.50E+00     7.750E-18     1.000E+01
1.75E+00     8.825E-16     1.000E+01
2.00E+00     1.005E-13     1.000E+01
2.50E+00     4.990E-11     1.000E+01
3.00E+00     3.209E-09     1.000E+01
3.50E+00     8.099E-08     1.000E+01
4.00E+00     1.279E-06     1.000E+01
5.00E+00     1.150E-04     1.000E+01
6.00E+00     3.424E-03     1.000E+01
7.00E+00     4.507E-02     1.000E+01
8.00E+00     3.298E-01     1.000E+01
9.00E+00     1.571E+00     1.000E+01
1.00E+01     5.424E+00     1.000E+01
