5      he4 tc85    p ru88                  taly      3.50100E+00      
1.00E-03     0.000E+00     1.000E+00
2.00E-03     0.000E+00     1.000E+00
3.00E-03     0.000E+00     1.000E+00
4.00E-03     0.000E+00     1.000E+00
5.00E-03     0.000E+00     1.000E+00
6.00E-03     0.000E+00     1.000E+00
7.00E-03     0.000E+00     1.000E+00
8.00E-03     0.000E+00     1.000E+00
9.00E-03     0.000E+00     1.000E+00
1.00E-02     0.000E+00     1.000E+00
1.10E-02     0.000E+00     1.000E+00
1.20E-02     0.000E+00     1.000E+00
1.30E-02     0.000E+00     1.000E+00
1.40E-02     0.000E+00     1.000E+00
1.50E-02     0.000E+00     1.000E+00
1.60E-02     0.000E+00     1.000E+00
1.80E-02     0.000E+00     1.000E+00
2.00E-02     0.000E+00     1.000E+00
2.50E-02     0.000E+00     1.000E+00
3.00E-02     0.000E+00     1.000E+00
4.00E-02     0.000E+00     1.000E+00
5.00E-02     0.000E+00     1.000E+00
6.00E-02     0.000E+00     1.000E+00
7.00E-02     0.000E+00     1.000E+00
8.00E-02     0.000E+00     1.000E+00
9.00E-02     0.000E+00     1.000E+00
1.00E-01     0.000E+00     1.000E+00
1.10E-01     0.000E+00     1.000E+00
1.20E-01     0.000E+00     1.000E+00
1.30E-01     0.000E+00     1.000E+00
1.40E-01     0.000E+00     1.000E+00
1.50E-01     0.000E+00     1.000E+00
1.60E-01     0.000E+00     1.000E+00
1.80E-01     0.000E+00     1.000E+00
2.00E-01     0.000E+00     1.000E+00
2.50E-01     0.000E+00     1.000E+00
3.00E-01     0.000E+00     1.000E+00
3.50E-01     6.700E-73     1.000E+01
4.00E-01     4.489E-46     1.000E+01
4.50E-01     6.850E-43     1.000E+01
5.00E-01     1.045E-39     1.000E+01
6.00E-01     2.544E-35     1.000E+01
7.00E-01     5.102E-32     1.000E+01
8.00E-01     2.201E-29     1.000E+01
9.00E-01     3.379E-27     1.000E+01
1.00E+00     2.486E-25     1.000E+01
1.25E+00     4.324E-22     1.000E+01
1.50E+00     7.522E-19     1.000E+01
1.75E+00     7.076E-17     1.000E+01
2.00E+00     6.656E-15     1.000E+01
2.50E+00     3.723E-12     1.000E+01
3.00E+00     4.401E-10     1.000E+01
3.50E+00     1.922E-08     1.000E+01
4.00E+00     4.161E-07     1.000E+01
5.00E+00     4.516E-05     1.000E+01
6.00E+00     1.306E-03     1.000E+01
7.00E+00     1.576E-02     1.000E+01
8.00E+00     1.033E-01     1.000E+01
9.00E+00     4.348E-01     1.000E+01
1.00E+01     1.319E+00     1.000E+01
