4      he4 tc85 rh89                       taly      2.42100E+00      
1.00E-03     0.000E+00     1.000E+00
2.00E-03     0.000E+00     1.000E+00
3.00E-03     0.000E+00     1.000E+00
4.00E-03     0.000E+00     1.000E+00
5.00E-03     0.000E+00     1.000E+00
6.00E-03     0.000E+00     1.000E+00
7.00E-03     0.000E+00     1.000E+00
8.00E-03     0.000E+00     1.000E+00
9.00E-03     0.000E+00     1.000E+00
1.00E-02     0.000E+00     1.000E+00
1.10E-02     0.000E+00     1.000E+00
1.20E-02     0.000E+00     1.000E+00
1.30E-02     0.000E+00     1.000E+00
1.40E-02     0.000E+00     1.000E+00
1.50E-02     0.000E+00     1.000E+00
1.60E-02     0.000E+00     1.000E+00
1.80E-02     0.000E+00     1.000E+00
2.00E-02     0.000E+00     1.000E+00
2.50E-02     0.000E+00     1.000E+00
3.00E-02     0.000E+00     1.000E+00
4.00E-02     0.000E+00     1.000E+00
5.00E-02     0.000E+00     1.000E+00
6.00E-02     0.000E+00     1.000E+00
7.00E-02     0.000E+00     1.000E+00
8.00E-02     0.000E+00     1.000E+00
9.00E-02     0.000E+00     1.000E+00
1.00E-01     0.000E+00     1.000E+00
1.10E-01     0.000E+00     1.000E+00
1.20E-01     0.000E+00     1.000E+00
1.30E-01     0.000E+00     1.000E+00
1.40E-01     0.000E+00     1.000E+00
1.50E-01     0.000E+00     1.000E+00
1.60E-01     0.000E+00     1.000E+00
1.80E-01     0.000E+00     1.000E+00
2.00E-01     0.000E+00     1.000E+00
2.50E-01     0.000E+00     1.000E+00
3.00E-01     0.000E+00     1.000E+00
3.50E-01     7.751E-75     1.000E+01
4.00E-01     6.008E-50     1.000E+01
4.50E-01     8.503E-47     1.000E+01
5.00E-01     1.203E-43     1.000E+01
6.00E-01     2.268E-39     1.000E+01
7.00E-01     3.313E-36     1.000E+01
8.00E-01     1.030E-33     1.000E+01
9.00E-01     1.146E-31     1.000E+01
1.00E+00     6.176E-30     1.000E+01
1.25E+00     6.089E-27     1.000E+01
1.50E+00     6.003E-24     1.000E+01
1.75E+00     3.841E-22     1.000E+01
2.00E+00     2.458E-20     1.000E+01
2.50E+00     7.629E-18     1.000E+01
3.00E+00     5.940E-16     1.000E+01
3.50E+00     2.039E-14     1.000E+01
4.00E+00     4.062E-13     1.000E+01
5.00E+00     4.890E-11     1.000E+01
6.00E+00     1.728E-09     1.000E+01
7.00E+00     2.505E-08     1.000E+01
8.00E+00     1.898E-07     1.000E+01
9.00E+00     8.886E-07     1.000E+01
1.00E+01     2.896E-06     1.000E+01
