4      he4 tc87 rh91                       taly      3.53100E+00      
1.00E-03     0.000E+00     1.000E+00
2.00E-03     0.000E+00     1.000E+00
3.00E-03     0.000E+00     1.000E+00
4.00E-03     0.000E+00     1.000E+00
5.00E-03     0.000E+00     1.000E+00
6.00E-03     0.000E+00     1.000E+00
7.00E-03     0.000E+00     1.000E+00
8.00E-03     0.000E+00     1.000E+00
9.00E-03     0.000E+00     1.000E+00
1.00E-02     0.000E+00     1.000E+00
1.10E-02     0.000E+00     1.000E+00
1.20E-02     0.000E+00     1.000E+00
1.30E-02     0.000E+00     1.000E+00
1.40E-02     0.000E+00     1.000E+00
1.50E-02     0.000E+00     1.000E+00
1.60E-02     0.000E+00     1.000E+00
1.80E-02     0.000E+00     1.000E+00
2.00E-02     0.000E+00     1.000E+00
2.50E-02     0.000E+00     1.000E+00
3.00E-02     0.000E+00     1.000E+00
4.00E-02     0.000E+00     1.000E+00
5.00E-02     0.000E+00     1.000E+00
6.00E-02     0.000E+00     1.000E+00
7.00E-02     0.000E+00     1.000E+00
8.00E-02     0.000E+00     1.000E+00
9.00E-02     0.000E+00     1.000E+00
1.00E-01     0.000E+00     1.000E+00
1.10E-01     0.000E+00     1.000E+00
1.20E-01     0.000E+00     1.000E+00
1.30E-01     0.000E+00     1.000E+00
1.40E-01     0.000E+00     1.000E+00
1.50E-01     0.000E+00     1.000E+00
1.60E-01     0.000E+00     1.000E+00
1.80E-01     0.000E+00     1.000E+00
2.00E-01     0.000E+00     1.000E+00
2.50E-01     0.000E+00     1.000E+00
3.00E-01     0.000E+00     1.000E+00
3.50E-01     3.984E-73     1.000E+01
4.00E-01     1.587E-46     1.000E+01
4.50E-01     2.393E-43     1.000E+01
5.00E-01     3.608E-40     1.000E+01
6.00E-01     8.424E-36     1.000E+01
7.00E-01     1.608E-32     1.000E+01
8.00E-01     6.623E-30     1.000E+01
9.00E-01     9.654E-28     1.000E+01
1.00E+00     6.623E-26     1.000E+01
1.25E+00     9.551E-23     1.000E+01
1.50E+00     1.377E-19     1.000E+01
1.75E+00     1.168E-17     1.000E+01
2.00E+00     9.898E-16     1.000E+01
2.50E+00     3.108E-13     1.000E+01
3.00E+00     1.135E-11     1.000E+01
3.50E+00     1.355E-10     1.000E+01
4.00E+00     9.137E-10     1.000E+01
5.00E+00     1.984E-08     1.000E+01
6.00E+00     3.233E-07     1.000E+01
7.00E+00     3.757E-06     1.000E+01
8.00E+00     2.786E-05     1.000E+01
9.00E+00     1.387E-04     1.000E+01
1.00E+01     5.021E-04     1.000E+01
