5        nte107  he4sn104                  taly      1.67370E+01      
1.00E-03     4.480E+06     1.000E+01
2.00E-03     4.526E+06     1.000E+01
3.00E-03     4.572E+06     1.000E+01
4.00E-03     4.618E+06     1.000E+01
5.00E-03     4.665E+06     1.000E+01
6.00E-03     4.648E+06     1.000E+01
7.00E-03     4.631E+06     1.000E+01
8.00E-03     4.614E+06     1.000E+01
9.00E-03     4.597E+06     1.000E+01
1.00E-02     4.580E+06     1.000E+01
1.10E-02     4.589E+06     1.000E+01
1.20E-02     4.598E+06     1.000E+01
1.30E-02     4.607E+06     1.000E+01
1.40E-02     4.616E+06     1.000E+01
1.50E-02     4.626E+06     1.000E+01
1.60E-02     4.635E+06     1.000E+01
1.80E-02     4.653E+06     1.000E+01
2.00E-02     4.671E+06     1.000E+01
2.50E-02     4.717E+06     1.000E+01
3.00E-02     4.764E+06     1.000E+01
4.00E-02     4.859E+06     1.000E+01
5.00E-02     4.955E+06     1.000E+01
6.00E-02     5.053E+06     1.000E+01
7.00E-02     5.153E+06     1.000E+01
8.00E-02     5.254E+06     1.000E+01
9.00E-02     5.358E+06     1.000E+01
1.00E-01     5.464E+06     1.000E+01
1.10E-01     5.558E+06     1.000E+01
1.20E-01     5.655E+06     1.000E+01
1.30E-01     5.753E+06     1.000E+01
1.40E-01     5.853E+06     1.000E+01
1.50E-01     5.954E+06     1.000E+01
1.60E-01     6.045E+06     1.000E+01
1.80E-01     6.230E+06     1.000E+01
2.00E-01     6.421E+06     1.000E+01
2.50E-01     6.837E+06     1.000E+01
3.00E-01     7.190E+06     1.000E+01
3.50E-01     7.460E+06     1.000E+01
4.00E-01     7.739E+06     1.000E+01
4.50E-01     7.946E+06     1.000E+01
5.00E-01     8.159E+06     1.000E+01
6.00E-01     8.515E+06     1.000E+01
7.00E-01     8.834E+06     1.000E+01
8.00E-01     9.127E+06     1.000E+01
9.00E-01     9.402E+06     1.000E+01
1.00E+00     9.661E+06     1.000E+01
1.25E+00     1.022E+07     1.000E+01
1.50E+00     1.080E+07     1.000E+01
1.75E+00     1.132E+07     1.000E+01
2.00E+00     1.187E+07     1.000E+01
2.50E+00     1.286E+07     1.000E+01
3.00E+00     1.315E+07     1.000E+01
3.50E+00     1.201E+07     1.000E+01
4.00E+00     1.014E+07     1.000E+01
5.00E+00     7.410E+06     1.000E+01
6.00E+00     6.284E+06     1.000E+01
7.00E+00     5.806E+06     1.000E+01
8.00E+00     5.474E+06     1.000E+01
9.00E+00     5.059E+06     1.000E+01
1.00E+01     4.482E+06     1.000E+01
