5        n ti40    p sc40                  taly      1.24550E+01      
1.00E-03     2.101E+07     1.000E+01
2.00E-03     2.110E+07     1.000E+01
3.00E-03     2.120E+07     1.000E+01
4.00E-03     2.129E+07     1.000E+01
5.00E-03     2.138E+07     1.000E+01
6.00E-03     2.121E+07     1.000E+01
7.00E-03     2.104E+07     1.000E+01
8.00E-03     2.088E+07     1.000E+01
9.00E-03     2.071E+07     1.000E+01
1.00E-02     2.055E+07     1.000E+01
1.10E-02     2.052E+07     1.000E+01
1.20E-02     2.049E+07     1.000E+01
1.30E-02     2.046E+07     1.000E+01
1.40E-02     2.042E+07     1.000E+01
1.50E-02     2.039E+07     1.000E+01
1.60E-02     2.036E+07     1.000E+01
1.80E-02     2.030E+07     1.000E+01
2.00E-02     2.024E+07     1.000E+01
2.50E-02     2.009E+07     1.000E+01
3.00E-02     1.995E+07     1.000E+01
4.00E-02     1.965E+07     1.000E+01
5.00E-02     1.936E+07     1.000E+01
6.00E-02     1.924E+07     1.000E+01
7.00E-02     1.912E+07     1.000E+01
8.00E-02     1.899E+07     1.000E+01
9.00E-02     1.887E+07     1.000E+01
1.00E-01     1.875E+07     1.000E+01
1.10E-01     1.867E+07     1.000E+01
1.20E-01     1.860E+07     1.000E+01
1.30E-01     1.852E+07     1.000E+01
1.40E-01     1.844E+07     1.000E+01
1.50E-01     1.837E+07     1.000E+01
1.60E-01     1.832E+07     1.000E+01
1.80E-01     1.822E+07     1.000E+01
2.00E-01     1.812E+07     1.000E+01
2.50E-01     1.796E+07     1.000E+01
3.00E-01     1.782E+07     1.000E+01
3.50E-01     1.769E+07     1.000E+01
4.00E-01     1.756E+07     1.000E+01
4.50E-01     1.744E+07     1.000E+01
5.00E-01     1.732E+07     1.000E+01
6.00E-01     1.710E+07     1.000E+01
7.00E-01     1.690E+07     1.000E+01
8.00E-01     1.672E+07     1.000E+01
9.00E-01     1.656E+07     1.000E+01
1.00E+00     1.640E+07     1.000E+01
1.25E+00     1.580E+07     1.000E+01
1.50E+00     1.522E+07     1.000E+01
1.75E+00     1.386E+07     1.000E+01
2.00E+00     1.262E+07     1.000E+01
2.50E+00     9.059E+06     1.000E+01
3.00E+00     5.986E+06     1.000E+01
3.50E+00     3.918E+06     1.000E+01
4.00E+00     2.636E+06     1.000E+01
5.00E+00     1.336E+06     1.000E+01
6.00E+00     7.707E+05     1.000E+01
7.00E+00     4.880E+05     1.000E+01
8.00E+00     3.296E+05     1.000E+01
9.00E+00     2.328E+05     1.000E+01
1.00E+01     1.698E+05     1.000E+01
