5        n ti43    p sc43                  taly      7.64900E+00      
1.00E-03     1.496E+09     1.000E+01
2.00E-03     1.502E+09     1.000E+01
3.00E-03     1.507E+09     1.000E+01
4.00E-03     1.512E+09     1.000E+01
5.00E-03     1.517E+09     1.000E+01
6.00E-03     1.504E+09     1.000E+01
7.00E-03     1.492E+09     1.000E+01
8.00E-03     1.479E+09     1.000E+01
9.00E-03     1.467E+09     1.000E+01
1.00E-02     1.454E+09     1.000E+01
1.10E-02     1.452E+09     1.000E+01
1.20E-02     1.449E+09     1.000E+01
1.30E-02     1.447E+09     1.000E+01
1.40E-02     1.444E+09     1.000E+01
1.50E-02     1.442E+09     1.000E+01
1.60E-02     1.439E+09     1.000E+01
1.80E-02     1.434E+09     1.000E+01
2.00E-02     1.429E+09     1.000E+01
2.50E-02     1.417E+09     1.000E+01
3.00E-02     1.404E+09     1.000E+01
4.00E-02     1.380E+09     1.000E+01
5.00E-02     1.356E+09     1.000E+01
6.00E-02     1.346E+09     1.000E+01
7.00E-02     1.335E+09     1.000E+01
8.00E-02     1.325E+09     1.000E+01
9.00E-02     1.314E+09     1.000E+01
1.00E-01     1.304E+09     1.000E+01
1.10E-01     1.297E+09     1.000E+01
1.20E-01     1.291E+09     1.000E+01
1.30E-01     1.284E+09     1.000E+01
1.40E-01     1.278E+09     1.000E+01
1.50E-01     1.271E+09     1.000E+01
1.60E-01     1.267E+09     1.000E+01
1.80E-01     1.258E+09     1.000E+01
2.00E-01     1.250E+09     1.000E+01
2.50E-01     1.234E+09     1.000E+01
3.00E-01     1.222E+09     1.000E+01
3.50E-01     1.211E+09     1.000E+01
4.00E-01     1.200E+09     1.000E+01
4.50E-01     1.190E+09     1.000E+01
5.00E-01     1.180E+09     1.000E+01
6.00E-01     1.164E+09     1.000E+01
7.00E-01     1.150E+09     1.000E+01
8.00E-01     1.138E+09     1.000E+01
9.00E-01     1.128E+09     1.000E+01
1.00E+00     1.120E+09     1.000E+01
1.25E+00     1.110E+09     1.000E+01
1.50E+00     1.099E+09     1.000E+01
1.75E+00     1.099E+09     1.000E+01
2.00E+00     1.098E+09     1.000E+01
2.50E+00     1.107E+09     1.000E+01
3.00E+00     1.122E+09     1.000E+01
3.50E+00     1.138E+09     1.000E+01
4.00E+00     1.151E+09     1.000E+01
5.00E+00     1.140E+09     1.000E+01
6.00E+00     1.031E+09     1.000E+01
7.00E+00     8.250E+08     1.000E+01
8.00E+00     5.993E+08     1.000E+01
9.00E+00     4.138E+08     1.000E+01
1.00E+01     2.813E+08     1.000E+01
