5        n ti45  he4 ca42                  taly      5.18400E+00      
1.00E-03     1.243E+07     1.000E+01
2.00E-03     1.185E+07     1.000E+01
3.00E-03     1.130E+07     1.000E+01
4.00E-03     1.077E+07     1.000E+01
5.00E-03     1.027E+07     1.000E+01
6.00E-03     9.983E+06     1.000E+01
7.00E-03     9.705E+06     1.000E+01
8.00E-03     9.435E+06     1.000E+01
9.00E-03     9.172E+06     1.000E+01
1.00E-02     8.917E+06     1.000E+01
1.10E-02     8.838E+06     1.000E+01
1.20E-02     8.761E+06     1.000E+01
1.30E-02     8.684E+06     1.000E+01
1.40E-02     8.608E+06     1.000E+01
1.50E-02     8.532E+06     1.000E+01
1.60E-02     8.458E+06     1.000E+01
1.80E-02     8.310E+06     1.000E+01
2.00E-02     8.165E+06     1.000E+01
2.50E-02     7.813E+06     1.000E+01
3.00E-02     7.476E+06     1.000E+01
4.00E-02     6.846E+06     1.000E+01
5.00E-02     6.269E+06     1.000E+01
6.00E-02     6.116E+06     1.000E+01
7.00E-02     5.966E+06     1.000E+01
8.00E-02     5.821E+06     1.000E+01
9.00E-02     5.679E+06     1.000E+01
1.00E-01     5.540E+06     1.000E+01
1.10E-01     5.546E+06     1.000E+01
1.20E-01     5.552E+06     1.000E+01
1.30E-01     5.558E+06     1.000E+01
1.40E-01     5.564E+06     1.000E+01
1.50E-01     5.570E+06     1.000E+01
1.60E-01     5.623E+06     1.000E+01
1.80E-01     5.728E+06     1.000E+01
2.00E-01     5.836E+06     1.000E+01
2.50E-01     6.107E+06     1.000E+01
3.00E-01     6.319E+06     1.000E+01
3.50E-01     6.447E+06     1.000E+01
4.00E-01     6.578E+06     1.000E+01
4.50E-01     6.642E+06     1.000E+01
5.00E-01     6.706E+06     1.000E+01
6.00E-01     6.778E+06     1.000E+01
7.00E-01     6.832E+06     1.000E+01
8.00E-01     6.885E+06     1.000E+01
9.00E-01     6.946E+06     1.000E+01
1.00E+00     7.017E+06     1.000E+01
1.25E+00     7.270E+06     1.000E+01
1.50E+00     7.533E+06     1.000E+01
1.75E+00     7.889E+06     1.000E+01
2.00E+00     8.261E+06     1.000E+01
2.50E+00     9.128E+06     1.000E+01
3.00E+00     1.010E+07     1.000E+01
3.50E+00     1.115E+07     1.000E+01
4.00E+00     1.228E+07     1.000E+01
5.00E+00     1.457E+07     1.000E+01
6.00E+00     1.625E+07     1.000E+01
7.00E+00     1.656E+07     1.000E+01
8.00E+00     1.573E+07     1.000E+01
9.00E+00     1.463E+07     1.000E+01
1.00E+01     1.380E+07     1.000E+01
