4        n ti45 ti46                       taly      1.31890E+01      
1.00E-03     7.016E+07     1.000E+01
2.00E-03     6.631E+07     1.000E+01
3.00E-03     6.245E+07     1.000E+01
4.00E-03     5.859E+07     1.000E+01
5.00E-03     5.473E+07     1.000E+01
6.00E-03     5.308E+07     1.000E+01
7.00E-03     5.144E+07     1.000E+01
8.00E-03     4.979E+07     1.000E+01
9.00E-03     4.814E+07     1.000E+01
1.00E-02     4.649E+07     1.000E+01
1.10E-02     4.610E+07     1.000E+01
1.20E-02     4.572E+07     1.000E+01
1.30E-02     4.533E+07     1.000E+01
1.40E-02     4.494E+07     1.000E+01
1.50E-02     4.456E+07     1.000E+01
1.60E-02     4.417E+07     1.000E+01
1.80E-02     4.340E+07     1.000E+01
2.00E-02     4.263E+07     1.000E+01
2.50E-02     4.069E+07     1.000E+01
3.00E-02     3.876E+07     1.000E+01
4.00E-02     3.490E+07     1.000E+01
5.00E-02     3.103E+07     1.000E+01
6.00E-02     3.000E+07     1.000E+01
7.00E-02     2.897E+07     1.000E+01
8.00E-02     2.794E+07     1.000E+01
9.00E-02     2.691E+07     1.000E+01
1.00E-01     2.588E+07     1.000E+01
1.10E-01     2.531E+07     1.000E+01
1.20E-01     2.475E+07     1.000E+01
1.30E-01     2.418E+07     1.000E+01
1.40E-01     2.362E+07     1.000E+01
1.50E-01     2.305E+07     1.000E+01
1.60E-01     2.267E+07     1.000E+01
1.80E-01     2.191E+07     1.000E+01
2.00E-01     2.114E+07     1.000E+01
2.50E-01     1.977E+07     1.000E+01
3.00E-01     1.872E+07     1.000E+01
3.50E-01     1.797E+07     1.000E+01
4.00E-01     1.722E+07     1.000E+01
4.50E-01     1.670E+07     1.000E+01
5.00E-01     1.619E+07     1.000E+01
6.00E-01     1.543E+07     1.000E+01
7.00E-01     1.486E+07     1.000E+01
8.00E-01     1.441E+07     1.000E+01
9.00E-01     1.405E+07     1.000E+01
1.00E+00     1.376E+07     1.000E+01
1.25E+00     1.331E+07     1.000E+01
1.50E+00     1.286E+07     1.000E+01
1.75E+00     1.262E+07     1.000E+01
2.00E+00     1.239E+07     1.000E+01
2.50E+00     1.208E+07     1.000E+01
3.00E+00     1.182E+07     1.000E+01
3.50E+00     1.158E+07     1.000E+01
4.00E+00     1.132E+07     1.000E+01
5.00E+00     1.054E+07     1.000E+01
6.00E+00     9.087E+06     1.000E+01
7.00E+00     6.978E+06     1.000E+01
8.00E+00     4.854E+06     1.000E+01
9.00E+00     3.234E+06     1.000E+01
1.00E+01     2.164E+06     1.000E+01
