5        n ti43  he4 ca40                  taly      1.11710E+01      
1.00E-03     6.666E+07     1.000E+01
2.00E-03     6.689E+07     1.000E+01
3.00E-03     6.712E+07     1.000E+01
4.00E-03     6.735E+07     1.000E+01
5.00E-03     6.758E+07     1.000E+01
6.00E-03     6.701E+07     1.000E+01
7.00E-03     6.645E+07     1.000E+01
8.00E-03     6.589E+07     1.000E+01
9.00E-03     6.534E+07     1.000E+01
1.00E-02     6.479E+07     1.000E+01
1.10E-02     6.468E+07     1.000E+01
1.20E-02     6.457E+07     1.000E+01
1.30E-02     6.446E+07     1.000E+01
1.40E-02     6.435E+07     1.000E+01
1.50E-02     6.424E+07     1.000E+01
1.60E-02     6.413E+07     1.000E+01
1.80E-02     6.390E+07     1.000E+01
2.00E-02     6.368E+07     1.000E+01
2.50E-02     6.314E+07     1.000E+01
3.00E-02     6.259E+07     1.000E+01
4.00E-02     6.152E+07     1.000E+01
5.00E-02     6.047E+07     1.000E+01
6.00E-02     6.001E+07     1.000E+01
7.00E-02     5.956E+07     1.000E+01
8.00E-02     5.911E+07     1.000E+01
9.00E-02     5.866E+07     1.000E+01
1.00E-01     5.821E+07     1.000E+01
1.10E-01     5.793E+07     1.000E+01
1.20E-01     5.764E+07     1.000E+01
1.30E-01     5.736E+07     1.000E+01
1.40E-01     5.708E+07     1.000E+01
1.50E-01     5.680E+07     1.000E+01
1.60E-01     5.662E+07     1.000E+01
1.80E-01     5.625E+07     1.000E+01
2.00E-01     5.589E+07     1.000E+01
2.50E-01     5.526E+07     1.000E+01
3.00E-01     5.475E+07     1.000E+01
3.50E-01     5.430E+07     1.000E+01
4.00E-01     5.387E+07     1.000E+01
4.50E-01     5.348E+07     1.000E+01
5.00E-01     5.310E+07     1.000E+01
6.00E-01     5.246E+07     1.000E+01
7.00E-01     5.194E+07     1.000E+01
8.00E-01     5.153E+07     1.000E+01
9.00E-01     5.124E+07     1.000E+01
1.00E+00     5.103E+07     1.000E+01
1.25E+00     5.103E+07     1.000E+01
1.50E+00     5.104E+07     1.000E+01
1.75E+00     5.155E+07     1.000E+01
2.00E+00     5.207E+07     1.000E+01
2.50E+00     5.357E+07     1.000E+01
3.00E+00     5.524E+07     1.000E+01
3.50E+00     5.693E+07     1.000E+01
4.00E+00     5.849E+07     1.000E+01
5.00E+00     6.022E+07     1.000E+01
6.00E+00     5.792E+07     1.000E+01
7.00E+00     5.071E+07     1.000E+01
8.00E+00     4.106E+07     1.000E+01
9.00E+00     3.191E+07     1.000E+01
1.00E+01     2.444E+07     1.000E+01
