5        n ti41  he4 ca38                  taly      1.20070E+01      
1.00E-03     1.930E+07     1.000E+01
2.00E-03     1.938E+07     1.000E+01
3.00E-03     1.946E+07     1.000E+01
4.00E-03     1.954E+07     1.000E+01
5.00E-03     1.962E+07     1.000E+01
6.00E-03     1.946E+07     1.000E+01
7.00E-03     1.931E+07     1.000E+01
8.00E-03     1.915E+07     1.000E+01
9.00E-03     1.900E+07     1.000E+01
1.00E-02     1.885E+07     1.000E+01
1.10E-02     1.882E+07     1.000E+01
1.20E-02     1.879E+07     1.000E+01
1.30E-02     1.876E+07     1.000E+01
1.40E-02     1.873E+07     1.000E+01
1.50E-02     1.870E+07     1.000E+01
1.60E-02     1.868E+07     1.000E+01
1.80E-02     1.862E+07     1.000E+01
2.00E-02     1.856E+07     1.000E+01
2.50E-02     1.842E+07     1.000E+01
3.00E-02     1.828E+07     1.000E+01
4.00E-02     1.801E+07     1.000E+01
5.00E-02     1.774E+07     1.000E+01
6.00E-02     1.762E+07     1.000E+01
7.00E-02     1.751E+07     1.000E+01
8.00E-02     1.740E+07     1.000E+01
9.00E-02     1.728E+07     1.000E+01
1.00E-01     1.717E+07     1.000E+01
1.10E-01     1.710E+07     1.000E+01
1.20E-01     1.703E+07     1.000E+01
1.30E-01     1.697E+07     1.000E+01
1.40E-01     1.690E+07     1.000E+01
1.50E-01     1.683E+07     1.000E+01
1.60E-01     1.679E+07     1.000E+01
1.80E-01     1.670E+07     1.000E+01
2.00E-01     1.662E+07     1.000E+01
2.50E-01     1.648E+07     1.000E+01
3.00E-01     1.637E+07     1.000E+01
3.50E-01     1.627E+07     1.000E+01
4.00E-01     1.617E+07     1.000E+01
4.50E-01     1.608E+07     1.000E+01
5.00E-01     1.599E+07     1.000E+01
6.00E-01     1.583E+07     1.000E+01
7.00E-01     1.568E+07     1.000E+01
8.00E-01     1.555E+07     1.000E+01
9.00E-01     1.543E+07     1.000E+01
1.00E+00     1.529E+07     1.000E+01
1.25E+00     1.473E+07     1.000E+01
1.50E+00     1.418E+07     1.000E+01
1.75E+00     1.343E+07     1.000E+01
2.00E+00     1.272E+07     1.000E+01
2.50E+00     1.159E+07     1.000E+01
3.00E+00     1.062E+07     1.000E+01
3.50E+00     9.613E+06     1.000E+01
4.00E+00     8.565E+06     1.000E+01
5.00E+00     6.594E+06     1.000E+01
6.00E+00     5.022E+06     1.000E+01
7.00E+00     3.859E+06     1.000E+01
8.00E+00     3.009E+06     1.000E+01
9.00E+00     2.379E+06     1.000E+01
1.00E+01     1.901E+06     1.000E+01
