5      he4 ti45    p  v48                  taly      6.04000E-01      
1.00E-03     0.000E+00     1.000E+00
2.00E-03     0.000E+00     1.000E+00
3.00E-03     0.000E+00     1.000E+00
4.00E-03     0.000E+00     1.000E+00
5.00E-03     0.000E+00     1.000E+00
6.00E-03     0.000E+00     1.000E+00
7.00E-03     0.000E+00     1.000E+00
8.00E-03     0.000E+00     1.000E+00
9.00E-03     0.000E+00     1.000E+00
1.00E-02     0.000E+00     1.000E+00
1.10E-02     0.000E+00     1.000E+00
1.20E-02     0.000E+00     1.000E+00
1.30E-02     0.000E+00     1.000E+00
1.40E-02     0.000E+00     1.000E+00
1.50E-02     0.000E+00     1.000E+00
1.60E-02     0.000E+00     1.000E+00
1.80E-02     0.000E+00     1.000E+00
2.00E-02     0.000E+00     1.000E+00
2.50E-02     0.000E+00     1.000E+00
3.00E-02     0.000E+00     1.000E+00
4.00E-02     0.000E+00     1.000E+00
5.00E-02     0.000E+00     1.000E+00
6.00E-02     0.000E+00     1.000E+00
7.00E-02     0.000E+00     1.000E+00
8.00E-02     0.000E+00     1.000E+00
9.00E-02     0.000E+00     1.000E+00
1.00E-01     0.000E+00     1.000E+00
1.10E-01     1.303E-88     1.000E+01
1.20E-01     1.697E-77     1.000E+01
1.30E-01     2.210E-66     1.000E+01
1.40E-01     2.879E-55     1.000E+01
1.50E-01     3.750E-44     1.000E+01
1.60E-01     1.178E-42     1.000E+01
1.80E-01     1.163E-39     1.000E+01
2.00E-01     1.147E-36     1.000E+01
2.50E-01     5.991E-32     1.000E+01
3.00E-01     1.420E-28     1.000E+01
3.50E-01     3.481E-26     1.000E+01
4.00E-01     8.531E-24     1.000E+01
4.50E-01     4.076E-22     1.000E+01
5.00E-01     1.948E-20     1.000E+01
6.00E-01     6.840E-18     1.000E+01
7.00E-01     7.172E-16     1.000E+01
8.00E-01     3.231E-14     1.000E+01
9.00E-01     7.861E-13     1.000E+01
1.00E+00     1.205E-11     1.000E+01
1.25E+00     1.431E-09     1.000E+01
1.50E+00     1.699E-07     1.000E+01
1.75E+00     3.476E-06     1.000E+01
2.00E+00     7.112E-05     1.000E+01
2.50E+00     5.337E-03     1.000E+01
3.00E+00     1.418E-01     1.000E+01
3.50E+00     1.865E+00     1.000E+01
4.00E+00     1.480E+01     1.000E+01
5.00E+00     3.246E+02     1.000E+01
6.00E+00     2.705E+03     1.000E+01
7.00E+00     1.150E+04     1.000E+01
8.00E+00     3.059E+04     1.000E+01
9.00E+00     6.006E+04     1.000E+01
1.00E+01     9.760E+04     1.000E+01
