5        n ti44    p sc44                  taly      1.04900E+00      
1.00E-03     8.261E+06     1.000E+01
2.00E-03     6.993E+06     1.000E+01
3.00E-03     5.919E+06     1.000E+01
4.00E-03     5.011E+06     1.000E+01
5.00E-03     4.242E+06     1.000E+01
6.00E-03     4.025E+06     1.000E+01
7.00E-03     3.820E+06     1.000E+01
8.00E-03     3.625E+06     1.000E+01
9.00E-03     3.441E+06     1.000E+01
1.00E-02     3.265E+06     1.000E+01
1.10E-02     3.237E+06     1.000E+01
1.20E-02     3.210E+06     1.000E+01
1.30E-02     3.182E+06     1.000E+01
1.40E-02     3.155E+06     1.000E+01
1.50E-02     3.128E+06     1.000E+01
1.60E-02     3.101E+06     1.000E+01
1.80E-02     3.048E+06     1.000E+01
2.00E-02     2.996E+06     1.000E+01
2.50E-02     2.870E+06     1.000E+01
3.00E-02     2.750E+06     1.000E+01
4.00E-02     2.523E+06     1.000E+01
5.00E-02     2.315E+06     1.000E+01
6.00E-02     2.296E+06     1.000E+01
7.00E-02     2.277E+06     1.000E+01
8.00E-02     2.258E+06     1.000E+01
9.00E-02     2.239E+06     1.000E+01
1.00E-01     2.221E+06     1.000E+01
1.10E-01     2.223E+06     1.000E+01
1.20E-01     2.226E+06     1.000E+01
1.30E-01     2.229E+06     1.000E+01
1.40E-01     2.232E+06     1.000E+01
1.50E-01     2.234E+06     1.000E+01
1.60E-01     2.247E+06     1.000E+01
1.80E-01     2.271E+06     1.000E+01
2.00E-01     2.296E+06     1.000E+01
2.50E-01     2.385E+06     1.000E+01
3.00E-01     2.490E+06     1.000E+01
3.50E-01     2.611E+06     1.000E+01
4.00E-01     2.738E+06     1.000E+01
4.50E-01     2.883E+06     1.000E+01
5.00E-01     3.036E+06     1.000E+01
6.00E-01     3.389E+06     1.000E+01
7.00E-01     3.804E+06     1.000E+01
8.00E-01     4.287E+06     1.000E+01
9.00E-01     4.843E+06     1.000E+01
1.00E+00     5.481E+06     1.000E+01
1.25E+00     7.499E+06     1.000E+01
1.50E+00     1.026E+07     1.000E+01
1.75E+00     1.402E+07     1.000E+01
2.00E+00     1.916E+07     1.000E+01
2.50E+00     3.453E+07     1.000E+01
3.00E+00     5.801E+07     1.000E+01
3.50E+00     9.004E+07     1.000E+01
4.00E+00     1.302E+08     1.000E+01
5.00E+00     2.316E+08     1.000E+01
6.00E+00     3.493E+08     1.000E+01
7.00E+00     4.454E+08     1.000E+01
8.00E+00     4.551E+08     1.000E+01
9.00E+00     3.786E+08     1.000E+01
1.00E+01     2.871E+08     1.000E+01
