5        n ti45    p sc45                  taly      2.84400E+00      
1.00E-03     1.195E+09     1.000E+01
2.00E-03     1.138E+09     1.000E+01
3.00E-03     1.083E+09     1.000E+01
4.00E-03     1.032E+09     1.000E+01
5.00E-03     9.828E+08     1.000E+01
6.00E-03     9.554E+08     1.000E+01
7.00E-03     9.287E+08     1.000E+01
8.00E-03     9.027E+08     1.000E+01
9.00E-03     8.775E+08     1.000E+01
1.00E-02     8.530E+08     1.000E+01
1.10E-02     8.455E+08     1.000E+01
1.20E-02     8.381E+08     1.000E+01
1.30E-02     8.308E+08     1.000E+01
1.40E-02     8.235E+08     1.000E+01
1.50E-02     8.163E+08     1.000E+01
1.60E-02     8.092E+08     1.000E+01
1.80E-02     7.951E+08     1.000E+01
2.00E-02     7.812E+08     1.000E+01
2.50E-02     7.476E+08     1.000E+01
3.00E-02     7.154E+08     1.000E+01
4.00E-02     6.552E+08     1.000E+01
5.00E-02     6.001E+08     1.000E+01
6.00E-02     5.817E+08     1.000E+01
7.00E-02     5.639E+08     1.000E+01
8.00E-02     5.466E+08     1.000E+01
9.00E-02     5.298E+08     1.000E+01
1.00E-01     5.136E+08     1.000E+01
1.10E-01     5.050E+08     1.000E+01
1.20E-01     4.964E+08     1.000E+01
1.30E-01     4.881E+08     1.000E+01
1.40E-01     4.798E+08     1.000E+01
1.50E-01     4.718E+08     1.000E+01
1.60E-01     4.668E+08     1.000E+01
1.80E-01     4.570E+08     1.000E+01
2.00E-01     4.474E+08     1.000E+01
2.50E-01     4.312E+08     1.000E+01
3.00E-01     4.192E+08     1.000E+01
3.50E-01     4.102E+08     1.000E+01
4.00E-01     4.015E+08     1.000E+01
4.50E-01     3.951E+08     1.000E+01
5.00E-01     3.889E+08     1.000E+01
6.00E-01     3.799E+08     1.000E+01
7.00E-01     3.736E+08     1.000E+01
8.00E-01     3.693E+08     1.000E+01
9.00E-01     3.667E+08     1.000E+01
1.00E+00     3.654E+08     1.000E+01
1.25E+00     3.681E+08     1.000E+01
1.50E+00     3.708E+08     1.000E+01
1.75E+00     3.786E+08     1.000E+01
2.00E+00     3.866E+08     1.000E+01
2.50E+00     4.070E+08     1.000E+01
3.00E+00     4.299E+08     1.000E+01
3.50E+00     4.544E+08     1.000E+01
4.00E+00     4.794E+08     1.000E+01
5.00E+00     5.215E+08     1.000E+01
6.00E+00     5.271E+08     1.000E+01
7.00E+00     4.761E+08     1.000E+01
8.00E+00     3.911E+08     1.000E+01
9.00E+00     3.091E+08     1.000E+01
1.00E+01     2.459E+08     1.000E+01
