5        n ti40  he4 ca37                  taly      9.93200E+00      
1.00E-03     8.565E+06     1.000E+01
2.00E-03     8.603E+06     1.000E+01
3.00E-03     8.640E+06     1.000E+01
4.00E-03     8.678E+06     1.000E+01
5.00E-03     8.716E+06     1.000E+01
6.00E-03     8.647E+06     1.000E+01
7.00E-03     8.579E+06     1.000E+01
8.00E-03     8.511E+06     1.000E+01
9.00E-03     8.444E+06     1.000E+01
1.00E-02     8.377E+06     1.000E+01
1.10E-02     8.365E+06     1.000E+01
1.20E-02     8.352E+06     1.000E+01
1.30E-02     8.340E+06     1.000E+01
1.40E-02     8.328E+06     1.000E+01
1.50E-02     8.316E+06     1.000E+01
1.60E-02     8.304E+06     1.000E+01
1.80E-02     8.279E+06     1.000E+01
2.00E-02     8.255E+06     1.000E+01
2.50E-02     8.195E+06     1.000E+01
3.00E-02     8.135E+06     1.000E+01
4.00E-02     8.017E+06     1.000E+01
5.00E-02     7.900E+06     1.000E+01
6.00E-02     7.851E+06     1.000E+01
7.00E-02     7.802E+06     1.000E+01
8.00E-02     7.753E+06     1.000E+01
9.00E-02     7.705E+06     1.000E+01
1.00E-01     7.657E+06     1.000E+01
1.10E-01     7.627E+06     1.000E+01
1.20E-01     7.596E+06     1.000E+01
1.30E-01     7.566E+06     1.000E+01
1.40E-01     7.536E+06     1.000E+01
1.50E-01     7.507E+06     1.000E+01
1.60E-01     7.488E+06     1.000E+01
1.80E-01     7.451E+06     1.000E+01
2.00E-01     7.414E+06     1.000E+01
2.50E-01     7.352E+06     1.000E+01
3.00E-01     7.302E+06     1.000E+01
3.50E-01     7.256E+06     1.000E+01
4.00E-01     7.211E+06     1.000E+01
4.50E-01     7.169E+06     1.000E+01
5.00E-01     7.127E+06     1.000E+01
6.00E-01     7.051E+06     1.000E+01
7.00E-01     6.986E+06     1.000E+01
8.00E-01     6.933E+06     1.000E+01
9.00E-01     6.895E+06     1.000E+01
1.00E+00     6.881E+06     1.000E+01
1.25E+00     7.396E+06     1.000E+01
1.50E+00     7.949E+06     1.000E+01
1.75E+00     9.827E+06     1.000E+01
2.00E+00     1.215E+07     1.000E+01
2.50E+00     1.675E+07     1.000E+01
3.00E+00     1.852E+07     1.000E+01
3.50E+00     1.783E+07     1.000E+01
4.00E+00     1.609E+07     1.000E+01
5.00E+00     1.227E+07     1.000E+01
6.00E+00     9.245E+06     1.000E+01
7.00E+00     7.041E+06     1.000E+01
8.00E+00     5.433E+06     1.000E+01
9.00E+00     4.237E+06     1.000E+01
1.00E+01     3.330E+06     1.000E+01
