5        n ti41    p sc41                  taly      1.37260E+01      
1.00E-03     4.380E+07     1.000E+01
2.00E-03     4.398E+07     1.000E+01
3.00E-03     4.416E+07     1.000E+01
4.00E-03     4.435E+07     1.000E+01
5.00E-03     4.453E+07     1.000E+01
6.00E-03     4.417E+07     1.000E+01
7.00E-03     4.381E+07     1.000E+01
8.00E-03     4.346E+07     1.000E+01
9.00E-03     4.311E+07     1.000E+01
1.00E-02     4.277E+07     1.000E+01
1.10E-02     4.270E+07     1.000E+01
1.20E-02     4.263E+07     1.000E+01
1.30E-02     4.257E+07     1.000E+01
1.40E-02     4.250E+07     1.000E+01
1.50E-02     4.244E+07     1.000E+01
1.60E-02     4.237E+07     1.000E+01
1.80E-02     4.224E+07     1.000E+01
2.00E-02     4.211E+07     1.000E+01
2.50E-02     4.178E+07     1.000E+01
3.00E-02     4.146E+07     1.000E+01
4.00E-02     4.083E+07     1.000E+01
5.00E-02     4.020E+07     1.000E+01
6.00E-02     3.993E+07     1.000E+01
7.00E-02     3.966E+07     1.000E+01
8.00E-02     3.939E+07     1.000E+01
9.00E-02     3.913E+07     1.000E+01
1.00E-01     3.886E+07     1.000E+01
1.10E-01     3.869E+07     1.000E+01
1.20E-01     3.852E+07     1.000E+01
1.30E-01     3.835E+07     1.000E+01
1.40E-01     3.819E+07     1.000E+01
1.50E-01     3.802E+07     1.000E+01
1.60E-01     3.791E+07     1.000E+01
1.80E-01     3.770E+07     1.000E+01
2.00E-01     3.748E+07     1.000E+01
2.50E-01     3.711E+07     1.000E+01
3.00E-01     3.680E+07     1.000E+01
3.50E-01     3.652E+07     1.000E+01
4.00E-01     3.624E+07     1.000E+01
4.50E-01     3.598E+07     1.000E+01
5.00E-01     3.572E+07     1.000E+01
6.00E-01     3.524E+07     1.000E+01
7.00E-01     3.480E+07     1.000E+01
8.00E-01     3.440E+07     1.000E+01
9.00E-01     3.398E+07     1.000E+01
1.00E+00     3.353E+07     1.000E+01
1.25E+00     3.120E+07     1.000E+01
1.50E+00     2.904E+07     1.000E+01
1.75E+00     2.471E+07     1.000E+01
2.00E+00     2.102E+07     1.000E+01
2.50E+00     1.388E+07     1.000E+01
3.00E+00     9.208E+06     1.000E+01
3.50E+00     6.329E+06     1.000E+01
4.00E+00     4.516E+06     1.000E+01
5.00E+00     2.530E+06     1.000E+01
6.00E+00     1.569E+06     1.000E+01
7.00E+00     1.052E+06     1.000E+01
8.00E+00     7.469E+05     1.000E+01
9.00E+00     5.534E+05     1.000E+01
1.00E+01     4.226E+05     1.000E+01
