4      he4 ti43 cr47                       taly      7.66500E+00      
1.00E-03     0.000E+00     1.000E+00
2.00E-03     0.000E+00     1.000E+00
3.00E-03     0.000E+00     1.000E+00
4.00E-03     0.000E+00     1.000E+00
5.00E-03     0.000E+00     1.000E+00
6.00E-03     0.000E+00     1.000E+00
7.00E-03     0.000E+00     1.000E+00
8.00E-03     0.000E+00     1.000E+00
9.00E-03     0.000E+00     1.000E+00
1.00E-02     0.000E+00     1.000E+00
1.10E-02     0.000E+00     1.000E+00
1.20E-02     0.000E+00     1.000E+00
1.30E-02     0.000E+00     1.000E+00
1.40E-02     0.000E+00     1.000E+00
1.50E-02     0.000E+00     1.000E+00
1.60E-02     0.000E+00     1.000E+00
1.80E-02     0.000E+00     1.000E+00
2.00E-02     0.000E+00     1.000E+00
2.50E-02     0.000E+00     1.000E+00
3.00E-02     0.000E+00     1.000E+00
4.00E-02     0.000E+00     1.000E+00
5.00E-02     0.000E+00     1.000E+00
6.00E-02     0.000E+00     1.000E+00
7.00E-02     0.000E+00     1.000E+00
8.00E-02     0.000E+00     1.000E+00
9.00E-02     0.000E+00     1.000E+00
1.00E-01     0.000E+00     1.000E+00
1.10E-01     2.290E-89     1.000E+01
1.20E-01     5.244E-79     1.000E+01
1.30E-01     1.201E-68     1.000E+01
1.40E-01     2.750E-58     1.000E+01
1.50E-01     6.296E-48     1.000E+01
1.60E-01     2.060E-46     1.000E+01
1.80E-01     2.205E-43     1.000E+01
2.00E-01     2.360E-40     1.000E+01
2.50E-01     1.127E-35     1.000E+01
3.00E-01     2.241E-32     1.000E+01
3.50E-01     4.536E-30     1.000E+01
4.00E-01     9.180E-28     1.000E+01
4.50E-01     3.921E-26     1.000E+01
5.00E-01     1.674E-24     1.000E+01
6.00E-01     5.181E-22     1.000E+01
7.00E-01     5.019E-20     1.000E+01
8.00E-01     2.172E-18     1.000E+01
9.00E-01     5.240E-17     1.000E+01
1.00E+00     8.125E-16     1.000E+01
1.25E+00     9.981E-14     1.000E+01
1.50E+00     1.226E-11     1.000E+01
1.75E+00     2.419E-10     1.000E+01
2.00E+00     4.772E-09     1.000E+01
2.50E+00     3.036E-07     1.000E+01
3.00E+00     6.672E-06     1.000E+01
3.50E+00     7.372E-05     1.000E+01
4.00E+00     5.054E-04     1.000E+01
5.00E+00     8.949E-03     1.000E+01
6.00E+00     6.439E-02     1.000E+01
7.00E+00     2.480E-01     1.000E+01
8.00E+00     6.216E-01     1.000E+01
9.00E+00     1.177E+00     1.000E+01
1.00E+01     1.862E+00     1.000E+01
