4        n ti46 ti47                       taex      8.88000E+00      
1.00E-03     1.458E+07     1.119E+00
2.00E-03     1.287E+07     1.119E+00
3.00E-03     1.115E+07     1.119E+00
4.00E-03     9.435E+06     1.119E+00
5.00E-03     7.719E+06     1.119E+00
6.00E-03     7.413E+06     1.119E+00
7.00E-03     7.106E+06     1.119E+00
8.00E-03     6.800E+06     1.119E+00
9.00E-03     6.494E+06     1.119E+00
1.00E-02     6.187E+06     1.119E+00
1.10E-02     6.147E+06     1.119E+00
1.20E-02     6.107E+06     1.119E+00
1.30E-02     6.066E+06     1.119E+00
1.40E-02     6.026E+06     1.119E+00
1.50E-02     5.985E+06     1.119E+00
1.60E-02     5.945E+06     1.119E+00
1.80E-02     5.864E+06     1.119E+00
2.00E-02     5.783E+06     1.119E+00
2.50E-02     5.581E+06     1.119E+00
3.00E-02     5.378E+06     1.119E+00
4.00E-02     4.974E+06     1.119E+00
5.00E-02     4.569E+06     1.119E+00
6.00E-02     4.489E+06     1.119E+00
7.00E-02     4.410E+06     1.119E+00
8.00E-02     4.330E+06     1.119E+00
9.00E-02     4.250E+06     1.119E+00
1.00E-01     4.171E+06     1.119E+00
1.10E-01     4.137E+06     1.119E+00
1.20E-01     4.104E+06     1.119E+00
1.30E-01     4.070E+06     1.119E+00
1.40E-01     4.037E+06     1.119E+00
1.50E-01     4.003E+06     1.119E+00
1.60E-01     3.988E+06     1.119E+00
1.80E-01     3.957E+06     1.119E+00
2.00E-01     3.926E+06     1.119E+00
2.50E-01     3.892E+06     1.119E+00
3.00E-01     3.879E+06     1.119E+00
3.50E-01     3.882E+06     1.119E+00
4.00E-01     3.885E+06     1.119E+00
4.50E-01     3.895E+06     1.119E+00
5.00E-01     3.905E+06     1.119E+00
6.00E-01     3.928E+06     1.119E+00
7.00E-01     3.953E+06     1.119E+00
8.00E-01     3.977E+06     1.119E+00
9.00E-01     4.002E+06     1.119E+00
1.00E+00     4.027E+06     1.119E+00
1.25E+00     4.098E+06     1.119E+00
1.50E+00     4.168E+06     1.119E+00
1.75E+00     4.240E+06     1.119E+00
2.00E+00     4.312E+06     1.119E+00
2.50E+00     4.427E+06     1.119E+00
3.00E+00     4.503E+06     1.119E+00
3.50E+00     4.538E+06     1.119E+00
4.00E+00     4.505E+06     1.119E+00
5.00E+00     3.920E+06     1.119E+00
6.00E+00     2.534E+06     1.119E+00
7.00E+00     1.334E+06     1.119E+00
8.00E+00     7.016E+05     1.119E+00
9.00E+00     4.004E+05     1.119E+00
1.00E+01     2.496E+05     1.119E+00
