4        p ti45  v46                       taly      5.35500E+00      
1.00E-03     0.000E+00     1.000E+00
2.00E-03     0.000E+00     1.000E+00
3.00E-03     0.000E+00     1.000E+00
4.00E-03     0.000E+00     1.000E+00
5.00E-03     0.000E+00     1.000E+00
6.00E-03     0.000E+00     1.000E+00
7.00E-03     0.000E+00     1.000E+00
8.00E-03     0.000E+00     1.000E+00
9.00E-03     0.000E+00     1.000E+00
1.00E-02     0.000E+00     1.000E+00
1.10E-02     8.168E-98     1.000E+01
1.20E-02     6.671E-96     1.000E+01
1.30E-02     5.449E-94     1.000E+01
1.40E-02     4.450E-92     1.000E+01
1.50E-02     3.635E-90     1.000E+01
1.60E-02     2.969E-88     1.000E+01
1.80E-02     1.980E-84     1.000E+01
2.00E-02     1.321E-80     1.000E+01
2.50E-02     4.802E-71     1.000E+01
3.00E-02     1.746E-61     1.000E+01
4.00E-02     2.306E-42     1.000E+01
5.00E-02     3.047E-23     1.000E+01
6.00E-02     1.143E-21     1.000E+01
7.00E-02     4.290E-20     1.000E+01
8.00E-02     1.610E-18     1.000E+01
9.00E-02     6.039E-17     1.000E+01
1.00E-01     2.266E-15     1.000E+01
1.10E-01     1.318E-14     1.000E+01
1.20E-01     7.670E-14     1.000E+01
1.30E-01     4.462E-13     1.000E+01
1.40E-01     2.596E-12     1.000E+01
1.50E-01     1.510E-11     1.000E+01
1.60E-01     4.681E-11     1.000E+01
1.80E-01     4.496E-10     1.000E+01
2.00E-01     4.319E-09     1.000E+01
2.50E-01     2.236E-07     1.000E+01
3.00E-01     4.229E-06     1.000E+01
3.50E-01     3.442E-05     1.000E+01
4.00E-01     2.801E-04     1.000E+01
4.50E-01     1.190E-03     1.000E+01
5.00E-01     5.060E-03     1.000E+01
6.00E-01     4.213E-02     1.000E+01
7.00E-01     2.117E-01     1.000E+01
8.00E-01     7.523E-01     1.000E+01
9.00E-01     2.089E+00     1.000E+01
1.00E+00     4.840E+00     1.000E+01
1.25E+00     1.825E+01     1.000E+01
1.50E+00     6.881E+01     1.000E+01
1.75E+00     1.396E+02     1.000E+01
2.00E+00     2.832E+02     1.000E+01
2.50E+00     6.857E+02     1.000E+01
3.00E+00     1.260E+03     1.000E+01
3.50E+00     1.969E+03     1.000E+01
4.00E+00     2.768E+03     1.000E+01
5.00E+00     4.436E+03     1.000E+01
6.00E+00     5.710E+03     1.000E+01
7.00E+00     6.050E+03     1.000E+01
8.00E+00     5.543E+03     1.000E+01
9.00E+00     4.725E+03     1.000E+01
1.00E+01     3.967E+03     1.000E+01
