4        n ti42 ti43                       taly      1.22870E+01      
1.00E-03     8.772E+04     1.000E+01
2.00E-03     8.797E+04     1.000E+01
3.00E-03     8.823E+04     1.000E+01
4.00E-03     8.848E+04     1.000E+01
5.00E-03     8.874E+04     1.000E+01
6.00E-03     8.798E+04     1.000E+01
7.00E-03     8.722E+04     1.000E+01
8.00E-03     8.647E+04     1.000E+01
9.00E-03     8.571E+04     1.000E+01
1.00E-02     8.495E+04     1.000E+01
1.10E-02     8.480E+04     1.000E+01
1.20E-02     8.464E+04     1.000E+01
1.30E-02     8.448E+04     1.000E+01
1.40E-02     8.433E+04     1.000E+01
1.50E-02     8.417E+04     1.000E+01
1.60E-02     8.402E+04     1.000E+01
1.80E-02     8.370E+04     1.000E+01
2.00E-02     8.339E+04     1.000E+01
2.50E-02     8.261E+04     1.000E+01
3.00E-02     8.184E+04     1.000E+01
4.00E-02     8.028E+04     1.000E+01
5.00E-02     7.872E+04     1.000E+01
6.00E-02     7.805E+04     1.000E+01
7.00E-02     7.738E+04     1.000E+01
8.00E-02     7.670E+04     1.000E+01
9.00E-02     7.603E+04     1.000E+01
1.00E-01     7.536E+04     1.000E+01
1.10E-01     7.493E+04     1.000E+01
1.20E-01     7.449E+04     1.000E+01
1.30E-01     7.406E+04     1.000E+01
1.40E-01     7.363E+04     1.000E+01
1.50E-01     7.319E+04     1.000E+01
1.60E-01     7.290E+04     1.000E+01
1.80E-01     7.232E+04     1.000E+01
2.00E-01     7.173E+04     1.000E+01
2.50E-01     7.066E+04     1.000E+01
3.00E-01     6.978E+04     1.000E+01
3.50E-01     6.901E+04     1.000E+01
4.00E-01     6.825E+04     1.000E+01
4.50E-01     6.759E+04     1.000E+01
5.00E-01     6.693E+04     1.000E+01
6.00E-01     6.579E+04     1.000E+01
7.00E-01     6.481E+04     1.000E+01
8.00E-01     6.398E+04     1.000E+01
9.00E-01     6.328E+04     1.000E+01
1.00E+00     6.268E+04     1.000E+01
1.25E+00     6.177E+04     1.000E+01
1.50E+00     6.086E+04     1.000E+01
1.75E+00     6.053E+04     1.000E+01
2.00E+00     6.019E+04     1.000E+01
2.50E+00     6.006E+04     1.000E+01
3.00E+00     6.012E+04     1.000E+01
3.50E+00     6.012E+04     1.000E+01
4.00E+00     5.987E+04     1.000E+01
5.00E+00     5.813E+04     1.000E+01
6.00E+00     5.410E+04     1.000E+01
7.00E+00     4.667E+04     1.000E+01
8.00E+00     3.556E+04     1.000E+01
9.00E+00     2.380E+04     1.000E+01
1.00E+01     1.477E+04     1.000E+01
