4        p ti46  v47                       taly      5.16800E+00      
1.00E-03     0.000E+00     1.000E+00
2.00E-03     0.000E+00     1.000E+00
3.00E-03     0.000E+00     1.000E+00
4.00E-03     0.000E+00     1.000E+00
5.00E-03     0.000E+00     1.000E+00
6.00E-03     0.000E+00     1.000E+00
7.00E-03     0.000E+00     1.000E+00
8.00E-03     0.000E+00     1.000E+00
9.00E-03     0.000E+00     1.000E+00
1.00E-02     0.000E+00     1.000E+00
1.10E-02     8.159E-98     1.000E+01
1.20E-02     6.658E-96     1.000E+01
1.30E-02     5.432E-94     1.000E+01
1.40E-02     4.433E-92     1.000E+01
1.50E-02     3.617E-90     1.000E+01
1.60E-02     2.951E-88     1.000E+01
1.80E-02     1.965E-84     1.000E+01
2.00E-02     1.308E-80     1.000E+01
2.50E-02     4.731E-71     1.000E+01
3.00E-02     1.711E-61     1.000E+01
4.00E-02     2.238E-42     1.000E+01
5.00E-02     2.928E-23     1.000E+01
6.00E-02     1.096E-21     1.000E+01
7.00E-02     4.104E-20     1.000E+01
8.00E-02     1.537E-18     1.000E+01
9.00E-02     5.753E-17     1.000E+01
1.00E-01     2.154E-15     1.000E+01
1.10E-01     1.238E-14     1.000E+01
1.20E-01     7.119E-14     1.000E+01
1.30E-01     4.092E-13     1.000E+01
1.40E-01     2.352E-12     1.000E+01
1.50E-01     1.352E-11     1.000E+01
1.60E-01     4.060E-11     1.000E+01
1.80E-01     3.661E-10     1.000E+01
2.00E-01     3.300E-09     1.000E+01
2.50E-01     1.625E-07     1.000E+01
3.00E-01     3.136E-06     1.000E+01
3.50E-01     2.648E-05     1.000E+01
4.00E-01     2.236E-04     1.000E+01
4.50E-01     9.797E-04     1.000E+01
5.00E-01     4.293E-03     1.000E+01
6.00E-01     3.760E-02     1.000E+01
7.00E-01     1.979E-01     1.000E+01
8.00E-01     7.350E-01     1.000E+01
9.00E-01     2.132E+00     1.000E+01
1.00E+00     5.154E+00     1.000E+01
1.25E+00     2.153E+01     1.000E+01
1.50E+00     8.995E+01     1.000E+01
1.75E+00     2.002E+02     1.000E+01
2.00E+00     4.458E+02     1.000E+01
2.50E+00     1.269E+03     1.000E+01
3.00E+00     2.676E+03     1.000E+01
3.50E+00     4.682E+03     1.000E+01
4.00E+00     7.176E+03     1.000E+01
5.00E+00     1.188E+04     1.000E+01
6.00E+00     1.210E+04     1.000E+01
7.00E+00     9.010E+03     1.000E+01
8.00E+00     6.260E+03     1.000E+01
9.00E+00     4.513E+03     1.000E+01
1.00E+01     3.444E+03     1.000E+01
