4        p ti43  v44                       taly      2.08400E+00      
1.00E-03     0.000E+00     1.000E+00
2.00E-03     0.000E+00     1.000E+00
3.00E-03     0.000E+00     1.000E+00
4.00E-03     0.000E+00     1.000E+00
5.00E-03     0.000E+00     1.000E+00
6.00E-03     0.000E+00     1.000E+00
7.00E-03     0.000E+00     1.000E+00
8.00E-03     0.000E+00     1.000E+00
9.00E-03     0.000E+00     1.000E+00
1.00E-02     0.000E+00     1.000E+00
1.10E-02     8.141E-98     1.000E+01
1.20E-02     6.627E-96     1.000E+01
1.30E-02     5.395E-94     1.000E+01
1.40E-02     4.392E-92     1.000E+01
1.50E-02     3.575E-90     1.000E+01
1.60E-02     2.911E-88     1.000E+01
1.80E-02     1.929E-84     1.000E+01
2.00E-02     1.278E-80     1.000E+01
2.50E-02     4.570E-71     1.000E+01
3.00E-02     1.634E-61     1.000E+01
4.00E-02     2.089E-42     1.000E+01
5.00E-02     2.670E-23     1.000E+01
6.00E-02     1.008E-21     1.000E+01
7.00E-02     3.804E-20     1.000E+01
8.00E-02     1.436E-18     1.000E+01
9.00E-02     5.420E-17     1.000E+01
1.00E-01     2.046E-15     1.000E+01
1.10E-01     1.180E-14     1.000E+01
1.20E-01     6.811E-14     1.000E+01
1.30E-01     3.930E-13     1.000E+01
1.40E-01     2.267E-12     1.000E+01
1.50E-01     1.308E-11     1.000E+01
1.60E-01     3.935E-11     1.000E+01
1.80E-01     3.560E-10     1.000E+01
2.00E-01     3.221E-09     1.000E+01
2.50E-01     1.556E-07     1.000E+01
3.00E-01     2.816E-06     1.000E+01
3.50E-01     2.109E-05     1.000E+01
4.00E-01     1.580E-04     1.000E+01
4.50E-01     5.956E-04     1.000E+01
5.00E-01     2.246E-03     1.000E+01
6.00E-01     1.470E-02     1.000E+01
7.00E-01     5.965E-02     1.000E+01
8.00E-01     1.769E-01     1.000E+01
9.00E-01     4.219E-01     1.000E+01
1.00E+00     8.605E-01     1.000E+01
1.25E+00     2.654E+00     1.000E+01
1.50E+00     8.184E+00     1.000E+01
1.75E+00     1.503E+01     1.000E+01
2.00E+00     2.759E+01     1.000E+01
2.50E+00     5.991E+01     1.000E+01
3.00E+00     1.037E+02     1.000E+01
3.50E+00     1.575E+02     1.000E+01
4.00E+00     2.200E+02     1.000E+01
5.00E+00     3.628E+02     1.000E+01
6.00E+00     4.955E+02     1.000E+01
7.00E+00     5.723E+02     1.000E+01
8.00E+00     5.881E+02     1.000E+01
9.00E+00     5.714E+02     1.000E+01
1.00E+01     5.461E+02     1.000E+01
