5      he4 ti42    p  v45                  taly      1.91200E+00      
1.00E-03     0.000E+00     1.000E+00
2.00E-03     0.000E+00     1.000E+00
3.00E-03     0.000E+00     1.000E+00
4.00E-03     0.000E+00     1.000E+00
5.00E-03     0.000E+00     1.000E+00
6.00E-03     0.000E+00     1.000E+00
7.00E-03     0.000E+00     1.000E+00
8.00E-03     0.000E+00     1.000E+00
9.00E-03     0.000E+00     1.000E+00
1.00E-02     0.000E+00     1.000E+00
1.10E-02     0.000E+00     1.000E+00
1.20E-02     0.000E+00     1.000E+00
1.30E-02     0.000E+00     1.000E+00
1.40E-02     0.000E+00     1.000E+00
1.50E-02     0.000E+00     1.000E+00
1.60E-02     0.000E+00     1.000E+00
1.80E-02     0.000E+00     1.000E+00
2.00E-02     0.000E+00     1.000E+00
2.50E-02     0.000E+00     1.000E+00
3.00E-02     0.000E+00     1.000E+00
4.00E-02     0.000E+00     1.000E+00
5.00E-02     0.000E+00     1.000E+00
6.00E-02     0.000E+00     1.000E+00
7.00E-02     0.000E+00     1.000E+00
8.00E-02     0.000E+00     1.000E+00
9.00E-02     0.000E+00     1.000E+00
1.00E-01     0.000E+00     1.000E+00
1.10E-01     1.406E-88     1.000E+01
1.20E-01     1.977E-77     1.000E+01
1.30E-01     2.779E-66     1.000E+01
1.40E-01     3.908E-55     1.000E+01
1.50E-01     5.494E-44     1.000E+01
1.60E-01     1.633E-42     1.000E+01
1.80E-01     1.443E-39     1.000E+01
2.00E-01     1.275E-36     1.000E+01
2.50E-01     5.338E-32     1.000E+01
3.00E-01     1.151E-28     1.000E+01
3.50E-01     2.747E-26     1.000E+01
4.00E-01     6.557E-24     1.000E+01
4.50E-01     3.137E-22     1.000E+01
5.00E-01     1.501E-20     1.000E+01
6.00E-01     5.380E-18     1.000E+01
7.00E-01     5.802E-16     1.000E+01
8.00E-01     2.712E-14     1.000E+01
9.00E-01     6.899E-13     1.000E+01
1.00E+00     1.110E-11     1.000E+01
1.25E+00     1.406E-09     1.000E+01
1.50E+00     1.782E-07     1.000E+01
1.75E+00     3.445E-06     1.000E+01
2.00E+00     6.660E-05     1.000E+01
2.50E+00     3.948E-03     1.000E+01
3.00E+00     8.049E-02     1.000E+01
3.50E+00     8.243E-01     1.000E+01
4.00E+00     5.233E+00     1.000E+01
5.00E+00     8.008E+01     1.000E+01
6.00E+00     5.186E+02     1.000E+01
7.00E+00     1.863E+03     1.000E+01
8.00E+00     4.216E+03     1.000E+01
9.00E+00     6.653E+03     1.000E+01
1.00E+01     8.273E+03     1.000E+01
