4        n ti43 ti44                       taly      1.62990E+01      
1.00E-03     5.729E+05     1.000E+01
2.00E-03     5.749E+05     1.000E+01
3.00E-03     5.768E+05     1.000E+01
4.00E-03     5.787E+05     1.000E+01
5.00E-03     5.807E+05     1.000E+01
6.00E-03     5.758E+05     1.000E+01
7.00E-03     5.710E+05     1.000E+01
8.00E-03     5.662E+05     1.000E+01
9.00E-03     5.613E+05     1.000E+01
1.00E-02     5.565E+05     1.000E+01
1.10E-02     5.555E+05     1.000E+01
1.20E-02     5.545E+05     1.000E+01
1.30E-02     5.536E+05     1.000E+01
1.40E-02     5.526E+05     1.000E+01
1.50E-02     5.516E+05     1.000E+01
1.60E-02     5.506E+05     1.000E+01
1.80E-02     5.487E+05     1.000E+01
2.00E-02     5.468E+05     1.000E+01
2.50E-02     5.419E+05     1.000E+01
3.00E-02     5.370E+05     1.000E+01
4.00E-02     5.273E+05     1.000E+01
5.00E-02     5.176E+05     1.000E+01
6.00E-02     5.133E+05     1.000E+01
7.00E-02     5.090E+05     1.000E+01
8.00E-02     5.047E+05     1.000E+01
9.00E-02     5.004E+05     1.000E+01
1.00E-01     4.961E+05     1.000E+01
1.10E-01     4.933E+05     1.000E+01
1.20E-01     4.905E+05     1.000E+01
1.30E-01     4.877E+05     1.000E+01
1.40E-01     4.848E+05     1.000E+01
1.50E-01     4.820E+05     1.000E+01
1.60E-01     4.801E+05     1.000E+01
1.80E-01     4.762E+05     1.000E+01
2.00E-01     4.723E+05     1.000E+01
2.50E-01     4.650E+05     1.000E+01
3.00E-01     4.588E+05     1.000E+01
3.50E-01     4.534E+05     1.000E+01
4.00E-01     4.479E+05     1.000E+01
4.50E-01     4.431E+05     1.000E+01
5.00E-01     4.383E+05     1.000E+01
6.00E-01     4.297E+05     1.000E+01
7.00E-01     4.220E+05     1.000E+01
8.00E-01     4.153E+05     1.000E+01
9.00E-01     4.092E+05     1.000E+01
1.00E+00     4.039E+05     1.000E+01
1.25E+00     3.940E+05     1.000E+01
1.50E+00     3.841E+05     1.000E+01
1.75E+00     3.783E+05     1.000E+01
2.00E+00     3.725E+05     1.000E+01
2.50E+00     3.659E+05     1.000E+01
3.00E+00     3.623E+05     1.000E+01
3.50E+00     3.602E+05     1.000E+01
4.00E+00     3.580E+05     1.000E+01
5.00E+00     3.450E+05     1.000E+01
6.00E+00     3.064E+05     1.000E+01
7.00E+00     2.432E+05     1.000E+01
8.00E+00     1.765E+05     1.000E+01
9.00E+00     1.225E+05     1.000E+01
1.00E+01     8.403E+04     1.000E+01
