4        n ti44 ti45                       taly      9.53100E+00      
1.00E-03     1.542E+07     1.000E+01
2.00E-03     1.356E+07     1.000E+01
3.00E-03     1.169E+07     1.000E+01
4.00E-03     9.824E+06     1.000E+01
5.00E-03     7.958E+06     1.000E+01
6.00E-03     7.603E+06     1.000E+01
7.00E-03     7.247E+06     1.000E+01
8.00E-03     6.892E+06     1.000E+01
9.00E-03     6.537E+06     1.000E+01
1.00E-02     6.182E+06     1.000E+01
1.10E-02     6.138E+06     1.000E+01
1.20E-02     6.093E+06     1.000E+01
1.30E-02     6.049E+06     1.000E+01
1.40E-02     6.004E+06     1.000E+01
1.50E-02     5.960E+06     1.000E+01
1.60E-02     5.915E+06     1.000E+01
1.80E-02     5.827E+06     1.000E+01
2.00E-02     5.738E+06     1.000E+01
2.50E-02     5.515E+06     1.000E+01
3.00E-02     5.293E+06     1.000E+01
4.00E-02     4.848E+06     1.000E+01
5.00E-02     4.403E+06     1.000E+01
6.00E-02     4.336E+06     1.000E+01
7.00E-02     4.270E+06     1.000E+01
8.00E-02     4.203E+06     1.000E+01
9.00E-02     4.136E+06     1.000E+01
1.00E-01     4.069E+06     1.000E+01
1.10E-01     4.040E+06     1.000E+01
1.20E-01     4.011E+06     1.000E+01
1.30E-01     3.982E+06     1.000E+01
1.40E-01     3.953E+06     1.000E+01
1.50E-01     3.924E+06     1.000E+01
1.60E-01     3.910E+06     1.000E+01
1.80E-01     3.882E+06     1.000E+01
2.00E-01     3.854E+06     1.000E+01
2.50E-01     3.822E+06     1.000E+01
3.00E-01     3.806E+06     1.000E+01
3.50E-01     3.799E+06     1.000E+01
4.00E-01     3.792E+06     1.000E+01
4.50E-01     3.789E+06     1.000E+01
5.00E-01     3.785E+06     1.000E+01
6.00E-01     3.781E+06     1.000E+01
7.00E-01     3.778E+06     1.000E+01
8.00E-01     3.776E+06     1.000E+01
9.00E-01     3.775E+06     1.000E+01
1.00E+00     3.774E+06     1.000E+01
1.25E+00     3.774E+06     1.000E+01
1.50E+00     3.774E+06     1.000E+01
1.75E+00     3.767E+06     1.000E+01
2.00E+00     3.760E+06     1.000E+01
2.50E+00     3.715E+06     1.000E+01
3.00E+00     3.634E+06     1.000E+01
3.50E+00     3.520E+06     1.000E+01
4.00E+00     3.383E+06     1.000E+01
5.00E+00     3.063E+06     1.000E+01
6.00E+00     2.678E+06     1.000E+01
7.00E+00     2.144E+06     1.000E+01
8.00E+00     1.438E+06     1.000E+01
9.00E+00     8.047E+05     1.000E+01
1.00E+01     4.193E+05     1.000E+01
