4      he4  v46 mn50                       taly      7.97700E+00      
1.00E-03     0.000E+00     1.000E+00
2.00E-03     0.000E+00     1.000E+00
3.00E-03     0.000E+00     1.000E+00
4.00E-03     0.000E+00     1.000E+00
5.00E-03     0.000E+00     1.000E+00
6.00E-03     0.000E+00     1.000E+00
7.00E-03     0.000E+00     1.000E+00
8.00E-03     0.000E+00     1.000E+00
9.00E-03     0.000E+00     1.000E+00
1.00E-02     0.000E+00     1.000E+00
1.10E-02     0.000E+00     1.000E+00
1.20E-02     0.000E+00     1.000E+00
1.30E-02     0.000E+00     1.000E+00
1.40E-02     0.000E+00     1.000E+00
1.50E-02     0.000E+00     1.000E+00
1.60E-02     0.000E+00     1.000E+00
1.80E-02     0.000E+00     1.000E+00
2.00E-02     0.000E+00     1.000E+00
2.50E-02     0.000E+00     1.000E+00
3.00E-02     0.000E+00     1.000E+00
4.00E-02     0.000E+00     1.000E+00
5.00E-02     0.000E+00     1.000E+00
6.00E-02     0.000E+00     1.000E+00
7.00E-02     0.000E+00     1.000E+00
8.00E-02     0.000E+00     1.000E+00
9.00E-02     0.000E+00     1.000E+00
1.00E-01     0.000E+00     1.000E+00
1.10E-01     8.020E-90     1.000E+01
1.20E-01     6.432E-80     1.000E+01
1.30E-01     5.159E-70     1.000E+01
1.40E-01     4.138E-60     1.000E+01
1.50E-01     3.319E-50     1.000E+01
1.60E-01     1.467E-48     1.000E+01
1.80E-01     2.869E-45     1.000E+01
2.00E-01     5.611E-42     1.000E+01
2.50E-01     5.827E-37     1.000E+01
3.00E-01     1.764E-33     1.000E+01
3.50E-01     4.490E-31     1.000E+01
4.00E-01     1.143E-28     1.000E+01
4.50E-01     5.685E-27     1.000E+01
5.00E-01     2.828E-25     1.000E+01
6.00E-01     1.092E-22     1.000E+01
7.00E-01     1.248E-20     1.000E+01
8.00E-01     6.124E-19     1.000E+01
9.00E-01     1.627E-17     1.000E+01
1.00E+00     2.725E-16     1.000E+01
1.25E+00     3.786E-14     1.000E+01
1.50E+00     5.260E-12     1.000E+01
1.75E+00     1.113E-10     1.000E+01
2.00E+00     2.357E-09     1.000E+01
2.50E+00     1.681E-07     1.000E+01
3.00E+00     4.080E-06     1.000E+01
3.50E+00     4.820E-05     1.000E+01
4.00E+00     3.360E-04     1.000E+01
5.00E+00     5.305E-03     1.000E+01
6.00E+00     3.164E-02     1.000E+01
7.00E+00     1.081E-01     1.000E+01
8.00E+00     2.653E-01     1.000E+01
9.00E+00     5.258E-01     1.000E+01
1.00E+01     8.962E-01     1.000E+01
