5        n  v45  he4 sc42                  taly      5.88600E+00      
1.00E-03     5.916E+05     1.000E+01
2.00E-03     5.929E+05     1.000E+01
3.00E-03     5.943E+05     1.000E+01
4.00E-03     5.956E+05     1.000E+01
5.00E-03     5.969E+05     1.000E+01
6.00E-03     5.916E+05     1.000E+01
7.00E-03     5.863E+05     1.000E+01
8.00E-03     5.810E+05     1.000E+01
9.00E-03     5.758E+05     1.000E+01
1.00E-02     5.706E+05     1.000E+01
1.10E-02     5.695E+05     1.000E+01
1.20E-02     5.684E+05     1.000E+01
1.30E-02     5.673E+05     1.000E+01
1.40E-02     5.662E+05     1.000E+01
1.50E-02     5.651E+05     1.000E+01
1.60E-02     5.640E+05     1.000E+01
1.80E-02     5.618E+05     1.000E+01
2.00E-02     5.596E+05     1.000E+01
2.50E-02     5.541E+05     1.000E+01
3.00E-02     5.487E+05     1.000E+01
4.00E-02     5.381E+05     1.000E+01
5.00E-02     5.276E+05     1.000E+01
6.00E-02     5.234E+05     1.000E+01
7.00E-02     5.192E+05     1.000E+01
8.00E-02     5.150E+05     1.000E+01
9.00E-02     5.109E+05     1.000E+01
1.00E-01     5.068E+05     1.000E+01
1.10E-01     5.049E+05     1.000E+01
1.20E-01     5.029E+05     1.000E+01
1.30E-01     5.010E+05     1.000E+01
1.40E-01     4.991E+05     1.000E+01
1.50E-01     4.973E+05     1.000E+01
1.60E-01     4.971E+05     1.000E+01
1.80E-01     4.967E+05     1.000E+01
2.00E-01     4.963E+05     1.000E+01
2.50E-01     4.998E+05     1.000E+01
3.00E-01     5.049E+05     1.000E+01
3.50E-01     5.104E+05     1.000E+01
4.00E-01     5.159E+05     1.000E+01
4.50E-01     5.220E+05     1.000E+01
5.00E-01     5.281E+05     1.000E+01
6.00E-01     5.427E+05     1.000E+01
7.00E-01     5.602E+05     1.000E+01
8.00E-01     5.808E+05     1.000E+01
9.00E-01     6.039E+05     1.000E+01
1.00E+00     6.294E+05     1.000E+01
1.25E+00     7.031E+05     1.000E+01
1.50E+00     7.853E+05     1.000E+01
1.75E+00     8.796E+05     1.000E+01
2.00E+00     9.851E+05     1.000E+01
2.50E+00     1.237E+06     1.000E+01
3.00E+00     1.553E+06     1.000E+01
3.50E+00     1.944E+06     1.000E+01
4.00E+00     2.416E+06     1.000E+01
5.00E+00     3.599E+06     1.000E+01
6.00E+00     5.067E+06     1.000E+01
7.00E+00     6.714E+06     1.000E+01
8.00E+00     8.239E+06     1.000E+01
9.00E+00     8.965E+06     1.000E+01
1.00E+01     8.230E+06     1.000E+01
