4        p  v44 cr45                       taly      2.68800E+00      
1.00E-03     0.000E+00     1.000E+00
2.00E-03     0.000E+00     1.000E+00
3.00E-03     0.000E+00     1.000E+00
4.00E-03     0.000E+00     1.000E+00
5.00E-03     0.000E+00     1.000E+00
6.00E-03     0.000E+00     1.000E+00
7.00E-03     0.000E+00     1.000E+00
8.00E-03     0.000E+00     1.000E+00
9.00E-03     0.000E+00     1.000E+00
1.00E-02     0.000E+00     1.000E+00
1.10E-02     7.648E-98     1.000E+01
1.20E-02     5.850E-96     1.000E+01
1.30E-02     4.474E-94     1.000E+01
1.40E-02     3.422E-92     1.000E+01
1.50E-02     2.617E-90     1.000E+01
1.60E-02     2.002E-88     1.000E+01
1.80E-02     1.171E-84     1.000E+01
2.00E-02     6.850E-81     1.000E+01
2.50E-02     1.793E-71     1.000E+01
3.00E-02     4.692E-62     1.000E+01
4.00E-02     3.214E-43     1.000E+01
5.00E-02     2.201E-24     1.000E+01
6.00E-02     9.460E-23     1.000E+01
7.00E-02     4.065E-21     1.000E+01
8.00E-02     1.747E-19     1.000E+01
9.00E-02     7.506E-18     1.000E+01
1.00E-01     3.225E-16     1.000E+01
1.10E-01     1.967E-15     1.000E+01
1.20E-01     1.199E-14     1.000E+01
1.30E-01     7.310E-14     1.000E+01
1.40E-01     4.457E-13     1.000E+01
1.50E-01     2.717E-12     1.000E+01
1.60E-01     8.473E-12     1.000E+01
1.80E-01     8.239E-11     1.000E+01
2.00E-01     8.012E-10     1.000E+01
2.50E-01     4.482E-08     1.000E+01
3.00E-01     9.330E-07     1.000E+01
3.50E-01     8.011E-06     1.000E+01
4.00E-01     6.879E-05     1.000E+01
4.50E-01     2.929E-04     1.000E+01
5.00E-01     1.248E-03     1.000E+01
6.00E-01     9.959E-03     1.000E+01
7.00E-01     4.720E-02     1.000E+01
8.00E-01     1.571E-01     1.000E+01
9.00E-01     4.045E-01     1.000E+01
1.00E+00     8.532E-01     1.000E+01
1.25E+00     2.074E+00     1.000E+01
1.50E+00     5.041E+00     1.000E+01
1.75E+00     6.093E+00     1.000E+01
2.00E+00     7.364E+00     1.000E+01
2.50E+00     8.348E+00     1.000E+01
3.00E+00     9.064E+00     1.000E+01
3.50E+00     9.749E+00     1.000E+01
4.00E+00     1.046E+01     1.000E+01
5.00E+00     1.200E+01     1.000E+01
6.00E+00     1.377E+01     1.000E+01
7.00E+00     1.580E+01     1.000E+01
8.00E+00     1.809E+01     1.000E+01
9.00E+00     2.061E+01     1.000E+01
1.00E+01     2.333E+01     1.000E+01
