5      he4  v49    p cr52                  taly      2.59300E+00      
1.00E-03     0.000E+00     1.000E+00
2.00E-03     0.000E+00     1.000E+00
3.00E-03     0.000E+00     1.000E+00
4.00E-03     0.000E+00     1.000E+00
5.00E-03     0.000E+00     1.000E+00
6.00E-03     0.000E+00     1.000E+00
7.00E-03     0.000E+00     1.000E+00
8.00E-03     0.000E+00     1.000E+00
9.00E-03     0.000E+00     1.000E+00
1.00E-02     0.000E+00     1.000E+00
1.10E-02     0.000E+00     1.000E+00
1.20E-02     0.000E+00     1.000E+00
1.30E-02     0.000E+00     1.000E+00
1.40E-02     0.000E+00     1.000E+00
1.50E-02     0.000E+00     1.000E+00
1.60E-02     0.000E+00     1.000E+00
1.80E-02     0.000E+00     1.000E+00
2.00E-02     0.000E+00     1.000E+00
2.50E-02     0.000E+00     1.000E+00
3.00E-02     0.000E+00     1.000E+00
4.00E-02     0.000E+00     1.000E+00
5.00E-02     0.000E+00     1.000E+00
6.00E-02     0.000E+00     1.000E+00
7.00E-02     0.000E+00     1.000E+00
8.00E-02     0.000E+00     1.000E+00
9.00E-02     0.000E+00     1.000E+00
1.00E-01     0.000E+00     1.000E+00
1.10E-01     4.542E-89     1.000E+01
1.20E-01     2.063E-78     1.000E+01
1.30E-01     9.371E-68     1.000E+01
1.40E-01     4.256E-57     1.000E+01
1.50E-01     1.933E-46     1.000E+01
1.60E-01     7.118E-45     1.000E+01
1.80E-01     9.649E-42     1.000E+01
2.00E-01     1.308E-38     1.000E+01
2.50E-01     1.019E-33     1.000E+01
3.00E-01     3.295E-30     1.000E+01
3.50E-01     1.023E-27     1.000E+01
4.00E-01     3.173E-25     1.000E+01
4.50E-01     1.823E-23     1.000E+01
5.00E-01     1.048E-21     1.000E+01
6.00E-01     5.019E-19     1.000E+01
7.00E-01     6.905E-17     1.000E+01
8.00E-01     4.000E-15     1.000E+01
9.00E-01     1.229E-13     1.000E+01
1.00E+00     2.319E-12     1.000E+01
1.25E+00     3.714E-10     1.000E+01
1.50E+00     5.949E-08     1.000E+01
1.75E+00     1.278E-06     1.000E+01
2.00E+00     2.747E-05     1.000E+01
2.50E+00     1.924E-03     1.000E+01
3.00E+00     4.723E-02     1.000E+01
3.50E+00     5.907E-01     1.000E+01
4.00E+00     4.548E+00     1.000E+01
5.00E+00     9.366E+01     1.000E+01
6.00E+00     7.061E+02     1.000E+01
7.00E+00     2.806E+03     1.000E+01
8.00E+00     7.602E+03     1.000E+01
9.00E+00     1.632E+04     1.000E+01
1.00E+01     2.999E+04     1.000E+01
