5        n  v46  he4 sc43                  taly      4.75900E+00      
1.00E-03     3.258E+05     1.000E+01
2.00E-03     3.261E+05     1.000E+01
3.00E-03     3.264E+05     1.000E+01
4.00E-03     3.268E+05     1.000E+01
5.00E-03     3.271E+05     1.000E+01
6.00E-03     3.240E+05     1.000E+01
7.00E-03     3.209E+05     1.000E+01
8.00E-03     3.178E+05     1.000E+01
9.00E-03     3.148E+05     1.000E+01
1.00E-02     3.118E+05     1.000E+01
1.10E-02     3.111E+05     1.000E+01
1.20E-02     3.104E+05     1.000E+01
1.30E-02     3.097E+05     1.000E+01
1.40E-02     3.091E+05     1.000E+01
1.50E-02     3.084E+05     1.000E+01
1.60E-02     3.077E+05     1.000E+01
1.80E-02     3.064E+05     1.000E+01
2.00E-02     3.051E+05     1.000E+01
2.50E-02     3.018E+05     1.000E+01
3.00E-02     2.985E+05     1.000E+01
4.00E-02     2.921E+05     1.000E+01
5.00E-02     2.859E+05     1.000E+01
6.00E-02     2.835E+05     1.000E+01
7.00E-02     2.811E+05     1.000E+01
8.00E-02     2.788E+05     1.000E+01
9.00E-02     2.764E+05     1.000E+01
1.00E-01     2.741E+05     1.000E+01
1.10E-01     2.729E+05     1.000E+01
1.20E-01     2.716E+05     1.000E+01
1.30E-01     2.704E+05     1.000E+01
1.40E-01     2.692E+05     1.000E+01
1.50E-01     2.680E+05     1.000E+01
1.60E-01     2.674E+05     1.000E+01
1.80E-01     2.662E+05     1.000E+01
2.00E-01     2.650E+05     1.000E+01
2.50E-01     2.638E+05     1.000E+01
3.00E-01     2.635E+05     1.000E+01
3.50E-01     2.638E+05     1.000E+01
4.00E-01     2.641E+05     1.000E+01
4.50E-01     2.650E+05     1.000E+01
5.00E-01     2.660E+05     1.000E+01
6.00E-01     2.692E+05     1.000E+01
7.00E-01     2.738E+05     1.000E+01
8.00E-01     2.798E+05     1.000E+01
9.00E-01     2.874E+05     1.000E+01
1.00E+00     2.969E+05     1.000E+01
1.25E+00     3.444E+05     1.000E+01
1.50E+00     3.996E+05     1.000E+01
1.75E+00     5.303E+05     1.000E+01
2.00E+00     7.038E+05     1.000E+01
2.50E+00     1.293E+06     1.000E+01
3.00E+00     2.044E+06     1.000E+01
3.50E+00     2.762E+06     1.000E+01
4.00E+00     3.304E+06     1.000E+01
5.00E+00     3.687E+06     1.000E+01
6.00E+00     3.496E+06     1.000E+01
7.00E+00     3.240E+06     1.000E+01
8.00E+00     3.090E+06     1.000E+01
9.00E+00     3.043E+06     1.000E+01
1.00E+01     3.060E+06     1.000E+01
