5      he4  v48    p cr51                  taly      2.11000E+00      
1.00E-03     0.000E+00     1.000E+00
2.00E-03     0.000E+00     1.000E+00
3.00E-03     0.000E+00     1.000E+00
4.00E-03     0.000E+00     1.000E+00
5.00E-03     0.000E+00     1.000E+00
6.00E-03     0.000E+00     1.000E+00
7.00E-03     0.000E+00     1.000E+00
8.00E-03     0.000E+00     1.000E+00
9.00E-03     0.000E+00     1.000E+00
1.00E-02     0.000E+00     1.000E+00
1.10E-02     0.000E+00     1.000E+00
1.20E-02     0.000E+00     1.000E+00
1.30E-02     0.000E+00     1.000E+00
1.40E-02     0.000E+00     1.000E+00
1.50E-02     0.000E+00     1.000E+00
1.60E-02     0.000E+00     1.000E+00
1.80E-02     0.000E+00     1.000E+00
2.00E-02     0.000E+00     1.000E+00
2.50E-02     0.000E+00     1.000E+00
3.00E-02     0.000E+00     1.000E+00
4.00E-02     0.000E+00     1.000E+00
5.00E-02     0.000E+00     1.000E+00
6.00E-02     0.000E+00     1.000E+00
7.00E-02     0.000E+00     1.000E+00
8.00E-02     0.000E+00     1.000E+00
9.00E-02     0.000E+00     1.000E+00
1.00E-01     0.000E+00     1.000E+00
1.10E-01     5.128E-89     1.000E+01
1.20E-01     2.630E-78     1.000E+01
1.30E-01     1.348E-67     1.000E+01
1.40E-01     6.914E-57     1.000E+01
1.50E-01     3.546E-46     1.000E+01
1.60E-01     1.292E-44     1.000E+01
1.80E-01     1.715E-41     1.000E+01
2.00E-01     2.277E-38     1.000E+01
2.50E-01     1.619E-33     1.000E+01
3.00E-01     4.701E-30     1.000E+01
3.50E-01     1.339E-27     1.000E+01
4.00E-01     3.816E-25     1.000E+01
4.50E-01     2.063E-23     1.000E+01
5.00E-01     1.115E-21     1.000E+01
6.00E-01     4.815E-19     1.000E+01
7.00E-01     5.906E-17     1.000E+01
8.00E-01     3.011E-15     1.000E+01
9.00E-01     8.229E-14     1.000E+01
1.00E+00     1.424E-12     1.000E+01
1.25E+00     2.266E-10     1.000E+01
1.50E+00     3.608E-08     1.000E+01
1.75E+00     8.956E-07     1.000E+01
2.00E+00     2.224E-05     1.000E+01
2.50E+00     2.043E-03     1.000E+01
3.00E+00     5.851E-02     1.000E+01
3.50E+00     7.657E-01     1.000E+01
4.00E+00     5.698E+00     1.000E+01
5.00E+00     9.754E+01     1.000E+01
6.00E+00     6.205E+02     1.000E+01
7.00E+00     2.275E+03     1.000E+01
8.00E+00     6.045E+03     1.000E+01
9.00E+00     1.304E+04     1.000E+01
1.00E+01     2.420E+04     1.000E+01
