4        p  v45 cr46                       taly      4.88200E+00      
1.00E-03     0.000E+00     1.000E+00
2.00E-03     0.000E+00     1.000E+00
3.00E-03     0.000E+00     1.000E+00
4.00E-03     0.000E+00     1.000E+00
5.00E-03     0.000E+00     1.000E+00
6.00E-03     0.000E+00     1.000E+00
7.00E-03     0.000E+00     1.000E+00
8.00E-03     0.000E+00     1.000E+00
9.00E-03     0.000E+00     1.000E+00
1.00E-02     0.000E+00     1.000E+00
1.10E-02     7.692E-98     1.000E+01
1.20E-02     5.916E-96     1.000E+01
1.30E-02     4.550E-94     1.000E+01
1.40E-02     3.500E-92     1.000E+01
1.50E-02     2.692E-90     1.000E+01
1.60E-02     2.071E-88     1.000E+01
1.80E-02     1.225E-84     1.000E+01
2.00E-02     7.246E-81     1.000E+01
2.50E-02     1.951E-71     1.000E+01
3.00E-02     5.251E-62     1.000E+01
4.00E-02     3.805E-43     1.000E+01
5.00E-02     2.757E-24     1.000E+01
6.00E-02     1.162E-22     1.000E+01
7.00E-02     4.896E-21     1.000E+01
8.00E-02     2.063E-19     1.000E+01
9.00E-02     8.695E-18     1.000E+01
1.00E-01     3.664E-16     1.000E+01
1.10E-01     2.232E-15     1.000E+01
1.20E-01     1.359E-14     1.000E+01
1.30E-01     8.279E-14     1.000E+01
1.40E-01     5.043E-13     1.000E+01
1.50E-01     3.071E-12     1.000E+01
1.60E-01     9.638E-12     1.000E+01
1.80E-01     9.491E-11     1.000E+01
2.00E-01     9.347E-10     1.000E+01
2.50E-01     5.398E-08     1.000E+01
3.00E-01     1.148E-06     1.000E+01
3.50E-01     1.006E-05     1.000E+01
4.00E-01     8.819E-05     1.000E+01
4.50E-01     3.832E-04     1.000E+01
5.00E-01     1.665E-03     1.000E+01
6.00E-01     1.375E-02     1.000E+01
7.00E-01     6.708E-02     1.000E+01
8.00E-01     2.298E-01     1.000E+01
9.00E-01     6.149E-01     1.000E+01
1.00E+00     1.375E+00     1.000E+01
1.25E+00     4.833E+00     1.000E+01
1.50E+00     1.699E+01     1.000E+01
1.75E+00     3.297E+01     1.000E+01
2.00E+00     6.398E+01     1.000E+01
2.50E+00     1.462E+02     1.000E+01
3.00E+00     2.587E+02     1.000E+01
3.50E+00     3.945E+02     1.000E+01
4.00E+00     5.488E+02     1.000E+01
5.00E+00     9.045E+02     1.000E+01
6.00E+00     1.327E+03     1.000E+01
7.00E+00     1.828E+03     1.000E+01
8.00E+00     2.373E+03     1.000E+01
9.00E+00     2.789E+03     1.000E+01
1.00E+01     2.820E+03     1.000E+01
