4        n  v45  v46                       taly      1.32650E+01      
1.00E-03     3.295E+05     1.000E+01
2.00E-03     3.301E+05     1.000E+01
3.00E-03     3.308E+05     1.000E+01
4.00E-03     3.314E+05     1.000E+01
5.00E-03     3.321E+05     1.000E+01
6.00E-03     3.291E+05     1.000E+01
7.00E-03     3.261E+05     1.000E+01
8.00E-03     3.231E+05     1.000E+01
9.00E-03     3.201E+05     1.000E+01
1.00E-02     3.171E+05     1.000E+01
1.10E-02     3.164E+05     1.000E+01
1.20E-02     3.158E+05     1.000E+01
1.30E-02     3.151E+05     1.000E+01
1.40E-02     3.144E+05     1.000E+01
1.50E-02     3.138E+05     1.000E+01
1.60E-02     3.131E+05     1.000E+01
1.80E-02     3.118E+05     1.000E+01
2.00E-02     3.104E+05     1.000E+01
2.50E-02     3.071E+05     1.000E+01
3.00E-02     3.037E+05     1.000E+01
4.00E-02     2.971E+05     1.000E+01
5.00E-02     2.904E+05     1.000E+01
6.00E-02     2.874E+05     1.000E+01
7.00E-02     2.845E+05     1.000E+01
8.00E-02     2.815E+05     1.000E+01
9.00E-02     2.785E+05     1.000E+01
1.00E-01     2.756E+05     1.000E+01
1.10E-01     2.736E+05     1.000E+01
1.20E-01     2.717E+05     1.000E+01
1.30E-01     2.698E+05     1.000E+01
1.40E-01     2.678E+05     1.000E+01
1.50E-01     2.659E+05     1.000E+01
1.60E-01     2.646E+05     1.000E+01
1.80E-01     2.620E+05     1.000E+01
2.00E-01     2.593E+05     1.000E+01
2.50E-01     2.544E+05     1.000E+01
3.00E-01     2.501E+05     1.000E+01
3.50E-01     2.463E+05     1.000E+01
4.00E-01     2.425E+05     1.000E+01
4.50E-01     2.391E+05     1.000E+01
5.00E-01     2.357E+05     1.000E+01
6.00E-01     2.297E+05     1.000E+01
7.00E-01     2.247E+05     1.000E+01
8.00E-01     2.203E+05     1.000E+01
9.00E-01     2.166E+05     1.000E+01
1.00E+00     2.134E+05     1.000E+01
1.25E+00     2.082E+05     1.000E+01
1.50E+00     2.029E+05     1.000E+01
1.75E+00     2.004E+05     1.000E+01
2.00E+00     1.979E+05     1.000E+01
2.50E+00     1.957E+05     1.000E+01
3.00E+00     1.951E+05     1.000E+01
3.50E+00     1.953E+05     1.000E+01
4.00E+00     1.959E+05     1.000E+01
5.00E+00     1.975E+05     1.000E+01
6.00E+00     1.985E+05     1.000E+01
7.00E+00     1.972E+05     1.000E+01
8.00E+00     1.888E+05     1.000E+01
9.00E+00     1.652E+05     1.000E+01
1.00E+01     1.248E+05     1.000E+01
