5      he4  v43    p cr46                  taly      6.69400E+00      
1.00E-03     0.000E+00     1.000E+00
2.00E-03     0.000E+00     1.000E+00
3.00E-03     0.000E+00     1.000E+00
4.00E-03     0.000E+00     1.000E+00
5.00E-03     0.000E+00     1.000E+00
6.00E-03     0.000E+00     1.000E+00
7.00E-03     0.000E+00     1.000E+00
8.00E-03     0.000E+00     1.000E+00
9.00E-03     0.000E+00     1.000E+00
1.00E-02     0.000E+00     1.000E+00
1.10E-02     0.000E+00     1.000E+00
1.20E-02     0.000E+00     1.000E+00
1.30E-02     0.000E+00     1.000E+00
1.40E-02     0.000E+00     1.000E+00
1.50E-02     0.000E+00     1.000E+00
1.60E-02     0.000E+00     1.000E+00
1.80E-02     0.000E+00     1.000E+00
2.00E-02     0.000E+00     1.000E+00
2.50E-02     0.000E+00     1.000E+00
3.00E-02     0.000E+00     1.000E+00
4.00E-02     0.000E+00     1.000E+00
5.00E-02     0.000E+00     1.000E+00
6.00E-02     0.000E+00     1.000E+00
7.00E-02     0.000E+00     1.000E+00
8.00E-02     0.000E+00     1.000E+00
9.00E-02     0.000E+00     1.000E+00
1.00E-01     0.000E+00     1.000E+00
1.10E-01     6.100E-89     1.000E+01
1.20E-01     3.721E-78     1.000E+01
1.30E-01     2.270E-67     1.000E+01
1.40E-01     1.385E-56     1.000E+01
1.50E-01     8.449E-46     1.000E+01
1.60E-01     2.778E-44     1.000E+01
1.80E-01     3.004E-41     1.000E+01
2.00E-01     3.248E-38     1.000E+01
2.50E-01     1.840E-33     1.000E+01
3.00E-01     4.920E-30     1.000E+01
3.50E-01     1.381E-27     1.000E+01
4.00E-01     3.876E-25     1.000E+01
4.50E-01     2.094E-23     1.000E+01
5.00E-01     1.131E-21     1.000E+01
6.00E-01     4.884E-19     1.000E+01
7.00E-01     6.095E-17     1.000E+01
8.00E-01     3.206E-15     1.000E+01
9.00E-01     8.999E-14     1.000E+01
1.00E+00     1.571E-12     1.000E+01
1.25E+00     2.248E-10     1.000E+01
1.50E+00     3.217E-08     1.000E+01
1.75E+00     6.558E-07     1.000E+01
2.00E+00     1.337E-05     1.000E+01
2.50E+00     8.460E-04     1.000E+01
3.00E+00     1.838E-02     1.000E+01
3.50E+00     2.031E-01     1.000E+01
4.00E+00     1.410E+00     1.000E+01
5.00E+00     2.652E+01     1.000E+01
6.00E+00     2.173E+02     1.000E+01
7.00E+00     1.041E+03     1.000E+01
8.00E+00     3.409E+03     1.000E+01
9.00E+00     8.023E+03     1.000E+01
1.00E+01     1.310E+04     1.000E+01
