4        p  v49 cr50                       taly      9.59000E+00      
1.00E-03     0.000E+00     1.000E+00
2.00E-03     0.000E+00     1.000E+00
3.00E-03     0.000E+00     1.000E+00
4.00E-03     0.000E+00     1.000E+00
5.00E-03     0.000E+00     1.000E+00
6.00E-03     0.000E+00     1.000E+00
7.00E-03     0.000E+00     1.000E+00
8.00E-03     0.000E+00     1.000E+00
9.00E-03     0.000E+00     1.000E+00
1.00E-02     0.000E+00     1.000E+00
1.10E-02     7.644E-98     1.000E+01
1.20E-02     5.843E-96     1.000E+01
1.30E-02     4.466E-94     1.000E+01
1.40E-02     3.414E-92     1.000E+01
1.50E-02     2.609E-90     1.000E+01
1.60E-02     1.995E-88     1.000E+01
1.80E-02     1.165E-84     1.000E+01
2.00E-02     6.809E-81     1.000E+01
2.50E-02     1.777E-71     1.000E+01
3.00E-02     4.637E-62     1.000E+01
4.00E-02     3.157E-43     1.000E+01
5.00E-02     2.150E-24     1.000E+01
6.00E-02     9.046E-23     1.000E+01
7.00E-02     3.806E-21     1.000E+01
8.00E-02     1.601E-19     1.000E+01
9.00E-02     6.736E-18     1.000E+01
1.00E-01     2.834E-16     1.000E+01
1.10E-01     1.721E-15     1.000E+01
1.20E-01     1.045E-14     1.000E+01
1.30E-01     6.347E-14     1.000E+01
1.40E-01     3.854E-13     1.000E+01
1.50E-01     2.341E-12     1.000E+01
1.60E-01     7.283E-12     1.000E+01
1.80E-01     7.052E-11     1.000E+01
2.00E-01     6.828E-10     1.000E+01
2.50E-01     3.849E-08     1.000E+01
3.00E-01     8.268E-07     1.000E+01
3.50E-01     7.635E-06     1.000E+01
4.00E-01     7.051E-05     1.000E+01
4.50E-01     3.384E-04     1.000E+01
5.00E-01     1.624E-03     1.000E+01
6.00E-01     1.740E-02     1.000E+01
7.00E-01     1.133E-01     1.000E+01
8.00E-01     5.216E-01     1.000E+01
9.00E-01     1.858E+00     1.000E+01
1.00E+00     5.438E+00     1.000E+01
1.25E+00     3.243E+01     1.000E+01
1.50E+00     1.934E+02     1.000E+01
1.75E+00     5.277E+02     1.000E+01
2.00E+00     1.440E+03     1.000E+01
2.50E+00     5.218E+03     1.000E+01
3.00E+00     1.276E+04     1.000E+01
3.50E+00     2.446E+04     1.000E+01
4.00E+00     3.956E+04     1.000E+01
5.00E+00     7.088E+04     1.000E+01
6.00E+00     8.683E+04     1.000E+01
7.00E+00     8.453E+04     1.000E+01
8.00E+00     7.444E+04     1.000E+01
9.00E+00     6.374E+04     1.000E+01
1.00E+01     5.469E+04     1.000E+01
