4        p  v43 cr44                       taly      3.01000E+00      
1.00E-03     0.000E+00     1.000E+00
2.00E-03     0.000E+00     1.000E+00
3.00E-03     0.000E+00     1.000E+00
4.00E-03     0.000E+00     1.000E+00
5.00E-03     0.000E+00     1.000E+00
6.00E-03     0.000E+00     1.000E+00
7.00E-03     0.000E+00     1.000E+00
8.00E-03     0.000E+00     1.000E+00
9.00E-03     0.000E+00     1.000E+00
1.00E-02     0.000E+00     1.000E+00
1.10E-02     7.620E-98     1.000E+01
1.20E-02     5.806E-96     1.000E+01
1.30E-02     4.425E-94     1.000E+01
1.40E-02     3.372E-92     1.000E+01
1.50E-02     2.569E-90     1.000E+01
1.60E-02     1.958E-88     1.000E+01
1.80E-02     1.137E-84     1.000E+01
2.00E-02     6.600E-81     1.000E+01
2.50E-02     1.696E-71     1.000E+01
3.00E-02     4.356E-62     1.000E+01
4.00E-02     2.875E-43     1.000E+01
5.00E-02     1.898E-24     1.000E+01
6.00E-02     8.055E-23     1.000E+01
7.00E-02     3.419E-21     1.000E+01
8.00E-02     1.451E-19     1.000E+01
9.00E-02     6.159E-18     1.000E+01
1.00E-01     2.614E-16     1.000E+01
1.10E-01     1.596E-15     1.000E+01
1.20E-01     9.744E-15     1.000E+01
1.30E-01     5.949E-14     1.000E+01
1.40E-01     3.632E-13     1.000E+01
1.50E-01     2.217E-12     1.000E+01
1.60E-01     6.924E-12     1.000E+01
1.80E-01     6.752E-11     1.000E+01
2.00E-01     6.584E-10     1.000E+01
2.50E-01     3.714E-08     1.000E+01
3.00E-01     7.787E-07     1.000E+01
3.50E-01     6.670E-06     1.000E+01
4.00E-01     5.713E-05     1.000E+01
4.50E-01     2.396E-04     1.000E+01
5.00E-01     1.005E-03     1.000E+01
6.00E-01     7.721E-03     1.000E+01
7.00E-01     3.533E-02     1.000E+01
8.00E-01     1.147E-01     1.000E+01
9.00E-01     2.939E-01     1.000E+01
1.00E+00     6.342E-01     1.000E+01
1.25E+00     2.132E+00     1.000E+01
1.50E+00     7.164E+00     1.000E+01
1.75E+00     1.383E+01     1.000E+01
2.00E+00     2.669E+01     1.000E+01
2.50E+00     6.253E+01     1.000E+01
3.00E+00     1.154E+02     1.000E+01
3.50E+00     1.855E+02     1.000E+01
4.00E+00     2.734E+02     1.000E+01
5.00E+00     5.083E+02     1.000E+01
6.00E+00     8.403E+02     1.000E+01
7.00E+00     1.300E+03     1.000E+01
8.00E+00     1.902E+03     1.000E+01
9.00E+00     2.516E+03     1.000E+01
1.00E+01     2.725E+03     1.000E+01
