4      he4  v43 mn47                       taly      7.07400E+00      
1.00E-03     0.000E+00     1.000E+00
2.00E-03     0.000E+00     1.000E+00
3.00E-03     0.000E+00     1.000E+00
4.00E-03     0.000E+00     1.000E+00
5.00E-03     0.000E+00     1.000E+00
6.00E-03     0.000E+00     1.000E+00
7.00E-03     0.000E+00     1.000E+00
8.00E-03     0.000E+00     1.000E+00
9.00E-03     0.000E+00     1.000E+00
1.00E-02     0.000E+00     1.000E+00
1.10E-02     0.000E+00     1.000E+00
1.20E-02     0.000E+00     1.000E+00
1.30E-02     0.000E+00     1.000E+00
1.40E-02     0.000E+00     1.000E+00
1.50E-02     0.000E+00     1.000E+00
1.60E-02     0.000E+00     1.000E+00
1.80E-02     0.000E+00     1.000E+00
2.00E-02     0.000E+00     1.000E+00
2.50E-02     0.000E+00     1.000E+00
3.00E-02     0.000E+00     1.000E+00
4.00E-02     0.000E+00     1.000E+00
5.00E-02     0.000E+00     1.000E+00
6.00E-02     0.000E+00     1.000E+00
7.00E-02     0.000E+00     1.000E+00
8.00E-02     0.000E+00     1.000E+00
9.00E-02     0.000E+00     1.000E+00
1.00E-01     0.000E+00     1.000E+00
1.10E-01     1.528E-89     1.000E+01
1.20E-01     2.334E-79     1.000E+01
1.30E-01     3.567E-69     1.000E+01
1.40E-01     5.449E-59     1.000E+01
1.50E-01     8.326E-49     1.000E+01
1.60E-01     2.551E-47     1.000E+01
1.80E-01     2.395E-44     1.000E+01
2.00E-01     2.249E-41     1.000E+01
2.50E-01     6.072E-37     1.000E+01
3.00E-01     5.297E-34     1.000E+01
3.50E-01     3.892E-32     1.000E+01
4.00E-01     2.860E-30     1.000E+01
4.50E-01     7.379E-29     1.000E+01
5.00E-01     1.904E-27     1.000E+01
6.00E-01     6.650E-25     1.000E+01
7.00E-01     8.045E-23     1.000E+01
8.00E-01     4.196E-21     1.000E+01
9.00E-01     1.178E-19     1.000E+01
1.00E+00     2.068E-18     1.000E+01
1.25E+00     3.048E-16     1.000E+01
1.50E+00     4.492E-14     1.000E+01
1.75E+00     9.461E-13     1.000E+01
2.00E+00     1.993E-11     1.000E+01
2.50E+00     1.372E-09     1.000E+01
3.00E+00     3.364E-08     1.000E+01
3.50E+00     4.295E-07     1.000E+01
4.00E+00     3.438E-06     1.000E+01
5.00E+00     8.127E-05     1.000E+01
6.00E+00     7.760E-04     1.000E+01
7.00E+00     4.122E-03     1.000E+01
8.00E+00     1.454E-02     1.000E+01
9.00E+00     3.622E-02     1.000E+01
1.00E+01     6.201E-02     1.000E+01
