5      he4  v47    p cr50                  taly      3.39200E+00      
1.00E-03     0.000E+00     1.000E+00
2.00E-03     0.000E+00     1.000E+00
3.00E-03     0.000E+00     1.000E+00
4.00E-03     0.000E+00     1.000E+00
5.00E-03     0.000E+00     1.000E+00
6.00E-03     0.000E+00     1.000E+00
7.00E-03     0.000E+00     1.000E+00
8.00E-03     0.000E+00     1.000E+00
9.00E-03     0.000E+00     1.000E+00
1.00E-02     0.000E+00     1.000E+00
1.10E-02     0.000E+00     1.000E+00
1.20E-02     0.000E+00     1.000E+00
1.30E-02     0.000E+00     1.000E+00
1.40E-02     0.000E+00     1.000E+00
1.50E-02     0.000E+00     1.000E+00
1.60E-02     0.000E+00     1.000E+00
1.80E-02     0.000E+00     1.000E+00
2.00E-02     0.000E+00     1.000E+00
2.50E-02     0.000E+00     1.000E+00
3.00E-02     0.000E+00     1.000E+00
4.00E-02     0.000E+00     1.000E+00
5.00E-02     0.000E+00     1.000E+00
6.00E-02     0.000E+00     1.000E+00
7.00E-02     0.000E+00     1.000E+00
8.00E-02     0.000E+00     1.000E+00
9.00E-02     0.000E+00     1.000E+00
1.00E-01     0.000E+00     1.000E+00
1.10E-01     5.486E-89     1.000E+01
1.20E-01     3.010E-78     1.000E+01
1.30E-01     1.651E-67     1.000E+01
1.40E-01     9.061E-57     1.000E+01
1.50E-01     4.971E-46     1.000E+01
1.60E-01     1.807E-44     1.000E+01
1.80E-01     2.387E-41     1.000E+01
2.00E-01     3.154E-38     1.000E+01
2.50E-01     2.252E-33     1.000E+01
3.00E-01     6.630E-30     1.000E+01
3.50E-01     1.870E-27     1.000E+01
4.00E-01     5.274E-25     1.000E+01
4.50E-01     2.782E-23     1.000E+01
5.00E-01     1.467E-21     1.000E+01
6.00E-01     6.143E-19     1.000E+01
7.00E-01     7.626E-17     1.000E+01
8.00E-01     4.074E-15     1.000E+01
9.00E-01     1.171E-13     1.000E+01
1.00E+00     2.094E-12     1.000E+01
1.25E+00     3.284E-10     1.000E+01
1.50E+00     5.149E-08     1.000E+01
1.75E+00     1.252E-06     1.000E+01
2.00E+00     3.046E-05     1.000E+01
2.50E+00     2.812E-03     1.000E+01
3.00E+00     8.345E-02     1.000E+01
3.50E+00     1.165E+00     1.000E+01
4.00E+00     9.588E+00     1.000E+01
5.00E+00     2.219E+02     1.000E+01
6.00E+00     1.958E+03     1.000E+01
7.00E+00     8.933E+03     1.000E+01
8.00E+00     2.558E+04     1.000E+01
9.00E+00     5.344E+04     1.000E+01
1.00E+01     9.083E+04     1.000E+01
