4        n  v44  v45                       taly      1.58360E+01      
1.00E-03     4.059E+03     1.000E+01
2.00E-03     4.070E+03     1.000E+01
3.00E-03     4.081E+03     1.000E+01
4.00E-03     4.091E+03     1.000E+01
5.00E-03     4.102E+03     1.000E+01
6.00E-03     4.066E+03     1.000E+01
7.00E-03     4.030E+03     1.000E+01
8.00E-03     3.995E+03     1.000E+01
9.00E-03     3.959E+03     1.000E+01
1.00E-02     3.923E+03     1.000E+01
1.10E-02     3.915E+03     1.000E+01
1.20E-02     3.908E+03     1.000E+01
1.30E-02     3.900E+03     1.000E+01
1.40E-02     3.892E+03     1.000E+01
1.50E-02     3.885E+03     1.000E+01
1.60E-02     3.877E+03     1.000E+01
1.80E-02     3.862E+03     1.000E+01
2.00E-02     3.846E+03     1.000E+01
2.50E-02     3.808E+03     1.000E+01
3.00E-02     3.769E+03     1.000E+01
4.00E-02     3.692E+03     1.000E+01
5.00E-02     3.615E+03     1.000E+01
6.00E-02     3.581E+03     1.000E+01
7.00E-02     3.546E+03     1.000E+01
8.00E-02     3.512E+03     1.000E+01
9.00E-02     3.477E+03     1.000E+01
1.00E-01     3.443E+03     1.000E+01
1.10E-01     3.420E+03     1.000E+01
1.20E-01     3.396E+03     1.000E+01
1.30E-01     3.373E+03     1.000E+01
1.40E-01     3.350E+03     1.000E+01
1.50E-01     3.327E+03     1.000E+01
1.60E-01     3.311E+03     1.000E+01
1.80E-01     3.278E+03     1.000E+01
2.00E-01     3.246E+03     1.000E+01
2.50E-01     3.183E+03     1.000E+01
3.00E-01     3.129E+03     1.000E+01
3.50E-01     3.083E+03     1.000E+01
4.00E-01     3.036E+03     1.000E+01
4.50E-01     2.996E+03     1.000E+01
5.00E-01     2.955E+03     1.000E+01
6.00E-01     2.883E+03     1.000E+01
7.00E-01     2.813E+03     1.000E+01
8.00E-01     2.733E+03     1.000E+01
9.00E-01     2.625E+03     1.000E+01
1.00E+00     2.469E+03     1.000E+01
1.25E+00     1.871E+03     1.000E+01
1.50E+00     1.272E+03     1.000E+01
1.75E+00     9.993E+02     1.000E+01
2.00E+00     7.265E+02     1.000E+01
2.50E+00     5.967E+02     1.000E+01
3.00E+00     5.585E+02     1.000E+01
3.50E+00     5.392E+02     1.000E+01
4.00E+00     5.230E+02     1.000E+01
5.00E+00     4.890E+02     1.000E+01
6.00E+00     4.528E+02     1.000E+01
7.00E+00     4.164E+02     1.000E+01
8.00E+00     3.807E+02     1.000E+01
9.00E+00     3.461E+02     1.000E+01
1.00E+01     3.123E+02     1.000E+01
