4      he4  v44 mn48                       taly      7.63200E+00      
1.00E-03     0.000E+00     1.000E+00
2.00E-03     0.000E+00     1.000E+00
3.00E-03     0.000E+00     1.000E+00
4.00E-03     0.000E+00     1.000E+00
5.00E-03     0.000E+00     1.000E+00
6.00E-03     0.000E+00     1.000E+00
7.00E-03     0.000E+00     1.000E+00
8.00E-03     0.000E+00     1.000E+00
9.00E-03     0.000E+00     1.000E+00
1.00E-02     0.000E+00     1.000E+00
1.10E-02     0.000E+00     1.000E+00
1.20E-02     0.000E+00     1.000E+00
1.30E-02     0.000E+00     1.000E+00
1.40E-02     0.000E+00     1.000E+00
1.50E-02     0.000E+00     1.000E+00
1.60E-02     0.000E+00     1.000E+00
1.80E-02     0.000E+00     1.000E+00
2.00E-02     0.000E+00     1.000E+00
2.50E-02     0.000E+00     1.000E+00
3.00E-02     0.000E+00     1.000E+00
4.00E-02     0.000E+00     1.000E+00
5.00E-02     0.000E+00     1.000E+00
6.00E-02     0.000E+00     1.000E+00
7.00E-02     0.000E+00     1.000E+00
8.00E-02     0.000E+00     1.000E+00
9.00E-02     0.000E+00     1.000E+00
1.00E-01     0.000E+00     1.000E+00
1.10E-01     4.370E-90     1.000E+01
1.20E-01     1.910E-80     1.000E+01
1.30E-01     8.346E-71     1.000E+01
1.40E-01     3.647E-61     1.000E+01
1.50E-01     1.594E-51     1.000E+01
1.60E-01     6.895E-50     1.000E+01
1.80E-01     1.290E-46     1.000E+01
2.00E-01     2.415E-43     1.000E+01
2.50E-01     2.228E-38     1.000E+01
3.00E-01     6.357E-35     1.000E+01
3.50E-01     1.736E-32     1.000E+01
4.00E-01     4.742E-30     1.000E+01
4.50E-01     2.603E-28     1.000E+01
5.00E-01     1.428E-26     1.000E+01
6.00E-01     6.481E-24     1.000E+01
7.00E-01     8.517E-22     1.000E+01
8.00E-01     4.708E-20     1.000E+01
9.00E-01     1.376E-18     1.000E+01
1.00E+00     2.450E-17     1.000E+01
1.25E+00     2.926E-15     1.000E+01
1.50E+00     3.495E-13     1.000E+01
1.75E+00     5.327E-12     1.000E+01
2.00E+00     8.121E-11     1.000E+01
2.50E+00     3.568E-09     1.000E+01
3.00E+00     6.324E-08     1.000E+01
3.50E+00     6.193E-07     1.000E+01
4.00E+00     3.982E-06     1.000E+01
5.00E+00     6.907E-05     1.000E+01
6.00E+00     5.510E-04     1.000E+01
7.00E+00     2.645E-03     1.000E+01
8.00E+00     8.943E-03     1.000E+01
9.00E+00     2.347E-02     1.000E+01
1.00E+01     5.095E-02     1.000E+01
