4        n  v43  v44                       taly      1.42710E+01      
1.00E-03     6.393E+04     1.000E+01
2.00E-03     6.411E+04     1.000E+01
3.00E-03     6.430E+04     1.000E+01
4.00E-03     6.448E+04     1.000E+01
5.00E-03     6.466E+04     1.000E+01
6.00E-03     6.411E+04     1.000E+01
7.00E-03     6.355E+04     1.000E+01
8.00E-03     6.300E+04     1.000E+01
9.00E-03     6.244E+04     1.000E+01
1.00E-02     6.189E+04     1.000E+01
1.10E-02     6.177E+04     1.000E+01
1.20E-02     6.165E+04     1.000E+01
1.30E-02     6.153E+04     1.000E+01
1.40E-02     6.142E+04     1.000E+01
1.50E-02     6.130E+04     1.000E+01
1.60E-02     6.118E+04     1.000E+01
1.80E-02     6.095E+04     1.000E+01
2.00E-02     6.071E+04     1.000E+01
2.50E-02     6.012E+04     1.000E+01
3.00E-02     5.954E+04     1.000E+01
4.00E-02     5.836E+04     1.000E+01
5.00E-02     5.719E+04     1.000E+01
6.00E-02     5.666E+04     1.000E+01
7.00E-02     5.613E+04     1.000E+01
8.00E-02     5.560E+04     1.000E+01
9.00E-02     5.507E+04     1.000E+01
1.00E-01     5.453E+04     1.000E+01
1.10E-01     5.418E+04     1.000E+01
1.20E-01     5.382E+04     1.000E+01
1.30E-01     5.347E+04     1.000E+01
1.40E-01     5.311E+04     1.000E+01
1.50E-01     5.275E+04     1.000E+01
1.60E-01     5.250E+04     1.000E+01
1.80E-01     5.199E+04     1.000E+01
2.00E-01     5.148E+04     1.000E+01
2.50E-01     5.050E+04     1.000E+01
3.00E-01     4.966E+04     1.000E+01
3.50E-01     4.891E+04     1.000E+01
4.00E-01     4.817E+04     1.000E+01
4.50E-01     4.752E+04     1.000E+01
5.00E-01     4.686E+04     1.000E+01
6.00E-01     4.570E+04     1.000E+01
7.00E-01     4.467E+04     1.000E+01
8.00E-01     4.377E+04     1.000E+01
9.00E-01     4.297E+04     1.000E+01
1.00E+00     4.227E+04     1.000E+01
1.25E+00     4.103E+04     1.000E+01
1.50E+00     3.980E+04     1.000E+01
1.75E+00     3.912E+04     1.000E+01
2.00E+00     3.844E+04     1.000E+01
2.50E+00     3.777E+04     1.000E+01
3.00E+00     3.752E+04     1.000E+01
3.50E+00     3.756E+04     1.000E+01
4.00E+00     3.778E+04     1.000E+01
5.00E+00     3.853E+04     1.000E+01
6.00E+00     3.943E+04     1.000E+01
7.00E+00     4.020E+04     1.000E+01
8.00E+00     4.008E+04     1.000E+01
9.00E+00     3.689E+04     1.000E+01
1.00E+01     2.823E+04     1.000E+01
