5        n  v43  he4 sc40                  taly      8.25300E+00      
1.00E-03     1.022E+07     1.000E+01
2.00E-03     1.025E+07     1.000E+01
3.00E-03     1.028E+07     1.000E+01
4.00E-03     1.031E+07     1.000E+01
5.00E-03     1.034E+07     1.000E+01
6.00E-03     1.026E+07     1.000E+01
7.00E-03     1.017E+07     1.000E+01
8.00E-03     1.008E+07     1.000E+01
9.00E-03     9.992E+06     1.000E+01
1.00E-02     9.906E+06     1.000E+01
1.10E-02     9.887E+06     1.000E+01
1.20E-02     9.869E+06     1.000E+01
1.30E-02     9.850E+06     1.000E+01
1.40E-02     9.832E+06     1.000E+01
1.50E-02     9.814E+06     1.000E+01
1.60E-02     9.796E+06     1.000E+01
1.80E-02     9.759E+06     1.000E+01
2.00E-02     9.723E+06     1.000E+01
2.50E-02     9.633E+06     1.000E+01
3.00E-02     9.544E+06     1.000E+01
4.00E-02     9.369E+06     1.000E+01
5.00E-02     9.196E+06     1.000E+01
6.00E-02     9.120E+06     1.000E+01
7.00E-02     9.045E+06     1.000E+01
8.00E-02     8.970E+06     1.000E+01
9.00E-02     8.896E+06     1.000E+01
1.00E-01     8.822E+06     1.000E+01
1.10E-01     8.775E+06     1.000E+01
1.20E-01     8.727E+06     1.000E+01
1.30E-01     8.680E+06     1.000E+01
1.40E-01     8.633E+06     1.000E+01
1.50E-01     8.587E+06     1.000E+01
1.60E-01     8.556E+06     1.000E+01
1.80E-01     8.494E+06     1.000E+01
2.00E-01     8.433E+06     1.000E+01
2.50E-01     8.325E+06     1.000E+01
3.00E-01     8.237E+06     1.000E+01
3.50E-01     8.162E+06     1.000E+01
4.00E-01     8.087E+06     1.000E+01
4.50E-01     8.023E+06     1.000E+01
5.00E-01     7.960E+06     1.000E+01
6.00E-01     7.851E+06     1.000E+01
7.00E-01     7.761E+06     1.000E+01
8.00E-01     7.688E+06     1.000E+01
9.00E-01     7.629E+06     1.000E+01
1.00E+00     7.581E+06     1.000E+01
1.25E+00     7.527E+06     1.000E+01
1.50E+00     7.472E+06     1.000E+01
1.75E+00     7.482E+06     1.000E+01
2.00E+00     7.491E+06     1.000E+01
2.50E+00     7.574E+06     1.000E+01
3.00E+00     7.690E+06     1.000E+01
3.50E+00     7.820E+06     1.000E+01
4.00E+00     7.954E+06     1.000E+01
5.00E+00     8.207E+06     1.000E+01
6.00E+00     8.416E+06     1.000E+01
7.00E+00     8.549E+06     1.000E+01
8.00E+00     8.463E+06     1.000E+01
9.00E+00     7.719E+06     1.000E+01
1.00E+01     5.850E+06     1.000E+01
