4      he4  y78 nb82                       taly      2.09900E+00      
1.00E-03     0.000E+00     1.000E+00
2.00E-03     0.000E+00     1.000E+00
3.00E-03     0.000E+00     1.000E+00
4.00E-03     0.000E+00     1.000E+00
5.00E-03     0.000E+00     1.000E+00
6.00E-03     0.000E+00     1.000E+00
7.00E-03     0.000E+00     1.000E+00
8.00E-03     0.000E+00     1.000E+00
9.00E-03     0.000E+00     1.000E+00
1.00E-02     0.000E+00     1.000E+00
1.10E-02     0.000E+00     1.000E+00
1.20E-02     0.000E+00     1.000E+00
1.30E-02     0.000E+00     1.000E+00
1.40E-02     0.000E+00     1.000E+00
1.50E-02     0.000E+00     1.000E+00
1.60E-02     0.000E+00     1.000E+00
1.80E-02     0.000E+00     1.000E+00
2.00E-02     0.000E+00     1.000E+00
2.50E-02     0.000E+00     1.000E+00
3.00E-02     0.000E+00     1.000E+00
4.00E-02     0.000E+00     1.000E+00
5.00E-02     0.000E+00     1.000E+00
6.00E-02     0.000E+00     1.000E+00
7.00E-02     0.000E+00     1.000E+00
8.00E-02     0.000E+00     1.000E+00
9.00E-02     0.000E+00     1.000E+00
1.00E-01     0.000E+00     1.000E+00
1.10E-01     0.000E+00     1.000E+00
1.20E-01     0.000E+00     1.000E+00
1.30E-01     0.000E+00     1.000E+00
1.40E-01     0.000E+00     1.000E+00
1.50E-01     0.000E+00     1.000E+00
1.60E-01     0.000E+00     1.000E+00
1.80E-01     0.000E+00     1.000E+00
2.00E-01     0.000E+00     1.000E+00
2.50E-01     0.000E+00     1.000E+00
3.00E-01     0.000E+00     1.000E+00
3.50E-01     2.005E-71     1.000E+01
4.00E-01     4.020E-43     1.000E+01
4.50E-01     2.915E-40     1.000E+01
5.00E-01     2.114E-37     1.000E+01
6.00E-01     1.582E-33     1.000E+01
7.00E-01     1.142E-30     1.000E+01
8.00E-01     2.014E-28     1.000E+01
9.00E-01     1.434E-26     1.000E+01
1.00E+00     5.594E-25     1.000E+01
1.25E+00     4.524E-22     1.000E+01
1.50E+00     3.658E-19     1.000E+01
1.75E+00     2.395E-17     1.000E+01
2.00E+00     1.568E-15     1.000E+01
2.50E+00     5.138E-13     1.000E+01
3.00E+00     3.688E-11     1.000E+01
3.50E+00     9.150E-10     1.000E+01
4.00E+00     1.095E-08     1.000E+01
5.00E+00     4.397E-07     1.000E+01
6.00E+00     6.802E-06     1.000E+01
7.00E+00     5.706E-05     1.000E+01
8.00E+00     2.977E-04     1.000E+01
9.00E+00     1.057E-03     1.000E+01
1.00E+01     2.749E-03     1.000E+01
