4        p  y78 zr79                       taly      1.82100E+00      
1.00E-03     0.000E+00     1.000E+00
2.00E-03     0.000E+00     1.000E+00
3.00E-03     0.000E+00     1.000E+00
4.00E-03     0.000E+00     1.000E+00
5.00E-03     0.000E+00     1.000E+00
6.00E-03     0.000E+00     1.000E+00
7.00E-03     0.000E+00     1.000E+00
8.00E-03     0.000E+00     1.000E+00
9.00E-03     0.000E+00     1.000E+00
1.00E-02     0.000E+00     1.000E+00
1.10E-02     2.732E-98     1.000E+01
1.20E-02     7.466E-97     1.000E+01
1.30E-02     2.040E-95     1.000E+01
1.40E-02     5.574E-94     1.000E+01
1.50E-02     1.523E-92     1.000E+01
1.60E-02     4.161E-91     1.000E+01
1.80E-02     3.107E-88     1.000E+01
2.00E-02     2.320E-85     1.000E+01
2.50E-02     3.533E-78     1.000E+01
3.00E-02     5.380E-71     1.000E+01
4.00E-02     1.248E-56     1.000E+01
5.00E-02     2.895E-42     1.000E+01
6.00E-02     2.145E-39     1.000E+01
7.00E-02     1.589E-36     1.000E+01
8.00E-02     1.177E-33     1.000E+01
9.00E-02     8.720E-31     1.000E+01
1.00E-01     6.460E-28     1.000E+01
1.10E-01     9.093E-27     1.000E+01
1.20E-01     1.280E-25     1.000E+01
1.30E-01     1.802E-24     1.000E+01
1.40E-01     2.536E-23     1.000E+01
1.50E-01     3.569E-22     1.000E+01
1.60E-01     1.880E-21     1.000E+01
1.80E-01     5.214E-20     1.000E+01
2.00E-01     1.446E-18     1.000E+01
2.50E-01     5.302E-16     1.000E+01
3.00E-01     4.594E-14     1.000E+01
3.50E-01     1.153E-12     1.000E+01
4.00E-01     2.895E-11     1.000E+01
4.50E-01     2.813E-10     1.000E+01
5.00E-01     2.734E-09     1.000E+01
6.00E-01     8.448E-08     1.000E+01
7.00E-01     1.246E-06     1.000E+01
8.00E-01     1.091E-05     1.000E+01
9.00E-01     6.506E-05     1.000E+01
1.00E+00     2.903E-04     1.000E+01
1.25E+00     3.326E-03     1.000E+01
1.50E+00     3.810E-02     1.000E+01
1.75E+00     1.455E-01     1.000E+01
2.00E+00     5.553E-01     1.000E+01
2.50E+00     2.872E+00     1.000E+01
3.00E+00     7.680E+00     1.000E+01
3.50E+00     1.284E+01     1.000E+01
4.00E+00     1.613E+01     1.000E+01
5.00E+00     1.799E+01     1.000E+01
6.00E+00     1.762E+01     1.000E+01
7.00E+00     1.668E+01     1.000E+01
8.00E+00     1.541E+01     1.000E+01
9.00E+00     1.387E+01     1.000E+01
1.00E+01     1.215E+01     1.000E+01
