5        n  y78    p sr78                  taly      1.14290E+01      
1.00E-03     2.710E+08     1.000E+01
2.00E-03     2.735E+08     1.000E+01
3.00E-03     2.761E+08     1.000E+01
4.00E-03     2.787E+08     1.000E+01
5.00E-03     2.813E+08     1.000E+01
6.00E-03     2.801E+08     1.000E+01
7.00E-03     2.788E+08     1.000E+01
8.00E-03     2.776E+08     1.000E+01
9.00E-03     2.764E+08     1.000E+01
1.00E-02     2.752E+08     1.000E+01
1.10E-02     2.756E+08     1.000E+01
1.20E-02     2.759E+08     1.000E+01
1.30E-02     2.763E+08     1.000E+01
1.40E-02     2.767E+08     1.000E+01
1.50E-02     2.771E+08     1.000E+01
1.60E-02     2.775E+08     1.000E+01
1.80E-02     2.783E+08     1.000E+01
2.00E-02     2.790E+08     1.000E+01
2.50E-02     2.810E+08     1.000E+01
3.00E-02     2.829E+08     1.000E+01
4.00E-02     2.869E+08     1.000E+01
5.00E-02     2.909E+08     1.000E+01
6.00E-02     2.958E+08     1.000E+01
7.00E-02     3.007E+08     1.000E+01
8.00E-02     3.057E+08     1.000E+01
9.00E-02     3.107E+08     1.000E+01
1.00E-01     3.159E+08     1.000E+01
1.10E-01     3.210E+08     1.000E+01
1.20E-01     3.262E+08     1.000E+01
1.30E-01     3.314E+08     1.000E+01
1.40E-01     3.368E+08     1.000E+01
1.50E-01     3.422E+08     1.000E+01
1.60E-01     3.472E+08     1.000E+01
1.80E-01     3.574E+08     1.000E+01
2.00E-01     3.680E+08     1.000E+01
2.50E-01     3.911E+08     1.000E+01
3.00E-01     4.124E+08     1.000E+01
3.50E-01     4.333E+08     1.000E+01
4.00E-01     4.553E+08     1.000E+01
4.50E-01     4.775E+08     1.000E+01
5.00E-01     5.009E+08     1.000E+01
6.00E-01     5.470E+08     1.000E+01
7.00E-01     5.915E+08     1.000E+01
8.00E-01     6.335E+08     1.000E+01
9.00E-01     6.727E+08     1.000E+01
1.00E+00     7.091E+08     1.000E+01
1.25E+00     7.782E+08     1.000E+01
1.50E+00     8.540E+08     1.000E+01
1.75E+00     8.974E+08     1.000E+01
2.00E+00     9.430E+08     1.000E+01
2.50E+00     9.459E+08     1.000E+01
3.00E+00     8.120E+08     1.000E+01
3.50E+00     5.902E+08     1.000E+01
4.00E+00     3.922E+08     1.000E+01
5.00E+00     1.763E+08     1.000E+01
6.00E+00     9.287E+07     1.000E+01
7.00E+00     5.559E+07     1.000E+01
8.00E+00     3.566E+07     1.000E+01
9.00E+00     2.350E+07     1.000E+01
1.00E+01     1.555E+07     1.000E+01
