5      he4  y78    p zr81                  taly      1.00500E+00      
1.00E-03     0.000E+00     1.000E+00
2.00E-03     0.000E+00     1.000E+00
3.00E-03     0.000E+00     1.000E+00
4.00E-03     0.000E+00     1.000E+00
5.00E-03     0.000E+00     1.000E+00
6.00E-03     0.000E+00     1.000E+00
7.00E-03     0.000E+00     1.000E+00
8.00E-03     0.000E+00     1.000E+00
9.00E-03     0.000E+00     1.000E+00
1.00E-02     0.000E+00     1.000E+00
1.10E-02     0.000E+00     1.000E+00
1.20E-02     0.000E+00     1.000E+00
1.30E-02     0.000E+00     1.000E+00
1.40E-02     0.000E+00     1.000E+00
1.50E-02     0.000E+00     1.000E+00
1.60E-02     0.000E+00     1.000E+00
1.80E-02     0.000E+00     1.000E+00
2.00E-02     0.000E+00     1.000E+00
2.50E-02     0.000E+00     1.000E+00
3.00E-02     0.000E+00     1.000E+00
4.00E-02     0.000E+00     1.000E+00
5.00E-02     0.000E+00     1.000E+00
6.00E-02     0.000E+00     1.000E+00
7.00E-02     0.000E+00     1.000E+00
8.00E-02     0.000E+00     1.000E+00
9.00E-02     0.000E+00     1.000E+00
1.00E-01     0.000E+00     1.000E+00
1.10E-01     0.000E+00     1.000E+00
1.20E-01     0.000E+00     1.000E+00
1.30E-01     0.000E+00     1.000E+00
1.40E-01     0.000E+00     1.000E+00
1.50E-01     0.000E+00     1.000E+00
1.60E-01     0.000E+00     1.000E+00
1.80E-01     0.000E+00     1.000E+00
2.00E-01     0.000E+00     1.000E+00
2.50E-01     0.000E+00     1.000E+00
3.00E-01     0.000E+00     1.000E+00
3.50E-01     2.292E-70     1.000E+01
4.00E-01     5.251E-41     1.000E+01
4.50E-01     3.530E-38     1.000E+01
5.00E-01     2.372E-35     1.000E+01
6.00E-01     2.077E-31     1.000E+01
7.00E-01     2.038E-28     1.000E+01
8.00E-01     5.275E-26     1.000E+01
9.00E-01     5.769E-24     1.000E+01
1.00E+00     3.475E-22     1.000E+01
1.25E+00     5.338E-19     1.000E+01
1.50E+00     8.199E-16     1.000E+01
1.75E+00     7.442E-14     1.000E+01
2.00E+00     6.755E-12     1.000E+01
2.50E+00     3.852E-09     1.000E+01
3.00E+00     4.286E-07     1.000E+01
3.50E+00     1.474E-05     1.000E+01
4.00E+00     2.231E-04     1.000E+01
5.00E+00     1.143E-02     1.000E+01
6.00E+00     1.786E-01     1.000E+01
7.00E+00     1.337E+00     1.000E+01
8.00E+00     6.010E+00     1.000E+01
9.00E+00     1.851E+01     1.000E+01
1.00E+01     4.284E+01     1.000E+01
