5        n  y77    p sr77                  taly      1.18060E+01      
1.00E-03     2.155E+08     1.000E+01
2.00E-03     2.174E+08     1.000E+01
3.00E-03     2.194E+08     1.000E+01
4.00E-03     2.214E+08     1.000E+01
5.00E-03     2.235E+08     1.000E+01
6.00E-03     2.225E+08     1.000E+01
7.00E-03     2.214E+08     1.000E+01
8.00E-03     2.204E+08     1.000E+01
9.00E-03     2.194E+08     1.000E+01
1.00E-02     2.184E+08     1.000E+01
1.10E-02     2.187E+08     1.000E+01
1.20E-02     2.189E+08     1.000E+01
1.30E-02     2.192E+08     1.000E+01
1.40E-02     2.195E+08     1.000E+01
1.50E-02     2.197E+08     1.000E+01
1.60E-02     2.200E+08     1.000E+01
1.80E-02     2.205E+08     1.000E+01
2.00E-02     2.210E+08     1.000E+01
2.50E-02     2.224E+08     1.000E+01
3.00E-02     2.237E+08     1.000E+01
4.00E-02     2.264E+08     1.000E+01
5.00E-02     2.291E+08     1.000E+01
6.00E-02     2.325E+08     1.000E+01
7.00E-02     2.360E+08     1.000E+01
8.00E-02     2.395E+08     1.000E+01
9.00E-02     2.431E+08     1.000E+01
1.00E-01     2.467E+08     1.000E+01
1.10E-01     2.503E+08     1.000E+01
1.20E-01     2.540E+08     1.000E+01
1.30E-01     2.577E+08     1.000E+01
1.40E-01     2.615E+08     1.000E+01
1.50E-01     2.654E+08     1.000E+01
1.60E-01     2.692E+08     1.000E+01
1.80E-01     2.771E+08     1.000E+01
2.00E-01     2.851E+08     1.000E+01
2.50E-01     3.049E+08     1.000E+01
3.00E-01     3.239E+08     1.000E+01
3.50E-01     3.410E+08     1.000E+01
4.00E-01     3.590E+08     1.000E+01
4.50E-01     3.742E+08     1.000E+01
5.00E-01     3.900E+08     1.000E+01
6.00E-01     4.152E+08     1.000E+01
7.00E-01     4.316E+08     1.000E+01
8.00E-01     4.358E+08     1.000E+01
9.00E-01     4.267E+08     1.000E+01
1.00E+00     4.061E+08     1.000E+01
1.25E+00     3.205E+08     1.000E+01
1.50E+00     2.529E+08     1.000E+01
1.75E+00     1.977E+08     1.000E+01
2.00E+00     1.545E+08     1.000E+01
2.50E+00     1.039E+08     1.000E+01
3.00E+00     7.530E+07     1.000E+01
3.50E+00     5.761E+07     1.000E+01
4.00E+00     4.582E+07     1.000E+01
5.00E+00     3.136E+07     1.000E+01
6.00E+00     2.276E+07     1.000E+01
7.00E+00     1.677E+07     1.000E+01
8.00E+00     1.210E+07     1.000E+01
9.00E+00     8.351E+06     1.000E+01
1.00E+01     5.485E+06     1.000E+01
