5        n  y79  he4 rb76                  taly      7.76800E+00      
1.00E-03     6.842E+04     1.000E+01
2.00E-03     6.902E+04     1.000E+01
3.00E-03     6.963E+04     1.000E+01
4.00E-03     7.025E+04     1.000E+01
5.00E-03     7.087E+04     1.000E+01
6.00E-03     7.052E+04     1.000E+01
7.00E-03     7.018E+04     1.000E+01
8.00E-03     6.984E+04     1.000E+01
9.00E-03     6.950E+04     1.000E+01
1.00E-02     6.917E+04     1.000E+01
1.10E-02     6.924E+04     1.000E+01
1.20E-02     6.930E+04     1.000E+01
1.30E-02     6.937E+04     1.000E+01
1.40E-02     6.944E+04     1.000E+01
1.50E-02     6.951E+04     1.000E+01
1.60E-02     6.958E+04     1.000E+01
1.80E-02     6.972E+04     1.000E+01
2.00E-02     6.986E+04     1.000E+01
2.50E-02     7.021E+04     1.000E+01
3.00E-02     7.056E+04     1.000E+01
4.00E-02     7.126E+04     1.000E+01
5.00E-02     7.198E+04     1.000E+01
6.00E-02     7.298E+04     1.000E+01
7.00E-02     7.400E+04     1.000E+01
8.00E-02     7.503E+04     1.000E+01
9.00E-02     7.608E+04     1.000E+01
1.00E-01     7.714E+04     1.000E+01
1.10E-01     7.828E+04     1.000E+01
1.20E-01     7.943E+04     1.000E+01
1.30E-01     8.060E+04     1.000E+01
1.40E-01     8.178E+04     1.000E+01
1.50E-01     8.298E+04     1.000E+01
1.60E-01     8.424E+04     1.000E+01
1.80E-01     8.681E+04     1.000E+01
2.00E-01     8.946E+04     1.000E+01
2.50E-01     9.625E+04     1.000E+01
3.00E-01     1.031E+05     1.000E+01
3.50E-01     1.098E+05     1.000E+01
4.00E-01     1.170E+05     1.000E+01
4.50E-01     1.239E+05     1.000E+01
5.00E-01     1.312E+05     1.000E+01
6.00E-01     1.463E+05     1.000E+01
7.00E-01     1.623E+05     1.000E+01
8.00E-01     1.795E+05     1.000E+01
9.00E-01     1.978E+05     1.000E+01
1.00E+00     2.173E+05     1.000E+01
1.25E+00     2.694E+05     1.000E+01
1.50E+00     3.341E+05     1.000E+01
1.75E+00     4.041E+05     1.000E+01
2.00E+00     4.886E+05     1.000E+01
2.50E+00     6.916E+05     1.000E+01
3.00E+00     9.583E+05     1.000E+01
3.50E+00     1.306E+06     1.000E+01
4.00E+00     1.754E+06     1.000E+01
5.00E+00     3.089E+06     1.000E+01
6.00E+00     5.666E+06     1.000E+01
7.00E+00     9.849E+06     1.000E+01
8.00E+00     1.262E+07     1.000E+01
9.00E+00     1.297E+07     1.000E+01
1.00E+01     1.216E+07     1.000E+01
