4        n  y81  y82                       taly      1.04220E+01      
1.00E-03     7.556E+05     1.000E+01
2.00E-03     7.632E+05     1.000E+01
3.00E-03     7.708E+05     1.000E+01
4.00E-03     7.784E+05     1.000E+01
5.00E-03     7.860E+05     1.000E+01
6.00E-03     7.830E+05     1.000E+01
7.00E-03     7.800E+05     1.000E+01
8.00E-03     7.769E+05     1.000E+01
9.00E-03     7.739E+05     1.000E+01
1.00E-02     7.709E+05     1.000E+01
1.10E-02     7.724E+05     1.000E+01
1.20E-02     7.739E+05     1.000E+01
1.30E-02     7.754E+05     1.000E+01
1.40E-02     7.769E+05     1.000E+01
1.50E-02     7.784E+05     1.000E+01
1.60E-02     7.799E+05     1.000E+01
1.80E-02     7.829E+05     1.000E+01
2.00E-02     7.859E+05     1.000E+01
2.50E-02     7.934E+05     1.000E+01
3.00E-02     8.009E+05     1.000E+01
4.00E-02     8.159E+05     1.000E+01
5.00E-02     8.309E+05     1.000E+01
6.00E-02     8.487E+05     1.000E+01
7.00E-02     8.665E+05     1.000E+01
8.00E-02     8.843E+05     1.000E+01
9.00E-02     9.021E+05     1.000E+01
1.00E-01     9.199E+05     1.000E+01
1.10E-01     9.384E+05     1.000E+01
1.20E-01     9.569E+05     1.000E+01
1.30E-01     9.754E+05     1.000E+01
1.40E-01     9.939E+05     1.000E+01
1.50E-01     1.012E+06     1.000E+01
1.60E-01     1.032E+06     1.000E+01
1.80E-01     1.070E+06     1.000E+01
2.00E-01     1.108E+06     1.000E+01
2.50E-01     1.202E+06     1.000E+01
3.00E-01     1.292E+06     1.000E+01
3.50E-01     1.374E+06     1.000E+01
4.00E-01     1.456E+06     1.000E+01
4.50E-01     1.529E+06     1.000E+01
5.00E-01     1.602E+06     1.000E+01
6.00E-01     1.737E+06     1.000E+01
7.00E-01     1.863E+06     1.000E+01
8.00E-01     1.980E+06     1.000E+01
9.00E-01     2.089E+06     1.000E+01
1.00E+00     2.191E+06     1.000E+01
1.25E+00     2.392E+06     1.000E+01
1.50E+00     2.593E+06     1.000E+01
1.75E+00     2.723E+06     1.000E+01
2.00E+00     2.853E+06     1.000E+01
2.50E+00     3.012E+06     1.000E+01
3.00E+00     3.099E+06     1.000E+01
3.50E+00     3.101E+06     1.000E+01
4.00E+00     2.961E+06     1.000E+01
5.00E+00     2.120E+06     1.000E+01
6.00E+00     1.133E+06     1.000E+01
7.00E+00     5.718E+05     1.000E+01
8.00E+00     3.119E+05     1.000E+01
9.00E+00     1.884E+05     1.000E+01
1.00E+01     1.244E+05     1.000E+01
