4        n  y80  y81                       taly      1.26360E+01      
1.00E-03     3.503E+05     1.000E+01
2.00E-03     3.539E+05     1.000E+01
3.00E-03     3.575E+05     1.000E+01
4.00E-03     3.611E+05     1.000E+01
5.00E-03     3.647E+05     1.000E+01
6.00E-03     3.633E+05     1.000E+01
7.00E-03     3.620E+05     1.000E+01
8.00E-03     3.606E+05     1.000E+01
9.00E-03     3.592E+05     1.000E+01
1.00E-02     3.579E+05     1.000E+01
1.10E-02     3.586E+05     1.000E+01
1.20E-02     3.594E+05     1.000E+01
1.30E-02     3.601E+05     1.000E+01
1.40E-02     3.609E+05     1.000E+01
1.50E-02     3.616E+05     1.000E+01
1.60E-02     3.624E+05     1.000E+01
1.80E-02     3.638E+05     1.000E+01
2.00E-02     3.653E+05     1.000E+01
2.50E-02     3.690E+05     1.000E+01
3.00E-02     3.728E+05     1.000E+01
4.00E-02     3.802E+05     1.000E+01
5.00E-02     3.876E+05     1.000E+01
6.00E-02     3.963E+05     1.000E+01
7.00E-02     4.050E+05     1.000E+01
8.00E-02     4.137E+05     1.000E+01
9.00E-02     4.223E+05     1.000E+01
1.00E-01     4.310E+05     1.000E+01
1.10E-01     4.400E+05     1.000E+01
1.20E-01     4.490E+05     1.000E+01
1.30E-01     4.580E+05     1.000E+01
1.40E-01     4.671E+05     1.000E+01
1.50E-01     4.761E+05     1.000E+01
1.60E-01     4.854E+05     1.000E+01
1.80E-01     5.040E+05     1.000E+01
2.00E-01     5.227E+05     1.000E+01
2.50E-01     5.689E+05     1.000E+01
3.00E-01     6.132E+05     1.000E+01
3.50E-01     6.540E+05     1.000E+01
4.00E-01     6.948E+05     1.000E+01
4.50E-01     7.314E+05     1.000E+01
5.00E-01     7.681E+05     1.000E+01
6.00E-01     8.348E+05     1.000E+01
7.00E-01     8.956E+05     1.000E+01
8.00E-01     9.509E+05     1.000E+01
9.00E-01     1.001E+06     1.000E+01
1.00E+00     1.046E+06     1.000E+01
1.25E+00     1.131E+06     1.000E+01
1.50E+00     1.216E+06     1.000E+01
1.75E+00     1.268E+06     1.000E+01
2.00E+00     1.319E+06     1.000E+01
2.50E+00     1.376E+06     1.000E+01
3.00E+00     1.378E+06     1.000E+01
3.50E+00     1.295E+06     1.000E+01
4.00E+00     1.119E+06     1.000E+01
5.00E+00     6.658E+05     1.000E+01
6.00E+00     3.576E+05     1.000E+01
7.00E+00     2.025E+05     1.000E+01
8.00E+00     1.251E+05     1.000E+01
9.00E+00     8.326E+04     1.000E+01
1.00E+01     5.844E+04     1.000E+01
