4      he4  y80 nb84                       taly      2.29900E+00      
1.00E-03     0.000E+00     1.000E+00
2.00E-03     0.000E+00     1.000E+00
3.00E-03     0.000E+00     1.000E+00
4.00E-03     0.000E+00     1.000E+00
5.00E-03     0.000E+00     1.000E+00
6.00E-03     0.000E+00     1.000E+00
7.00E-03     0.000E+00     1.000E+00
8.00E-03     0.000E+00     1.000E+00
9.00E-03     0.000E+00     1.000E+00
1.00E-02     0.000E+00     1.000E+00
1.10E-02     0.000E+00     1.000E+00
1.20E-02     0.000E+00     1.000E+00
1.30E-02     0.000E+00     1.000E+00
1.40E-02     0.000E+00     1.000E+00
1.50E-02     0.000E+00     1.000E+00
1.60E-02     0.000E+00     1.000E+00
1.80E-02     0.000E+00     1.000E+00
2.00E-02     0.000E+00     1.000E+00
2.50E-02     0.000E+00     1.000E+00
3.00E-02     0.000E+00     1.000E+00
4.00E-02     0.000E+00     1.000E+00
5.00E-02     0.000E+00     1.000E+00
6.00E-02     0.000E+00     1.000E+00
7.00E-02     0.000E+00     1.000E+00
8.00E-02     0.000E+00     1.000E+00
9.00E-02     0.000E+00     1.000E+00
1.00E-01     0.000E+00     1.000E+00
1.10E-01     0.000E+00     1.000E+00
1.20E-01     0.000E+00     1.000E+00
1.30E-01     0.000E+00     1.000E+00
1.40E-01     0.000E+00     1.000E+00
1.50E-01     0.000E+00     1.000E+00
1.60E-01     0.000E+00     1.000E+00
1.80E-01     0.000E+00     1.000E+00
2.00E-01     0.000E+00     1.000E+00
2.50E-01     0.000E+00     1.000E+00
3.00E-01     0.000E+00     1.000E+00
3.50E-01     1.069E-70     1.000E+01
4.00E-01     1.144E-41     1.000E+01
4.50E-01     5.297E-39     1.000E+01
5.00E-01     2.453E-36     1.000E+01
6.00E-01     1.421E-32     1.000E+01
7.00E-01     1.118E-29     1.000E+01
8.00E-01     2.471E-27     1.000E+01
9.00E-01     2.256E-25     1.000E+01
1.00E+00     1.081E-23     1.000E+01
1.25E+00     1.086E-20     1.000E+01
1.50E+00     1.092E-17     1.000E+01
1.75E+00     8.328E-16     1.000E+01
2.00E+00     6.354E-14     1.000E+01
2.50E+00     2.415E-11     1.000E+01
3.00E+00     1.876E-09     1.000E+01
3.50E+00     5.170E-08     1.000E+01
4.00E+00     6.794E-07     1.000E+01
5.00E+00     2.607E-05     1.000E+01
6.00E+00     2.986E-04     1.000E+01
7.00E+00     1.759E-03     1.000E+01
8.00E+00     6.893E-03     1.000E+01
9.00E+00     2.043E-02     1.000E+01
1.00E+01     4.910E-02     1.000E+01
