5        p  y81  he4 sr78                  taly      2.32600E+00      
1.00E-03     0.000E+00     1.000E+00
2.00E-03     0.000E+00     1.000E+00
3.00E-03     0.000E+00     1.000E+00
4.00E-03     0.000E+00     1.000E+00
5.00E-03     0.000E+00     1.000E+00
6.00E-03     0.000E+00     1.000E+00
7.00E-03     0.000E+00     1.000E+00
8.00E-03     0.000E+00     1.000E+00
9.00E-03     0.000E+00     1.000E+00
1.00E-02     0.000E+00     1.000E+00
1.10E-02     2.076E-98     1.000E+01
1.20E-02     4.308E-97     1.000E+01
1.30E-02     8.942E-96     1.000E+01
1.40E-02     1.856E-94     1.000E+01
1.50E-02     3.852E-93     1.000E+01
1.60E-02     7.996E-92     1.000E+01
1.80E-02     3.445E-89     1.000E+01
2.00E-02     1.484E-86     1.000E+01
2.50E-02     5.718E-80     1.000E+01
3.00E-02     2.203E-73     1.000E+01
4.00E-02     3.269E-60     1.000E+01
5.00E-02     4.852E-47     1.000E+01
6.00E-02     2.953E-44     1.000E+01
7.00E-02     1.797E-41     1.000E+01
8.00E-02     1.094E-38     1.000E+01
9.00E-02     6.658E-36     1.000E+01
1.00E-01     4.052E-33     1.000E+01
1.10E-01     3.316E-32     1.000E+01
1.20E-01     2.714E-31     1.000E+01
1.30E-01     2.221E-30     1.000E+01
1.40E-01     1.818E-29     1.000E+01
1.50E-01     1.488E-28     1.000E+01
1.60E-01     4.205E-28     1.000E+01
1.80E-01     3.359E-27     1.000E+01
2.00E-01     2.684E-26     1.000E+01
2.50E-01     5.875E-25     1.000E+01
3.00E-01     4.511E-24     1.000E+01
3.50E-01     2.069E-23     1.000E+01
4.00E-01     9.492E-23     1.000E+01
4.50E-01     1.490E-21     1.000E+01
5.00E-01     2.339E-20     1.000E+01
6.00E-01     4.183E-18     1.000E+01
7.00E-01     3.198E-16     1.000E+01
8.00E-01     1.167E-14     1.000E+01
9.00E-01     2.358E-13     1.000E+01
1.00E+00     3.016E-12     1.000E+01
1.25E+00     2.304E-10     1.000E+01
1.50E+00     1.760E-08     1.000E+01
1.75E+00     2.529E-07     1.000E+01
2.00E+00     3.634E-06     1.000E+01
2.50E+00     1.726E-04     1.000E+01
3.00E+00     3.537E-03     1.000E+01
3.50E+00     4.123E-02     1.000E+01
4.00E+00     3.141E-01     1.000E+01
5.00E+00     6.470E+00     1.000E+01
6.00E+00     4.751E+01     1.000E+01
7.00E+00     1.984E+02     1.000E+01
8.00E+00     6.157E+02     1.000E+01
9.00E+00     1.555E+03     1.000E+01
1.00E+01     3.293E+03     1.000E+01
