4      he4  y81 nb85                       taly      2.99300E+00      
1.00E-03     0.000E+00     1.000E+00
2.00E-03     0.000E+00     1.000E+00
3.00E-03     0.000E+00     1.000E+00
4.00E-03     0.000E+00     1.000E+00
5.00E-03     0.000E+00     1.000E+00
6.00E-03     0.000E+00     1.000E+00
7.00E-03     0.000E+00     1.000E+00
8.00E-03     0.000E+00     1.000E+00
9.00E-03     0.000E+00     1.000E+00
1.00E-02     0.000E+00     1.000E+00
1.10E-02     0.000E+00     1.000E+00
1.20E-02     0.000E+00     1.000E+00
1.30E-02     0.000E+00     1.000E+00
1.40E-02     0.000E+00     1.000E+00
1.50E-02     0.000E+00     1.000E+00
1.60E-02     0.000E+00     1.000E+00
1.80E-02     0.000E+00     1.000E+00
2.00E-02     0.000E+00     1.000E+00
2.50E-02     0.000E+00     1.000E+00
3.00E-02     0.000E+00     1.000E+00
4.00E-02     0.000E+00     1.000E+00
5.00E-02     0.000E+00     1.000E+00
6.00E-02     0.000E+00     1.000E+00
7.00E-02     0.000E+00     1.000E+00
8.00E-02     0.000E+00     1.000E+00
9.00E-02     0.000E+00     1.000E+00
1.00E-01     0.000E+00     1.000E+00
1.10E-01     0.000E+00     1.000E+00
1.20E-01     0.000E+00     1.000E+00
1.30E-01     0.000E+00     1.000E+00
1.40E-01     0.000E+00     1.000E+00
1.50E-01     0.000E+00     1.000E+00
1.60E-01     0.000E+00     1.000E+00
1.80E-01     0.000E+00     1.000E+00
2.00E-01     0.000E+00     1.000E+00
2.50E-01     0.000E+00     1.000E+00
3.00E-01     0.000E+00     1.000E+00
3.50E-01     6.651E-71     1.000E+01
4.00E-01     4.424E-42     1.000E+01
4.50E-01     2.667E-39     1.000E+01
5.00E-01     1.608E-36     1.000E+01
6.00E-01     1.304E-32     1.000E+01
7.00E-01     1.297E-29     1.000E+01
8.00E-01     3.438E-27     1.000E+01
9.00E-01     3.677E-25     1.000E+01
1.00E+00     2.036E-23     1.000E+01
1.25E+00     2.178E-20     1.000E+01
1.50E+00     2.330E-17     1.000E+01
1.75E+00     1.394E-15     1.000E+01
2.00E+00     8.341E-14     1.000E+01
2.50E+00     1.963E-11     1.000E+01
3.00E+00     1.090E-09     1.000E+01
3.50E+00     2.532E-08     1.000E+01
4.00E+00     3.219E-07     1.000E+01
5.00E+00     1.345E-05     1.000E+01
6.00E+00     1.508E-04     1.000E+01
7.00E+00     7.983E-04     1.000E+01
8.00E+00     2.847E-03     1.000E+01
9.00E+00     8.021E-03     1.000E+01
1.00E+01     1.896E-02     1.000E+01
