4        p  y80 zr81                       taly      4.53800E+00      
1.00E-03     0.000E+00     1.000E+00
2.00E-03     0.000E+00     1.000E+00
3.00E-03     0.000E+00     1.000E+00
4.00E-03     0.000E+00     1.000E+00
5.00E-03     0.000E+00     1.000E+00
6.00E-03     0.000E+00     1.000E+00
7.00E-03     0.000E+00     1.000E+00
8.00E-03     0.000E+00     1.000E+00
9.00E-03     0.000E+00     1.000E+00
1.00E-02     0.000E+00     1.000E+00
1.10E-02     2.749E-98     1.000E+01
1.20E-02     7.555E-97     1.000E+01
1.30E-02     2.077E-95     1.000E+01
1.40E-02     5.708E-94     1.000E+01
1.50E-02     1.569E-92     1.000E+01
1.60E-02     4.312E-91     1.000E+01
1.80E-02     3.258E-88     1.000E+01
2.00E-02     2.461E-85     1.000E+01
2.50E-02     3.862E-78     1.000E+01
3.00E-02     6.058E-71     1.000E+01
4.00E-02     1.491E-56     1.000E+01
5.00E-02     3.670E-42     1.000E+01
6.00E-02     2.722E-39     1.000E+01
7.00E-02     2.018E-36     1.000E+01
8.00E-02     1.496E-33     1.000E+01
9.00E-02     1.110E-30     1.000E+01
1.00E-01     8.228E-28     1.000E+01
1.10E-01     1.155E-26     1.000E+01
1.20E-01     1.621E-25     1.000E+01
1.30E-01     2.276E-24     1.000E+01
1.40E-01     3.194E-23     1.000E+01
1.50E-01     4.483E-22     1.000E+01
1.60E-01     2.315E-21     1.000E+01
1.80E-01     6.174E-20     1.000E+01
2.00E-01     1.647E-18     1.000E+01
2.50E-01     5.617E-16     1.000E+01
3.00E-01     4.789E-14     1.000E+01
3.50E-01     1.219E-12     1.000E+01
4.00E-01     3.103E-11     1.000E+01
4.50E-01     3.092E-10     1.000E+01
5.00E-01     3.081E-09     1.000E+01
6.00E-01     1.020E-07     1.000E+01
7.00E-01     1.659E-06     1.000E+01
8.00E-01     1.647E-05     1.000E+01
9.00E-01     1.136E-04     1.000E+01
1.00E+00     5.915E-04     1.000E+01
1.25E+00     9.612E-03     1.000E+01
1.50E+00     1.562E-01     1.000E+01
1.75E+00     7.524E-01     1.000E+01
2.00E+00     3.625E+00     1.000E+01
2.50E+00     2.636E+01     1.000E+01
3.00E+00     1.007E+02     1.000E+01
3.50E+00     2.524E+02     1.000E+01
4.00E+00     4.622E+02     1.000E+01
5.00E+00     8.138E+02     1.000E+01
6.00E+00     9.270E+02     1.000E+01
7.00E+00     9.134E+02     1.000E+01
8.00E+00     8.611E+02     1.000E+01
9.00E+00     7.991E+02     1.000E+01
1.00E+01     7.344E+02     1.000E+01
