4        p zn59 ga60                       taly     -1.42000E-01      
1.00E-03     0.000E+00     1.000E+00
2.00E-03     0.000E+00     1.000E+00
3.00E-03     0.000E+00     1.000E+00
4.00E-03     0.000E+00     1.000E+00
5.00E-03     0.000E+00     1.000E+00
6.00E-03     0.000E+00     1.000E+00
7.00E-03     0.000E+00     1.000E+00
8.00E-03     0.000E+00     1.000E+00
9.00E-03     0.000E+00     1.000E+00
1.00E-02     0.000E+00     1.000E+00
1.10E-02     4.971E-98     1.000E+01
1.20E-02     2.471E-96     1.000E+01
1.30E-02     1.228E-94     1.000E+01
1.40E-02     6.105E-93     1.000E+01
1.50E-02     3.034E-91     1.000E+01
1.60E-02     1.508E-89     1.000E+01
1.80E-02     3.727E-86     1.000E+01
2.00E-02     9.208E-83     1.000E+01
2.50E-02     2.794E-74     1.000E+01
3.00E-02     8.479E-66     1.000E+01
4.00E-02     7.807E-49     1.000E+01
5.00E-02     7.189E-32     1.000E+01
6.00E-02     7.937E-30     1.000E+01
7.00E-02     8.762E-28     1.000E+01
8.00E-02     9.674E-26     1.000E+01
9.00E-02     1.068E-23     1.000E+01
1.00E-01     1.179E-21     1.000E+01
1.10E-01     1.028E-20     1.000E+01
1.20E-01     8.971E-20     1.000E+01
1.30E-01     7.824E-19     1.000E+01
1.40E-01     6.825E-18     1.000E+01
1.50E-01     5.953E-17     1.000E+01
1.60E-01     2.304E-16     1.000E+01
1.80E-01     3.451E-15     1.000E+01
2.00E-01     5.168E-14     1.000E+01
2.50E-01     5.823E-12     1.000E+01
3.00E-01     1.934E-10     1.000E+01
3.50E-01     2.178E-09     1.000E+01
4.00E-01     2.452E-08     1.000E+01
4.50E-01     1.204E-07     1.000E+01
5.00E-01     5.912E-07     1.000E+01
6.00E-01     5.639E-06     1.000E+01
7.00E-01     3.052E-05     1.000E+01
8.00E-01     1.140E-04     1.000E+01
9.00E-01     3.300E-04     1.000E+01
1.00E+00     7.953E-04     1.000E+01
1.25E+00     3.365E-03     1.000E+01
1.50E+00     1.424E-02     1.000E+01
1.75E+00     3.329E-02     1.000E+01
2.00E+00     7.783E-02     1.000E+01
2.50E+00     2.537E-01     1.000E+01
3.00E+00     6.210E-01     1.000E+01
3.50E+00     1.266E+00     1.000E+01
4.00E+00     2.260E+00     1.000E+01
5.00E+00     5.050E+00     1.000E+01
6.00E+00     6.668E+00     1.000E+01
7.00E+00     6.039E+00     1.000E+01
8.00E+00     4.934E+00     1.000E+01
9.00E+00     4.115E+00     1.000E+01
1.00E+01     3.589E+00     1.000E+01
