5        n zn61    p cu61                  taly      6.41700E+00      
1.00E-03     9.411E+08     1.000E+01
2.00E-03     9.453E+08     1.000E+01
3.00E-03     9.496E+08     1.000E+01
4.00E-03     9.539E+08     1.000E+01
5.00E-03     9.582E+08     1.000E+01
6.00E-03     9.508E+08     1.000E+01
7.00E-03     9.433E+08     1.000E+01
8.00E-03     9.360E+08     1.000E+01
9.00E-03     9.287E+08     1.000E+01
1.00E-02     9.214E+08     1.000E+01
1.10E-02     9.202E+08     1.000E+01
1.20E-02     9.189E+08     1.000E+01
1.30E-02     9.176E+08     1.000E+01
1.40E-02     9.163E+08     1.000E+01
1.50E-02     9.150E+08     1.000E+01
1.60E-02     9.138E+08     1.000E+01
1.80E-02     9.112E+08     1.000E+01
2.00E-02     9.087E+08     1.000E+01
2.50E-02     9.024E+08     1.000E+01
3.00E-02     8.961E+08     1.000E+01
4.00E-02     8.838E+08     1.000E+01
5.00E-02     8.715E+08     1.000E+01
6.00E-02     8.666E+08     1.000E+01
7.00E-02     8.618E+08     1.000E+01
8.00E-02     8.569E+08     1.000E+01
9.00E-02     8.521E+08     1.000E+01
1.00E-01     8.473E+08     1.000E+01
1.10E-01     8.445E+08     1.000E+01
1.20E-01     8.417E+08     1.000E+01
1.30E-01     8.389E+08     1.000E+01
1.40E-01     8.361E+08     1.000E+01
1.50E-01     8.333E+08     1.000E+01
1.60E-01     8.318E+08     1.000E+01
1.80E-01     8.289E+08     1.000E+01
2.00E-01     8.259E+08     1.000E+01
2.50E-01     8.217E+08     1.000E+01
3.00E-01     8.187E+08     1.000E+01
3.50E-01     8.162E+08     1.000E+01
4.00E-01     8.137E+08     1.000E+01
4.50E-01     8.118E+08     1.000E+01
5.00E-01     8.099E+08     1.000E+01
6.00E-01     8.079E+08     1.000E+01
7.00E-01     8.079E+08     1.000E+01
8.00E-01     8.096E+08     1.000E+01
9.00E-01     8.128E+08     1.000E+01
1.00E+00     8.172E+08     1.000E+01
1.25E+00     8.341E+08     1.000E+01
1.50E+00     8.514E+08     1.000E+01
1.75E+00     8.733E+08     1.000E+01
2.00E+00     8.957E+08     1.000E+01
2.50E+00     9.420E+08     1.000E+01
3.00E+00     9.867E+08     1.000E+01
3.50E+00     1.028E+09     1.000E+01
4.00E+00     1.063E+09     1.000E+01
5.00E+00     1.078E+09     1.000E+01
6.00E+00     9.407E+08     1.000E+01
7.00E+00     6.746E+08     1.000E+01
8.00E+00     4.348E+08     1.000E+01
9.00E+00     2.808E+08     1.000E+01
1.00E+01     1.903E+08     1.000E+01
