4        p zn61 ga62                       taly      2.92600E+00      
1.00E-03     0.000E+00     1.000E+00
2.00E-03     0.000E+00     1.000E+00
3.00E-03     0.000E+00     1.000E+00
4.00E-03     0.000E+00     1.000E+00
5.00E-03     0.000E+00     1.000E+00
6.00E-03     0.000E+00     1.000E+00
7.00E-03     0.000E+00     1.000E+00
8.00E-03     0.000E+00     1.000E+00
9.00E-03     0.000E+00     1.000E+00
1.00E-02     0.000E+00     1.000E+00
1.10E-02     4.920E-98     1.000E+01
1.20E-02     2.421E-96     1.000E+01
1.30E-02     1.191E-94     1.000E+01
1.40E-02     5.859E-93     1.000E+01
1.50E-02     2.883E-91     1.000E+01
1.60E-02     1.418E-89     1.000E+01
1.80E-02     3.433E-86     1.000E+01
2.00E-02     8.309E-83     1.000E+01
2.50E-02     2.395E-74     1.000E+01
3.00E-02     6.904E-66     1.000E+01
4.00E-02     5.736E-49     1.000E+01
5.00E-02     4.766E-32     1.000E+01
6.00E-02     5.583E-30     1.000E+01
7.00E-02     6.540E-28     1.000E+01
8.00E-02     7.661E-26     1.000E+01
9.00E-02     8.974E-24     1.000E+01
1.00E-01     1.051E-21     1.000E+01
1.10E-01     9.222E-21     1.000E+01
1.20E-01     8.090E-20     1.000E+01
1.30E-01     7.097E-19     1.000E+01
1.40E-01     6.226E-18     1.000E+01
1.50E-01     5.462E-17     1.000E+01
1.60E-01     2.144E-16     1.000E+01
1.80E-01     3.303E-15     1.000E+01
2.00E-01     5.089E-14     1.000E+01
2.50E-01     6.594E-12     1.000E+01
3.00E-01     2.682E-10     1.000E+01
3.50E-01     3.929E-09     1.000E+01
4.00E-01     5.755E-08     1.000E+01
4.50E-01     3.761E-07     1.000E+01
5.00E-01     2.457E-06     1.000E+01
6.00E-01     3.947E-05     1.000E+01
7.00E-01     3.312E-04     1.000E+01
8.00E-01     1.770E-03     1.000E+01
9.00E-01     6.843E-03     1.000E+01
1.00E+00     2.084E-02     1.000E+01
1.25E+00     1.219E-01     1.000E+01
1.50E+00     7.132E-01     1.000E+01
1.75E+00     1.853E+00     1.000E+01
2.00E+00     4.815E+00     1.000E+01
2.50E+00     1.644E+01     1.000E+01
3.00E+00     3.981E+01     1.000E+01
3.50E+00     7.944E+01     1.000E+01
4.00E+00     1.405E+02     1.000E+01
5.00E+00     3.426E+02     1.000E+01
6.00E+00     6.077E+02     1.000E+01
7.00E+00     7.846E+02     1.000E+01
8.00E+00     8.248E+02     1.000E+01
9.00E+00     8.021E+02     1.000E+01
1.00E+01     7.706E+02     1.000E+01
