4        n zn64 zn65                       taex      7.97900E+00      
1.00E-03     3.657E+07     1.085E+00
2.00E-03     3.224E+07     1.085E+00
3.00E-03     2.792E+07     1.085E+00
4.00E-03     2.360E+07     1.085E+00
5.00E-03     1.928E+07     1.085E+00
6.00E-03     1.840E+07     1.085E+00
7.00E-03     1.753E+07     1.085E+00
8.00E-03     1.665E+07     1.085E+00
9.00E-03     1.578E+07     1.085E+00
1.00E-02     1.490E+07     1.085E+00
1.10E-02     1.478E+07     1.085E+00
1.20E-02     1.465E+07     1.085E+00
1.30E-02     1.453E+07     1.085E+00
1.40E-02     1.441E+07     1.085E+00
1.50E-02     1.428E+07     1.085E+00
1.60E-02     1.416E+07     1.085E+00
1.80E-02     1.391E+07     1.085E+00
2.00E-02     1.366E+07     1.085E+00
2.50E-02     1.303E+07     1.085E+00
3.00E-02     1.241E+07     1.085E+00
4.00E-02     1.116E+07     1.085E+00
5.00E-02     9.918E+06     1.085E+00
6.00E-02     9.716E+06     1.085E+00
7.00E-02     9.515E+06     1.085E+00
8.00E-02     9.313E+06     1.085E+00
9.00E-02     9.111E+06     1.085E+00
1.00E-01     8.909E+06     1.085E+00
1.10E-01     8.838E+06     1.085E+00
1.20E-01     8.768E+06     1.085E+00
1.30E-01     8.697E+06     1.085E+00
1.40E-01     8.626E+06     1.085E+00
1.50E-01     8.556E+06     1.085E+00
1.60E-01     8.534E+06     1.085E+00
1.80E-01     8.490E+06     1.085E+00
2.00E-01     8.447E+06     1.085E+00
2.50E-01     8.446E+06     1.085E+00
3.00E-01     8.489E+06     1.085E+00
3.50E-01     8.548E+06     1.085E+00
4.00E-01     8.608E+06     1.085E+00
4.50E-01     8.667E+06     1.085E+00
5.00E-01     8.726E+06     1.085E+00
6.00E-01     8.836E+06     1.085E+00
7.00E-01     8.940E+06     1.085E+00
8.00E-01     9.041E+06     1.085E+00
9.00E-01     9.142E+06     1.085E+00
1.00E+00     9.243E+06     1.085E+00
1.25E+00     9.508E+06     1.085E+00
1.50E+00     9.773E+06     1.085E+00
1.75E+00     1.006E+07     1.085E+00
2.00E+00     1.035E+07     1.085E+00
2.50E+00     1.094E+07     1.085E+00
3.00E+00     1.150E+07     1.085E+00
3.50E+00     1.188E+07     1.085E+00
4.00E+00     1.169E+07     1.085E+00
5.00E+00     8.247E+06     1.085E+00
6.00E+00     4.042E+06     1.085E+00
7.00E+00     1.951E+06     1.085E+00
8.00E+00     1.064E+06     1.085E+00
9.00E+00     6.543E+05     1.085E+00
1.00E+01     4.400E+05     1.085E+00
