4        n zn55 zn56                       taly      1.87270E+01      
1.00E-03     1.394E+03     1.000E+01
2.00E-03     1.400E+03     1.000E+01
3.00E-03     1.406E+03     1.000E+01
4.00E-03     1.412E+03     1.000E+01
5.00E-03     1.418E+03     1.000E+01
6.00E-03     1.407E+03     1.000E+01
7.00E-03     1.396E+03     1.000E+01
8.00E-03     1.385E+03     1.000E+01
9.00E-03     1.374E+03     1.000E+01
1.00E-02     1.362E+03     1.000E+01
1.10E-02     1.360E+03     1.000E+01
1.20E-02     1.358E+03     1.000E+01
1.30E-02     1.356E+03     1.000E+01
1.40E-02     1.354E+03     1.000E+01
1.50E-02     1.352E+03     1.000E+01
1.60E-02     1.350E+03     1.000E+01
1.80E-02     1.346E+03     1.000E+01
2.00E-02     1.341E+03     1.000E+01
2.50E-02     1.331E+03     1.000E+01
3.00E-02     1.320E+03     1.000E+01
4.00E-02     1.299E+03     1.000E+01
5.00E-02     1.278E+03     1.000E+01
6.00E-02     1.268E+03     1.000E+01
7.00E-02     1.258E+03     1.000E+01
8.00E-02     1.248E+03     1.000E+01
9.00E-02     1.238E+03     1.000E+01
1.00E-01     1.228E+03     1.000E+01
1.10E-01     1.221E+03     1.000E+01
1.20E-01     1.214E+03     1.000E+01
1.30E-01     1.208E+03     1.000E+01
1.40E-01     1.201E+03     1.000E+01
1.50E-01     1.194E+03     1.000E+01
1.60E-01     1.189E+03     1.000E+01
1.80E-01     1.179E+03     1.000E+01
2.00E-01     1.169E+03     1.000E+01
2.50E-01     1.149E+03     1.000E+01
3.00E-01     1.132E+03     1.000E+01
3.50E-01     1.117E+03     1.000E+01
4.00E-01     1.101E+03     1.000E+01
4.50E-01     1.087E+03     1.000E+01
5.00E-01     1.073E+03     1.000E+01
6.00E-01     1.046E+03     1.000E+01
7.00E-01     1.021E+03     1.000E+01
8.00E-01     9.953E+02     1.000E+01
9.00E-01     9.736E+02     1.000E+01
1.00E+00     9.669E+02     1.000E+01
1.25E+00     1.372E+03     1.000E+01
1.50E+00     1.776E+03     1.000E+01
1.75E+00     2.906E+03     1.000E+01
2.00E+00     4.036E+03     1.000E+01
2.50E+00     6.352E+03     1.000E+01
3.00E+00     8.126E+03     1.000E+01
3.50E+00     9.334E+03     1.000E+01
4.00E+00     1.007E+04     1.000E+01
5.00E+00     1.055E+04     1.000E+01
6.00E+00     1.016E+04     1.000E+01
7.00E+00     9.317E+03     1.000E+01
8.00E+00     8.248E+03     1.000E+01
9.00E+00     7.103E+03     1.000E+01
1.00E+01     5.972E+03     1.000E+01
