4      he4 zn61 ge65                       taly      2.55400E+00      
1.00E-03     0.000E+00     1.000E+00
2.00E-03     0.000E+00     1.000E+00
3.00E-03     0.000E+00     1.000E+00
4.00E-03     0.000E+00     1.000E+00
5.00E-03     0.000E+00     1.000E+00
6.00E-03     0.000E+00     1.000E+00
7.00E-03     0.000E+00     1.000E+00
8.00E-03     0.000E+00     1.000E+00
9.00E-03     0.000E+00     1.000E+00
1.00E-02     0.000E+00     1.000E+00
1.10E-02     0.000E+00     1.000E+00
1.20E-02     0.000E+00     1.000E+00
1.30E-02     0.000E+00     1.000E+00
1.40E-02     0.000E+00     1.000E+00
1.50E-02     0.000E+00     1.000E+00
1.60E-02     0.000E+00     1.000E+00
1.80E-02     0.000E+00     1.000E+00
2.00E-02     0.000E+00     1.000E+00
2.50E-02     0.000E+00     1.000E+00
3.00E-02     0.000E+00     1.000E+00
4.00E-02     0.000E+00     1.000E+00
5.00E-02     0.000E+00     1.000E+00
6.00E-02     0.000E+00     1.000E+00
7.00E-02     0.000E+00     1.000E+00
8.00E-02     0.000E+00     1.000E+00
9.00E-02     0.000E+00     1.000E+00
1.00E-01     0.000E+00     1.000E+00
1.10E-01     0.000E+00     1.000E+00
1.20E-01     0.000E+00     1.000E+00
1.30E-01     0.000E+00     1.000E+00
1.40E-01     0.000E+00     1.000E+00
1.50E-01     0.000E+00     1.000E+00
1.60E-01     0.000E+00     1.000E+00
1.80E-01     0.000E+00     1.000E+00
2.00E-01     0.000E+00     1.000E+00
2.50E-01     2.815E-43     1.000E+01
3.00E-01     1.587E-38     1.000E+01
3.50E-01     2.175E-35     1.000E+01
4.00E-01     2.979E-32     1.000E+01
4.50E-01     3.970E-30     1.000E+01
5.00E-01     5.290E-28     1.000E+01
6.00E-01     8.787E-25     1.000E+01
7.00E-01     3.160E-22     1.000E+01
8.00E-01     3.861E-20     1.000E+01
9.00E-01     2.166E-18     1.000E+01
1.00E+00     6.775E-17     1.000E+01
1.25E+00     2.408E-14     1.000E+01
1.50E+00     8.557E-12     1.000E+01
1.75E+00     2.436E-10     1.000E+01
2.00E+00     6.932E-09     1.000E+01
2.50E+00     4.990E-07     1.000E+01
3.00E+00     9.840E-06     1.000E+01
3.50E+00     9.175E-05     1.000E+01
4.00E+00     5.417E-04     1.000E+01
5.00E+00     8.372E-03     1.000E+01
6.00E+00     5.985E-02     1.000E+01
7.00E+00     2.248E-01     1.000E+01
8.00E+00     5.365E-01     1.000E+01
9.00E+00     9.879E-01     1.000E+01
1.00E+01     1.579E+00     1.000E+01
