4        n zn59 zn60                       taly      1.50300E+01      
1.00E-03     6.186E+04     1.000E+01
2.00E-03     6.216E+04     1.000E+01
3.00E-03     6.247E+04     1.000E+01
4.00E-03     6.277E+04     1.000E+01
5.00E-03     6.308E+04     1.000E+01
6.00E-03     6.260E+04     1.000E+01
7.00E-03     6.212E+04     1.000E+01
8.00E-03     6.165E+04     1.000E+01
9.00E-03     6.117E+04     1.000E+01
1.00E-02     6.070E+04     1.000E+01
1.10E-02     6.061E+04     1.000E+01
1.20E-02     6.053E+04     1.000E+01
1.30E-02     6.045E+04     1.000E+01
1.40E-02     6.037E+04     1.000E+01
1.50E-02     6.029E+04     1.000E+01
1.60E-02     6.020E+04     1.000E+01
1.80E-02     6.004E+04     1.000E+01
2.00E-02     5.988E+04     1.000E+01
2.50E-02     5.947E+04     1.000E+01
3.00E-02     5.906E+04     1.000E+01
4.00E-02     5.824E+04     1.000E+01
5.00E-02     5.741E+04     1.000E+01
6.00E-02     5.706E+04     1.000E+01
7.00E-02     5.670E+04     1.000E+01
8.00E-02     5.635E+04     1.000E+01
9.00E-02     5.599E+04     1.000E+01
1.00E-01     5.563E+04     1.000E+01
1.10E-01     5.540E+04     1.000E+01
1.20E-01     5.516E+04     1.000E+01
1.30E-01     5.493E+04     1.000E+01
1.40E-01     5.469E+04     1.000E+01
1.50E-01     5.446E+04     1.000E+01
1.60E-01     5.430E+04     1.000E+01
1.80E-01     5.399E+04     1.000E+01
2.00E-01     5.368E+04     1.000E+01
2.50E-01     5.312E+04     1.000E+01
3.00E-01     5.265E+04     1.000E+01
3.50E-01     5.222E+04     1.000E+01
4.00E-01     5.180E+04     1.000E+01
4.50E-01     5.141E+04     1.000E+01
5.00E-01     5.103E+04     1.000E+01
6.00E-01     5.036E+04     1.000E+01
7.00E-01     4.980E+04     1.000E+01
8.00E-01     4.935E+04     1.000E+01
9.00E-01     4.899E+04     1.000E+01
1.00E+00     4.872E+04     1.000E+01
1.25E+00     4.848E+04     1.000E+01
1.50E+00     4.823E+04     1.000E+01
1.75E+00     4.837E+04     1.000E+01
2.00E+00     4.850E+04     1.000E+01
2.50E+00     4.893E+04     1.000E+01
3.00E+00     4.920E+04     1.000E+01
3.50E+00     4.914E+04     1.000E+01
4.00E+00     4.842E+04     1.000E+01
5.00E+00     4.188E+04     1.000E+01
6.00E+00     2.669E+04     1.000E+01
7.00E+00     1.345E+04     1.000E+01
8.00E+00     6.734E+03     1.000E+01
9.00E+00     3.702E+03     1.000E+01
1.00E+01     2.243E+03     1.000E+01
