4      he4 zn60 ge64                       taly      2.56600E+00      
1.00E-03     0.000E+00     1.000E+00
2.00E-03     0.000E+00     1.000E+00
3.00E-03     0.000E+00     1.000E+00
4.00E-03     0.000E+00     1.000E+00
5.00E-03     0.000E+00     1.000E+00
6.00E-03     0.000E+00     1.000E+00
7.00E-03     0.000E+00     1.000E+00
8.00E-03     0.000E+00     1.000E+00
9.00E-03     0.000E+00     1.000E+00
1.00E-02     0.000E+00     1.000E+00
1.10E-02     0.000E+00     1.000E+00
1.20E-02     0.000E+00     1.000E+00
1.30E-02     0.000E+00     1.000E+00
1.40E-02     0.000E+00     1.000E+00
1.50E-02     0.000E+00     1.000E+00
1.60E-02     0.000E+00     1.000E+00
1.80E-02     0.000E+00     1.000E+00
2.00E-02     0.000E+00     1.000E+00
2.50E-02     0.000E+00     1.000E+00
3.00E-02     0.000E+00     1.000E+00
4.00E-02     0.000E+00     1.000E+00
5.00E-02     0.000E+00     1.000E+00
6.00E-02     0.000E+00     1.000E+00
7.00E-02     0.000E+00     1.000E+00
8.00E-02     0.000E+00     1.000E+00
9.00E-02     0.000E+00     1.000E+00
1.00E-01     0.000E+00     1.000E+00
1.10E-01     0.000E+00     1.000E+00
1.20E-01     0.000E+00     1.000E+00
1.30E-01     0.000E+00     1.000E+00
1.40E-01     0.000E+00     1.000E+00
1.50E-01     0.000E+00     1.000E+00
1.60E-01     0.000E+00     1.000E+00
1.80E-01     0.000E+00     1.000E+00
2.00E-01     0.000E+00     1.000E+00
2.50E-01     1.548E-44     1.000E+01
3.00E-01     2.073E-39     1.000E+01
3.50E-01     4.181E-36     1.000E+01
4.00E-01     8.432E-33     1.000E+01
4.50E-01     1.225E-30     1.000E+01
5.00E-01     1.779E-28     1.000E+01
6.00E-01     3.056E-25     1.000E+01
7.00E-01     1.160E-22     1.000E+01
8.00E-01     1.541E-20     1.000E+01
9.00E-01     9.463E-19     1.000E+01
1.00E+00     3.197E-17     1.000E+01
1.25E+00     1.155E-14     1.000E+01
1.50E+00     4.175E-12     1.000E+01
1.75E+00     1.048E-10     1.000E+01
2.00E+00     2.632E-09     1.000E+01
2.50E+00     1.442E-07     1.000E+01
3.00E+00     2.263E-06     1.000E+01
3.50E+00     1.834E-05     1.000E+01
4.00E+00     1.083E-04     1.000E+01
5.00E+00     2.574E-03     1.000E+01
6.00E+00     3.541E-02     1.000E+01
7.00E+00     2.572E-01     1.000E+01
8.00E+00     1.041E+00     1.000E+01
9.00E+00     2.464E+00     1.000E+01
1.00E+01     3.793E+00     1.000E+01
