5        n zn57  he4 ni54                  taly      1.23230E+01      
1.00E-03     1.316E+06     1.000E+01
2.00E-03     1.323E+06     1.000E+01
3.00E-03     1.329E+06     1.000E+01
4.00E-03     1.336E+06     1.000E+01
5.00E-03     1.343E+06     1.000E+01
6.00E-03     1.332E+06     1.000E+01
7.00E-03     1.322E+06     1.000E+01
8.00E-03     1.312E+06     1.000E+01
9.00E-03     1.302E+06     1.000E+01
1.00E-02     1.293E+06     1.000E+01
1.10E-02     1.291E+06     1.000E+01
1.20E-02     1.289E+06     1.000E+01
1.30E-02     1.288E+06     1.000E+01
1.40E-02     1.286E+06     1.000E+01
1.50E-02     1.285E+06     1.000E+01
1.60E-02     1.283E+06     1.000E+01
1.80E-02     1.280E+06     1.000E+01
2.00E-02     1.277E+06     1.000E+01
2.50E-02     1.269E+06     1.000E+01
3.00E-02     1.261E+06     1.000E+01
4.00E-02     1.246E+06     1.000E+01
5.00E-02     1.231E+06     1.000E+01
6.00E-02     1.226E+06     1.000E+01
7.00E-02     1.220E+06     1.000E+01
8.00E-02     1.215E+06     1.000E+01
9.00E-02     1.210E+06     1.000E+01
1.00E-01     1.205E+06     1.000E+01
1.10E-01     1.202E+06     1.000E+01
1.20E-01     1.199E+06     1.000E+01
1.30E-01     1.197E+06     1.000E+01
1.40E-01     1.194E+06     1.000E+01
1.50E-01     1.192E+06     1.000E+01
1.60E-01     1.191E+06     1.000E+01
1.80E-01     1.189E+06     1.000E+01
2.00E-01     1.188E+06     1.000E+01
2.50E-01     1.188E+06     1.000E+01
3.00E-01     1.190E+06     1.000E+01
3.50E-01     1.193E+06     1.000E+01
4.00E-01     1.196E+06     1.000E+01
4.50E-01     1.199E+06     1.000E+01
5.00E-01     1.202E+06     1.000E+01
6.00E-01     1.209E+06     1.000E+01
7.00E-01     1.214E+06     1.000E+01
8.00E-01     1.214E+06     1.000E+01
9.00E-01     1.206E+06     1.000E+01
1.00E+00     1.195E+06     1.000E+01
1.25E+00     1.287E+06     1.000E+01
1.50E+00     1.387E+06     1.000E+01
1.75E+00     1.723E+06     1.000E+01
2.00E+00     2.139E+06     1.000E+01
2.50E+00     2.925E+06     1.000E+01
3.00E+00     3.507E+06     1.000E+01
3.50E+00     3.871E+06     1.000E+01
4.00E+00     4.056E+06     1.000E+01
5.00E+00     4.060E+06     1.000E+01
6.00E+00     3.788E+06     1.000E+01
7.00E+00     3.400E+06     1.000E+01
8.00E+00     2.981E+06     1.000E+01
9.00E+00     2.567E+06     1.000E+01
1.00E+01     2.177E+06     1.000E+01
