4        n zn65 zn66                       taly      1.10580E+01      
1.00E-03     1.205E+08     1.000E+01
2.00E-03     1.084E+08     1.000E+01
3.00E-03     9.640E+07     1.000E+01
4.00E-03     8.435E+07     1.000E+01
5.00E-03     7.230E+07     1.000E+01
6.00E-03     6.906E+07     1.000E+01
7.00E-03     6.583E+07     1.000E+01
8.00E-03     6.259E+07     1.000E+01
9.00E-03     5.935E+07     1.000E+01
1.00E-02     5.611E+07     1.000E+01
1.10E-02     5.553E+07     1.000E+01
1.20E-02     5.495E+07     1.000E+01
1.30E-02     5.437E+07     1.000E+01
1.40E-02     5.378E+07     1.000E+01
1.50E-02     5.320E+07     1.000E+01
1.60E-02     5.262E+07     1.000E+01
1.80E-02     5.146E+07     1.000E+01
2.00E-02     5.030E+07     1.000E+01
2.50E-02     4.739E+07     1.000E+01
3.00E-02     4.448E+07     1.000E+01
4.00E-02     3.867E+07     1.000E+01
5.00E-02     3.285E+07     1.000E+01
6.00E-02     3.180E+07     1.000E+01
7.00E-02     3.074E+07     1.000E+01
8.00E-02     2.969E+07     1.000E+01
9.00E-02     2.864E+07     1.000E+01
1.00E-01     2.759E+07     1.000E+01
1.10E-01     2.713E+07     1.000E+01
1.20E-01     2.668E+07     1.000E+01
1.30E-01     2.623E+07     1.000E+01
1.40E-01     2.577E+07     1.000E+01
1.50E-01     2.532E+07     1.000E+01
1.60E-01     2.505E+07     1.000E+01
1.80E-01     2.452E+07     1.000E+01
2.00E-01     2.398E+07     1.000E+01
2.50E-01     2.302E+07     1.000E+01
3.00E-01     2.223E+07     1.000E+01
3.50E-01     2.153E+07     1.000E+01
4.00E-01     2.084E+07     1.000E+01
4.50E-01     2.022E+07     1.000E+01
5.00E-01     1.960E+07     1.000E+01
6.00E-01     1.850E+07     1.000E+01
7.00E-01     1.754E+07     1.000E+01
8.00E-01     1.672E+07     1.000E+01
9.00E-01     1.601E+07     1.000E+01
1.00E+00     1.540E+07     1.000E+01
1.25E+00     1.439E+07     1.000E+01
1.50E+00     1.338E+07     1.000E+01
1.75E+00     1.282E+07     1.000E+01
2.00E+00     1.226E+07     1.000E+01
2.50E+00     1.139E+07     1.000E+01
3.00E+00     1.033E+07     1.000E+01
3.50E+00     8.716E+06     1.000E+01
4.00E+00     6.705E+06     1.000E+01
5.00E+00     3.372E+06     1.000E+01
6.00E+00     1.736E+06     1.000E+01
7.00E+00     1.013E+06     1.000E+01
8.00E+00     6.643E+05     1.000E+01
9.00E+00     4.763E+05     1.000E+01
1.00E+01     3.641E+05     1.000E+01
