5        p zn63  he4 cu60                  taly      9.96000E-01      
1.00E-03     0.000E+00     1.000E+00
2.00E-03     0.000E+00     1.000E+00
3.00E-03     0.000E+00     1.000E+00
4.00E-03     0.000E+00     1.000E+00
5.00E-03     0.000E+00     1.000E+00
6.00E-03     0.000E+00     1.000E+00
7.00E-03     0.000E+00     1.000E+00
8.00E-03     0.000E+00     1.000E+00
9.00E-03     0.000E+00     1.000E+00
1.00E-02     0.000E+00     1.000E+00
1.10E-02     3.732E-98     1.000E+01
1.20E-02     1.393E-96     1.000E+01
1.30E-02     5.199E-95     1.000E+01
1.40E-02     1.941E-93     1.000E+01
1.50E-02     7.243E-92     1.000E+01
1.60E-02     2.703E-90     1.000E+01
1.80E-02     3.766E-87     1.000E+01
2.00E-02     5.246E-84     1.000E+01
2.50E-02     3.799E-76     1.000E+01
3.00E-02     2.752E-68     1.000E+01
4.00E-02     1.444E-52     1.000E+01
5.00E-02     7.573E-37     1.000E+01
6.00E-02     4.116E-35     1.000E+01
7.00E-02     2.237E-33     1.000E+01
8.00E-02     1.216E-31     1.000E+01
9.00E-02     6.608E-30     1.000E+01
1.00E-01     3.591E-28     1.000E+01
1.10E-01     1.327E-27     1.000E+01
1.20E-01     4.905E-27     1.000E+01
1.30E-01     1.813E-26     1.000E+01
1.40E-01     6.701E-26     1.000E+01
1.50E-01     2.476E-25     1.000E+01
1.60E-01     4.721E-25     1.000E+01
1.80E-01     1.716E-24     1.000E+01
2.00E-01     6.235E-24     1.000E+01
2.50E-01     4.233E-23     1.000E+01
3.00E-01     1.501E-22     1.000E+01
3.50E-01     6.444E-22     1.000E+01
4.00E-01     2.766E-21     1.000E+01
4.50E-01     7.511E-20     1.000E+01
5.00E-01     2.039E-18     1.000E+01
6.00E-01     3.693E-16     1.000E+01
7.00E-01     2.189E-14     1.000E+01
8.00E-01     6.027E-13     1.000E+01
9.00E-01     9.619E-12     1.000E+01
1.00E+00     1.030E-10     1.000E+01
1.25E+00     7.192E-09     1.000E+01
1.50E+00     5.022E-07     1.000E+01
1.75E+00     8.340E-06     1.000E+01
2.00E+00     1.385E-04     1.000E+01
2.50E+00     8.393E-03     1.000E+01
3.00E+00     2.014E-01     1.000E+01
3.50E+00     2.494E+00     1.000E+01
4.00E+00     1.804E+01     1.000E+01
5.00E+00     2.857E+02     1.000E+01
6.00E+00     1.748E+03     1.000E+01
7.00E+00     6.526E+03     1.000E+01
8.00E+00     1.813E+04     1.000E+01
9.00E+00     4.108E+04     1.000E+01
1.00E+01     7.970E+04     1.000E+01
