5        n zn60  he4 ni57                  taly      7.55500E+00      
1.00E-03     1.132E+07     1.000E+01
2.00E-03     1.136E+07     1.000E+01
3.00E-03     1.140E+07     1.000E+01
4.00E-03     1.143E+07     1.000E+01
5.00E-03     1.147E+07     1.000E+01
6.00E-03     1.137E+07     1.000E+01
7.00E-03     1.128E+07     1.000E+01
8.00E-03     1.119E+07     1.000E+01
9.00E-03     1.109E+07     1.000E+01
1.00E-02     1.100E+07     1.000E+01
1.10E-02     1.098E+07     1.000E+01
1.20E-02     1.097E+07     1.000E+01
1.30E-02     1.095E+07     1.000E+01
1.40E-02     1.093E+07     1.000E+01
1.50E-02     1.092E+07     1.000E+01
1.60E-02     1.090E+07     1.000E+01
1.80E-02     1.087E+07     1.000E+01
2.00E-02     1.084E+07     1.000E+01
2.50E-02     1.076E+07     1.000E+01
3.00E-02     1.067E+07     1.000E+01
4.00E-02     1.052E+07     1.000E+01
5.00E-02     1.036E+07     1.000E+01
6.00E-02     1.031E+07     1.000E+01
7.00E-02     1.026E+07     1.000E+01
8.00E-02     1.022E+07     1.000E+01
9.00E-02     1.017E+07     1.000E+01
1.00E-01     1.012E+07     1.000E+01
1.10E-01     1.011E+07     1.000E+01
1.20E-01     1.009E+07     1.000E+01
1.30E-01     1.008E+07     1.000E+01
1.40E-01     1.006E+07     1.000E+01
1.50E-01     1.005E+07     1.000E+01
1.60E-01     1.005E+07     1.000E+01
1.80E-01     1.006E+07     1.000E+01
2.00E-01     1.006E+07     1.000E+01
2.50E-01     1.014E+07     1.000E+01
3.00E-01     1.023E+07     1.000E+01
3.50E-01     1.033E+07     1.000E+01
4.00E-01     1.044E+07     1.000E+01
4.50E-01     1.056E+07     1.000E+01
5.00E-01     1.067E+07     1.000E+01
6.00E-01     1.093E+07     1.000E+01
7.00E-01     1.122E+07     1.000E+01
8.00E-01     1.153E+07     1.000E+01
9.00E-01     1.186E+07     1.000E+01
1.00E+00     1.221E+07     1.000E+01
1.25E+00     1.316E+07     1.000E+01
1.50E+00     1.419E+07     1.000E+01
1.75E+00     1.525E+07     1.000E+01
2.00E+00     1.640E+07     1.000E+01
2.50E+00     1.873E+07     1.000E+01
3.00E+00     2.107E+07     1.000E+01
3.50E+00     2.334E+07     1.000E+01
4.00E+00     2.545E+07     1.000E+01
5.00E+00     2.897E+07     1.000E+01
6.00E+00     3.147E+07     1.000E+01
7.00E+00     3.253E+07     1.000E+01
8.00E+00     3.063E+07     1.000E+01
9.00E+00     2.481E+07     1.000E+01
1.00E+01     1.766E+07     1.000E+01
