5        n zn58  he4 ni55                  taly      8.68300E+00      
1.00E-03     2.125E+06     1.000E+01
2.00E-03     2.136E+06     1.000E+01
3.00E-03     2.146E+06     1.000E+01
4.00E-03     2.157E+06     1.000E+01
5.00E-03     2.168E+06     1.000E+01
6.00E-03     2.151E+06     1.000E+01
7.00E-03     2.135E+06     1.000E+01
8.00E-03     2.119E+06     1.000E+01
9.00E-03     2.104E+06     1.000E+01
1.00E-02     2.088E+06     1.000E+01
1.10E-02     2.086E+06     1.000E+01
1.20E-02     2.083E+06     1.000E+01
1.30E-02     2.081E+06     1.000E+01
1.40E-02     2.079E+06     1.000E+01
1.50E-02     2.076E+06     1.000E+01
1.60E-02     2.074E+06     1.000E+01
1.80E-02     2.069E+06     1.000E+01
2.00E-02     2.065E+06     1.000E+01
2.50E-02     2.053E+06     1.000E+01
3.00E-02     2.042E+06     1.000E+01
4.00E-02     2.020E+06     1.000E+01
5.00E-02     1.997E+06     1.000E+01
6.00E-02     1.991E+06     1.000E+01
7.00E-02     1.985E+06     1.000E+01
8.00E-02     1.979E+06     1.000E+01
9.00E-02     1.973E+06     1.000E+01
1.00E-01     1.967E+06     1.000E+01
1.10E-01     1.965E+06     1.000E+01
1.20E-01     1.963E+06     1.000E+01
1.30E-01     1.962E+06     1.000E+01
1.40E-01     1.960E+06     1.000E+01
1.50E-01     1.958E+06     1.000E+01
1.60E-01     1.960E+06     1.000E+01
1.80E-01     1.962E+06     1.000E+01
2.00E-01     1.965E+06     1.000E+01
2.50E-01     1.979E+06     1.000E+01
3.00E-01     1.996E+06     1.000E+01
3.50E-01     2.013E+06     1.000E+01
4.00E-01     2.031E+06     1.000E+01
4.50E-01     2.048E+06     1.000E+01
5.00E-01     2.066E+06     1.000E+01
6.00E-01     2.096E+06     1.000E+01
7.00E-01     2.105E+06     1.000E+01
8.00E-01     2.070E+06     1.000E+01
9.00E-01     1.974E+06     1.000E+01
1.00E+00     1.819E+06     1.000E+01
1.25E+00     1.318E+06     1.000E+01
1.50E+00     9.544E+05     1.000E+01
1.75E+00     7.517E+05     1.000E+01
2.00E+00     5.921E+05     1.000E+01
2.50E+00     4.552E+05     1.000E+01
3.00E+00     3.920E+05     1.000E+01
3.50E+00     3.594E+05     1.000E+01
4.00E+00     3.435E+05     1.000E+01
5.00E+00     3.436E+05     1.000E+01
6.00E+00     3.772E+05     1.000E+01
7.00E+00     4.393E+05     1.000E+01
8.00E+00     5.234E+05     1.000E+01
9.00E+00     6.191E+05     1.000E+01
1.00E+01     7.127E+05     1.000E+01
