4      he4 zn62 ge66                       taly      2.86400E+00      
1.00E-03     0.000E+00     1.000E+00
2.00E-03     0.000E+00     1.000E+00
3.00E-03     0.000E+00     1.000E+00
4.00E-03     0.000E+00     1.000E+00
5.00E-03     0.000E+00     1.000E+00
6.00E-03     0.000E+00     1.000E+00
7.00E-03     0.000E+00     1.000E+00
8.00E-03     0.000E+00     1.000E+00
9.00E-03     0.000E+00     1.000E+00
1.00E-02     0.000E+00     1.000E+00
1.10E-02     0.000E+00     1.000E+00
1.20E-02     0.000E+00     1.000E+00
1.30E-02     0.000E+00     1.000E+00
1.40E-02     0.000E+00     1.000E+00
1.50E-02     0.000E+00     1.000E+00
1.60E-02     0.000E+00     1.000E+00
1.80E-02     0.000E+00     1.000E+00
2.00E-02     0.000E+00     1.000E+00
2.50E-02     0.000E+00     1.000E+00
3.00E-02     0.000E+00     1.000E+00
4.00E-02     0.000E+00     1.000E+00
5.00E-02     0.000E+00     1.000E+00
6.00E-02     0.000E+00     1.000E+00
7.00E-02     0.000E+00     1.000E+00
8.00E-02     0.000E+00     1.000E+00
9.00E-02     0.000E+00     1.000E+00
1.00E-01     0.000E+00     1.000E+00
1.10E-01     0.000E+00     1.000E+00
1.20E-01     0.000E+00     1.000E+00
1.30E-01     0.000E+00     1.000E+00
1.40E-01     0.000E+00     1.000E+00
1.50E-01     0.000E+00     1.000E+00
1.60E-01     0.000E+00     1.000E+00
1.80E-01     0.000E+00     1.000E+00
2.00E-01     0.000E+00     1.000E+00
2.50E-01     4.190E-43     1.000E+01
3.00E-01     2.575E-38     1.000E+01
3.50E-01     3.628E-35     1.000E+01
4.00E-01     5.113E-32     1.000E+01
4.50E-01     6.714E-30     1.000E+01
5.00E-01     8.817E-28     1.000E+01
6.00E-01     1.368E-24     1.000E+01
7.00E-01     4.677E-22     1.000E+01
8.00E-01     5.608E-20     1.000E+01
9.00E-01     3.143E-18     1.000E+01
1.00E+00     9.946E-17     1.000E+01
1.25E+00     4.096E-14     1.000E+01
1.50E+00     1.687E-11     1.000E+01
1.75E+00     6.277E-10     1.000E+01
2.00E+00     2.336E-08     1.000E+01
2.50E+00     2.608E-06     1.000E+01
3.00E+00     6.702E-05     1.000E+01
3.50E+00     6.972E-04     1.000E+01
4.00E+00     4.032E-03     1.000E+01
5.00E+00     4.515E-02     1.000E+01
6.00E+00     1.991E-01     1.000E+01
7.00E+00     4.707E-01     1.000E+01
8.00E+00     7.752E-01     1.000E+01
9.00E+00     1.090E+00     1.000E+01
1.00E+01     1.436E+00     1.000E+01
