5        n zn65  he4 ni62                  taly      6.48000E+00      
1.00E-03     2.260E+07     1.000E+01
2.00E-03     1.998E+07     1.000E+01
3.00E-03     1.766E+07     1.000E+01
4.00E-03     1.561E+07     1.000E+01
5.00E-03     1.380E+07     1.000E+01
6.00E-03     1.313E+07     1.000E+01
7.00E-03     1.250E+07     1.000E+01
8.00E-03     1.189E+07     1.000E+01
9.00E-03     1.131E+07     1.000E+01
1.00E-02     1.077E+07     1.000E+01
1.10E-02     1.063E+07     1.000E+01
1.20E-02     1.049E+07     1.000E+01
1.30E-02     1.035E+07     1.000E+01
1.40E-02     1.022E+07     1.000E+01
1.50E-02     1.009E+07     1.000E+01
1.60E-02     9.954E+06     1.000E+01
1.80E-02     9.697E+06     1.000E+01
2.00E-02     9.447E+06     1.000E+01
2.50E-02     8.849E+06     1.000E+01
3.00E-02     8.288E+06     1.000E+01
4.00E-02     7.272E+06     1.000E+01
5.00E-02     6.380E+06     1.000E+01
6.00E-02     6.185E+06     1.000E+01
7.00E-02     5.996E+06     1.000E+01
8.00E-02     5.813E+06     1.000E+01
9.00E-02     5.635E+06     1.000E+01
1.00E-01     5.463E+06     1.000E+01
1.10E-01     5.405E+06     1.000E+01
1.20E-01     5.348E+06     1.000E+01
1.30E-01     5.291E+06     1.000E+01
1.40E-01     5.235E+06     1.000E+01
1.50E-01     5.179E+06     1.000E+01
1.60E-01     5.169E+06     1.000E+01
1.80E-01     5.148E+06     1.000E+01
2.00E-01     5.128E+06     1.000E+01
2.50E-01     5.168E+06     1.000E+01
3.00E-01     5.234E+06     1.000E+01
3.50E-01     5.287E+06     1.000E+01
4.00E-01     5.341E+06     1.000E+01
4.50E-01     5.367E+06     1.000E+01
5.00E-01     5.394E+06     1.000E+01
6.00E-01     5.409E+06     1.000E+01
7.00E-01     5.408E+06     1.000E+01
8.00E-01     5.403E+06     1.000E+01
9.00E-01     5.402E+06     1.000E+01
1.00E+00     5.408E+06     1.000E+01
1.25E+00     5.493E+06     1.000E+01
1.50E+00     5.579E+06     1.000E+01
1.75E+00     5.762E+06     1.000E+01
2.00E+00     5.951E+06     1.000E+01
2.50E+00     6.416E+06     1.000E+01
3.00E+00     6.760E+06     1.000E+01
3.50E+00     6.669E+06     1.000E+01
4.00E+00     6.034E+06     1.000E+01
5.00E+00     4.292E+06     1.000E+01
6.00E+00     3.238E+06     1.000E+01
7.00E+00     2.870E+06     1.000E+01
8.00E+00     2.912E+06     1.000E+01
9.00E+00     3.205E+06     1.000E+01
1.00E+01     3.648E+06     1.000E+01
