4        n zn63 zn64                       taly      1.18620E+01      
1.00E-03     1.679E+07     1.000E+01
2.00E-03     1.658E+07     1.000E+01
3.00E-03     1.636E+07     1.000E+01
4.00E-03     1.615E+07     1.000E+01
5.00E-03     1.593E+07     1.000E+01
6.00E-03     1.569E+07     1.000E+01
7.00E-03     1.546E+07     1.000E+01
8.00E-03     1.522E+07     1.000E+01
9.00E-03     1.499E+07     1.000E+01
1.00E-02     1.475E+07     1.000E+01
1.10E-02     1.470E+07     1.000E+01
1.20E-02     1.464E+07     1.000E+01
1.30E-02     1.459E+07     1.000E+01
1.40E-02     1.453E+07     1.000E+01
1.50E-02     1.448E+07     1.000E+01
1.60E-02     1.442E+07     1.000E+01
1.80E-02     1.431E+07     1.000E+01
2.00E-02     1.420E+07     1.000E+01
2.50E-02     1.392E+07     1.000E+01
3.00E-02     1.365E+07     1.000E+01
4.00E-02     1.310E+07     1.000E+01
5.00E-02     1.255E+07     1.000E+01
6.00E-02     1.240E+07     1.000E+01
7.00E-02     1.226E+07     1.000E+01
8.00E-02     1.212E+07     1.000E+01
9.00E-02     1.197E+07     1.000E+01
1.00E-01     1.183E+07     1.000E+01
1.10E-01     1.177E+07     1.000E+01
1.20E-01     1.172E+07     1.000E+01
1.30E-01     1.167E+07     1.000E+01
1.40E-01     1.161E+07     1.000E+01
1.50E-01     1.156E+07     1.000E+01
1.60E-01     1.155E+07     1.000E+01
1.80E-01     1.152E+07     1.000E+01
2.00E-01     1.149E+07     1.000E+01
2.50E-01     1.152E+07     1.000E+01
3.00E-01     1.158E+07     1.000E+01
3.50E-01     1.167E+07     1.000E+01
4.00E-01     1.175E+07     1.000E+01
4.50E-01     1.185E+07     1.000E+01
5.00E-01     1.194E+07     1.000E+01
6.00E-01     1.214E+07     1.000E+01
7.00E-01     1.234E+07     1.000E+01
8.00E-01     1.254E+07     1.000E+01
9.00E-01     1.272E+07     1.000E+01
1.00E+00     1.289E+07     1.000E+01
1.25E+00     1.319E+07     1.000E+01
1.50E+00     1.350E+07     1.000E+01
1.75E+00     1.362E+07     1.000E+01
2.00E+00     1.374E+07     1.000E+01
2.50E+00     1.363E+07     1.000E+01
3.00E+00     1.301E+07     1.000E+01
3.50E+00     1.159E+07     1.000E+01
4.00E+00     9.378E+06     1.000E+01
5.00E+00     4.892E+06     1.000E+01
6.00E+00     2.444E+06     1.000E+01
7.00E+00     1.365E+06     1.000E+01
8.00E+00     8.611E+05     1.000E+01
9.00E+00     5.984E+05     1.000E+01
1.00E+01     4.458E+05     1.000E+01
