5        n zn63    p cu63                  taly      4.14800E+00      
1.00E-03     7.743E+08     1.000E+01
2.00E-03     7.673E+08     1.000E+01
3.00E-03     7.604E+08     1.000E+01
4.00E-03     7.536E+08     1.000E+01
5.00E-03     7.468E+08     1.000E+01
6.00E-03     7.364E+08     1.000E+01
7.00E-03     7.261E+08     1.000E+01
8.00E-03     7.160E+08     1.000E+01
9.00E-03     7.061E+08     1.000E+01
1.00E-02     6.963E+08     1.000E+01
1.10E-02     6.935E+08     1.000E+01
1.20E-02     6.907E+08     1.000E+01
1.30E-02     6.880E+08     1.000E+01
1.40E-02     6.852E+08     1.000E+01
1.50E-02     6.825E+08     1.000E+01
1.60E-02     6.798E+08     1.000E+01
1.80E-02     6.744E+08     1.000E+01
2.00E-02     6.690E+08     1.000E+01
2.50E-02     6.558E+08     1.000E+01
3.00E-02     6.429E+08     1.000E+01
4.00E-02     6.178E+08     1.000E+01
5.00E-02     5.936E+08     1.000E+01
6.00E-02     5.843E+08     1.000E+01
7.00E-02     5.751E+08     1.000E+01
8.00E-02     5.660E+08     1.000E+01
9.00E-02     5.571E+08     1.000E+01
1.00E-01     5.484E+08     1.000E+01
1.10E-01     5.432E+08     1.000E+01
1.20E-01     5.382E+08     1.000E+01
1.30E-01     5.331E+08     1.000E+01
1.40E-01     5.281E+08     1.000E+01
1.50E-01     5.232E+08     1.000E+01
1.60E-01     5.201E+08     1.000E+01
1.80E-01     5.139E+08     1.000E+01
2.00E-01     5.077E+08     1.000E+01
2.50E-01     4.975E+08     1.000E+01
3.00E-01     4.900E+08     1.000E+01
3.50E-01     4.848E+08     1.000E+01
4.00E-01     4.797E+08     1.000E+01
4.50E-01     4.761E+08     1.000E+01
5.00E-01     4.726E+08     1.000E+01
6.00E-01     4.677E+08     1.000E+01
7.00E-01     4.642E+08     1.000E+01
8.00E-01     4.619E+08     1.000E+01
9.00E-01     4.605E+08     1.000E+01
1.00E+00     4.600E+08     1.000E+01
1.25E+00     4.631E+08     1.000E+01
1.50E+00     4.663E+08     1.000E+01
1.75E+00     4.741E+08     1.000E+01
2.00E+00     4.820E+08     1.000E+01
2.50E+00     5.005E+08     1.000E+01
3.00E+00     5.110E+08     1.000E+01
3.50E+00     4.945E+08     1.000E+01
4.00E+00     4.397E+08     1.000E+01
5.00E+00     2.851E+08     1.000E+01
6.00E+00     1.813E+08     1.000E+01
7.00E+00     1.303E+08     1.000E+01
8.00E+00     1.059E+08     1.000E+01
9.00E+00     9.415E+07     1.000E+01
1.00E+01     8.832E+07     1.000E+01
