5        n zn57    p cu57                  taly      1.55440E+01      
1.00E-03     2.677E+06     1.000E+01
2.00E-03     2.689E+06     1.000E+01
3.00E-03     2.702E+06     1.000E+01
4.00E-03     2.715E+06     1.000E+01
5.00E-03     2.728E+06     1.000E+01
6.00E-03     2.707E+06     1.000E+01
7.00E-03     2.686E+06     1.000E+01
8.00E-03     2.665E+06     1.000E+01
9.00E-03     2.645E+06     1.000E+01
1.00E-02     2.624E+06     1.000E+01
1.10E-02     2.621E+06     1.000E+01
1.20E-02     2.617E+06     1.000E+01
1.30E-02     2.613E+06     1.000E+01
1.40E-02     2.610E+06     1.000E+01
1.50E-02     2.606E+06     1.000E+01
1.60E-02     2.603E+06     1.000E+01
1.80E-02     2.596E+06     1.000E+01
2.00E-02     2.588E+06     1.000E+01
2.50E-02     2.571E+06     1.000E+01
3.00E-02     2.553E+06     1.000E+01
4.00E-02     2.518E+06     1.000E+01
5.00E-02     2.483E+06     1.000E+01
6.00E-02     2.469E+06     1.000E+01
7.00E-02     2.454E+06     1.000E+01
8.00E-02     2.440E+06     1.000E+01
9.00E-02     2.425E+06     1.000E+01
1.00E-01     2.411E+06     1.000E+01
1.10E-01     2.402E+06     1.000E+01
1.20E-01     2.393E+06     1.000E+01
1.30E-01     2.384E+06     1.000E+01
1.40E-01     2.375E+06     1.000E+01
1.50E-01     2.366E+06     1.000E+01
1.60E-01     2.361E+06     1.000E+01
1.80E-01     2.350E+06     1.000E+01
2.00E-01     2.339E+06     1.000E+01
2.50E-01     2.321E+06     1.000E+01
3.00E-01     2.307E+06     1.000E+01
3.50E-01     2.294E+06     1.000E+01
4.00E-01     2.282E+06     1.000E+01
4.50E-01     2.270E+06     1.000E+01
5.00E-01     2.259E+06     1.000E+01
6.00E-01     2.237E+06     1.000E+01
7.00E-01     2.210E+06     1.000E+01
8.00E-01     2.172E+06     1.000E+01
9.00E-01     2.112E+06     1.000E+01
1.00E+00     2.027E+06     1.000E+01
1.25E+00     1.696E+06     1.000E+01
1.50E+00     1.419E+06     1.000E+01
1.75E+00     1.256E+06     1.000E+01
2.00E+00     1.112E+06     1.000E+01
2.50E+00     1.072E+06     1.000E+01
3.00E+00     1.101E+06     1.000E+01
3.50E+00     1.126E+06     1.000E+01
4.00E+00     1.131E+06     1.000E+01
5.00E+00     1.083E+06     1.000E+01
6.00E+00     9.884E+05     1.000E+01
7.00E+00     8.764E+05     1.000E+01
8.00E+00     7.629E+05     1.000E+01
9.00E+00     6.549E+05     1.000E+01
1.00E+01     5.550E+05     1.000E+01
