5        p zn65  he4 cu62                  taly      1.73900E+00      
1.00E-03     0.000E+00     1.000E+00
2.00E-03     0.000E+00     1.000E+00
3.00E-03     0.000E+00     1.000E+00
4.00E-03     0.000E+00     1.000E+00
5.00E-03     0.000E+00     1.000E+00
6.00E-03     0.000E+00     1.000E+00
7.00E-03     0.000E+00     1.000E+00
8.00E-03     0.000E+00     1.000E+00
9.00E-03     0.000E+00     1.000E+00
1.00E-02     0.000E+00     1.000E+00
1.10E-02     3.959E-98     1.000E+01
1.20E-02     1.568E-96     1.000E+01
1.30E-02     6.207E-95     1.000E+01
1.40E-02     2.458E-93     1.000E+01
1.50E-02     9.731E-92     1.000E+01
1.60E-02     3.853E-90     1.000E+01
1.80E-02     6.040E-87     1.000E+01
2.00E-02     9.469E-84     1.000E+01
2.50E-02     9.215E-76     1.000E+01
3.00E-02     8.967E-68     1.000E+01
4.00E-02     8.491E-52     1.000E+01
5.00E-02     8.040E-36     1.000E+01
6.00E-02     3.422E-34     1.000E+01
7.00E-02     1.456E-32     1.000E+01
8.00E-02     6.198E-31     1.000E+01
9.00E-02     2.638E-29     1.000E+01
1.00E-01     1.123E-27     1.000E+01
1.10E-01     3.826E-27     1.000E+01
1.20E-01     1.304E-26     1.000E+01
1.30E-01     4.442E-26     1.000E+01
1.40E-01     1.514E-25     1.000E+01
1.50E-01     5.158E-25     1.000E+01
1.60E-01     9.461E-25     1.000E+01
1.80E-01     3.183E-24     1.000E+01
2.00E-01     1.071E-23     1.000E+01
2.50E-01     1.439E-22     1.000E+01
3.00E-01     1.038E-20     1.000E+01
3.50E-01     4.123E-19     1.000E+01
4.00E-01     1.638E-17     1.000E+01
4.50E-01     2.615E-16     1.000E+01
5.00E-01     4.175E-15     1.000E+01
6.00E-01     3.330E-13     1.000E+01
7.00E-01     1.159E-11     1.000E+01
8.00E-01     2.172E-10     1.000E+01
9.00E-01     2.562E-09     1.000E+01
1.00E+00     2.128E-08     1.000E+01
1.25E+00     9.008E-07     1.000E+01
1.50E+00     3.813E-05     1.000E+01
1.75E+00     4.231E-04     1.000E+01
2.00E+00     4.695E-03     1.000E+01
2.50E+00     1.534E-01     1.000E+01
3.00E+00     2.189E+00     1.000E+01
3.50E+00     1.701E+01     1.000E+01
4.00E+00     8.190E+01     1.000E+01
5.00E+00     7.163E+02     1.000E+01
6.00E+00     3.079E+03     1.000E+01
7.00E+00     9.331E+03     1.000E+01
8.00E+00     2.306E+04     1.000E+01
9.00E+00     4.958E+04     1.000E+01
1.00E+01     9.533E+04     1.000E+01
