5        n zn58    p cu58                  taly      1.01510E+01      
1.00E-03     5.276E+08     1.000E+01
2.00E-03     5.301E+08     1.000E+01
3.00E-03     5.326E+08     1.000E+01
4.00E-03     5.351E+08     1.000E+01
5.00E-03     5.376E+08     1.000E+01
6.00E-03     5.334E+08     1.000E+01
7.00E-03     5.292E+08     1.000E+01
8.00E-03     5.251E+08     1.000E+01
9.00E-03     5.210E+08     1.000E+01
1.00E-02     5.170E+08     1.000E+01
1.10E-02     5.162E+08     1.000E+01
1.20E-02     5.155E+08     1.000E+01
1.30E-02     5.148E+08     1.000E+01
1.40E-02     5.140E+08     1.000E+01
1.50E-02     5.133E+08     1.000E+01
1.60E-02     5.126E+08     1.000E+01
1.80E-02     5.111E+08     1.000E+01
2.00E-02     5.096E+08     1.000E+01
2.50E-02     5.060E+08     1.000E+01
3.00E-02     5.024E+08     1.000E+01
4.00E-02     4.952E+08     1.000E+01
5.00E-02     4.882E+08     1.000E+01
6.00E-02     4.851E+08     1.000E+01
7.00E-02     4.821E+08     1.000E+01
8.00E-02     4.790E+08     1.000E+01
9.00E-02     4.760E+08     1.000E+01
1.00E-01     4.730E+08     1.000E+01
1.10E-01     4.711E+08     1.000E+01
1.20E-01     4.691E+08     1.000E+01
1.30E-01     4.672E+08     1.000E+01
1.40E-01     4.652E+08     1.000E+01
1.50E-01     4.633E+08     1.000E+01
1.60E-01     4.621E+08     1.000E+01
1.80E-01     4.596E+08     1.000E+01
2.00E-01     4.572E+08     1.000E+01
2.50E-01     4.529E+08     1.000E+01
3.00E-01     4.494E+08     1.000E+01
3.50E-01     4.463E+08     1.000E+01
4.00E-01     4.433E+08     1.000E+01
4.50E-01     4.403E+08     1.000E+01
5.00E-01     4.374E+08     1.000E+01
6.00E-01     4.304E+08     1.000E+01
7.00E-01     4.191E+08     1.000E+01
8.00E-01     3.991E+08     1.000E+01
9.00E-01     3.677E+08     1.000E+01
1.00E+00     3.265E+08     1.000E+01
1.25E+00     2.124E+08     1.000E+01
1.50E+00     1.382E+08     1.000E+01
1.75E+00     9.741E+07     1.000E+01
2.00E+00     6.867E+07     1.000E+01
2.50E+00     4.346E+07     1.000E+01
3.00E+00     3.160E+07     1.000E+01
3.50E+00     2.482E+07     1.000E+01
4.00E+00     2.044E+07     1.000E+01
5.00E+00     1.507E+07     1.000E+01
6.00E+00     1.188E+07     1.000E+01
7.00E+00     9.721E+06     1.000E+01
8.00E+00     8.117E+06     1.000E+01
9.00E+00     6.827E+06     1.000E+01
1.00E+01     5.731E+06     1.000E+01
