4        p zn60 ga61                       taly      2.50000E-01      
1.00E-03     0.000E+00     1.000E+00
2.00E-03     0.000E+00     1.000E+00
3.00E-03     0.000E+00     1.000E+00
4.00E-03     0.000E+00     1.000E+00
5.00E-03     0.000E+00     1.000E+00
6.00E-03     0.000E+00     1.000E+00
7.00E-03     0.000E+00     1.000E+00
8.00E-03     0.000E+00     1.000E+00
9.00E-03     0.000E+00     1.000E+00
1.00E-02     0.000E+00     1.000E+00
1.10E-02     4.959E-98     1.000E+01
1.20E-02     2.460E-96     1.000E+01
1.30E-02     1.220E-94     1.000E+01
1.40E-02     6.049E-93     1.000E+01
1.50E-02     3.000E-91     1.000E+01
1.60E-02     1.488E-89     1.000E+01
1.80E-02     3.659E-86     1.000E+01
2.00E-02     9.001E-83     1.000E+01
2.50E-02     2.700E-74     1.000E+01
3.00E-02     8.101E-66     1.000E+01
4.00E-02     7.291E-49     1.000E+01
5.00E-02     6.563E-32     1.000E+01
6.00E-02     7.277E-30     1.000E+01
7.00E-02     8.069E-28     1.000E+01
8.00E-02     8.947E-26     1.000E+01
9.00E-02     9.921E-24     1.000E+01
1.00E-01     1.100E-21     1.000E+01
1.10E-01     9.632E-21     1.000E+01
1.20E-01     8.433E-20     1.000E+01
1.30E-01     7.384E-19     1.000E+01
1.40E-01     6.465E-18     1.000E+01
1.50E-01     5.661E-17     1.000E+01
1.60E-01     2.216E-16     1.000E+01
1.80E-01     3.396E-15     1.000E+01
2.00E-01     5.204E-14     1.000E+01
2.50E-01     6.517E-12     1.000E+01
3.00E-01     2.488E-10     1.000E+01
3.50E-01     3.252E-09     1.000E+01
4.00E-01     4.252E-08     1.000E+01
4.50E-01     2.384E-07     1.000E+01
5.00E-01     1.336E-06     1.000E+01
6.00E-01     1.587E-05     1.000E+01
7.00E-01     1.027E-04     1.000E+01
8.00E-01     4.448E-04     1.000E+01
9.00E-01     1.455E-03     1.000E+01
1.00E+00     3.881E-03     1.000E+01
1.25E+00     1.904E-02     1.000E+01
1.50E+00     9.343E-02     1.000E+01
1.75E+00     2.288E-01     1.000E+01
2.00E+00     5.603E-01     1.000E+01
2.50E+00     1.821E+00     1.000E+01
3.00E+00     4.254E+00     1.000E+01
3.50E+00     8.136E+00     1.000E+01
4.00E+00     1.367E+01     1.000E+01
5.00E+00     3.033E+01     1.000E+01
6.00E+00     5.514E+01     1.000E+01
7.00E+00     8.664E+01     1.000E+01
8.00E+00     1.145E+02     1.000E+01
9.00E+00     1.205E+02     1.000E+01
1.00E+01     1.037E+02     1.000E+01
