4        n zn58 zn59                       taly      1.29880E+01      
1.00E-03     6.214E+04     1.000E+01
2.00E-03     6.243E+04     1.000E+01
3.00E-03     6.271E+04     1.000E+01
4.00E-03     6.300E+04     1.000E+01
5.00E-03     6.329E+04     1.000E+01
6.00E-03     6.280E+04     1.000E+01
7.00E-03     6.231E+04     1.000E+01
8.00E-03     6.183E+04     1.000E+01
9.00E-03     6.134E+04     1.000E+01
1.00E-02     6.085E+04     1.000E+01
1.10E-02     6.076E+04     1.000E+01
1.20E-02     6.068E+04     1.000E+01
1.30E-02     6.059E+04     1.000E+01
1.40E-02     6.050E+04     1.000E+01
1.50E-02     6.041E+04     1.000E+01
1.60E-02     6.032E+04     1.000E+01
1.80E-02     6.015E+04     1.000E+01
2.00E-02     5.997E+04     1.000E+01
2.50E-02     5.953E+04     1.000E+01
3.00E-02     5.909E+04     1.000E+01
4.00E-02     5.821E+04     1.000E+01
5.00E-02     5.733E+04     1.000E+01
6.00E-02     5.693E+04     1.000E+01
7.00E-02     5.654E+04     1.000E+01
8.00E-02     5.615E+04     1.000E+01
9.00E-02     5.575E+04     1.000E+01
1.00E-01     5.536E+04     1.000E+01
1.10E-01     5.510E+04     1.000E+01
1.20E-01     5.483E+04     1.000E+01
1.30E-01     5.457E+04     1.000E+01
1.40E-01     5.431E+04     1.000E+01
1.50E-01     5.404E+04     1.000E+01
1.60E-01     5.386E+04     1.000E+01
1.80E-01     5.350E+04     1.000E+01
2.00E-01     5.313E+04     1.000E+01
2.50E-01     5.245E+04     1.000E+01
3.00E-01     5.187E+04     1.000E+01
3.50E-01     5.134E+04     1.000E+01
4.00E-01     5.081E+04     1.000E+01
4.50E-01     5.031E+04     1.000E+01
5.00E-01     4.981E+04     1.000E+01
6.00E-01     4.871E+04     1.000E+01
7.00E-01     4.715E+04     1.000E+01
8.00E-01     4.465E+04     1.000E+01
9.00E-01     4.093E+04     1.000E+01
1.00E+00     3.618E+04     1.000E+01
1.25E+00     2.568E+04     1.000E+01
1.50E+00     1.517E+04     1.000E+01
1.75E+00     1.143E+04     1.000E+01
2.00E+00     7.681E+03     1.000E+01
2.50E+00     5.072E+03     1.000E+01
3.00E+00     3.899E+03     1.000E+01
3.50E+00     3.260E+03     1.000E+01
4.00E+00     2.862E+03     1.000E+01
5.00E+00     2.398E+03     1.000E+01
6.00E+00     2.135E+03     1.000E+01
7.00E+00     1.960E+03     1.000E+01
8.00E+00     1.821E+03     1.000E+01
9.00E+00     1.693E+03     1.000E+01
1.00E+01     1.562E+03     1.000E+01
