4        p zn63 ga64                       taly      3.90900E+00      
1.00E-03     0.000E+00     1.000E+00
2.00E-03     0.000E+00     1.000E+00
3.00E-03     0.000E+00     1.000E+00
4.00E-03     0.000E+00     1.000E+00
5.00E-03     0.000E+00     1.000E+00
6.00E-03     0.000E+00     1.000E+00
7.00E-03     0.000E+00     1.000E+00
8.00E-03     0.000E+00     1.000E+00
9.00E-03     0.000E+00     1.000E+00
1.00E-02     0.000E+00     1.000E+00
1.10E-02     4.956E-98     1.000E+01
1.20E-02     2.456E-96     1.000E+01
1.30E-02     1.217E-94     1.000E+01
1.40E-02     6.033E-93     1.000E+01
1.50E-02     2.990E-91     1.000E+01
1.60E-02     1.482E-89     1.000E+01
1.80E-02     3.640E-86     1.000E+01
2.00E-02     8.940E-83     1.000E+01
2.50E-02     2.673E-74     1.000E+01
3.00E-02     7.993E-66     1.000E+01
4.00E-02     7.146E-49     1.000E+01
5.00E-02     6.389E-32     1.000E+01
6.00E-02     7.114E-30     1.000E+01
7.00E-02     7.922E-28     1.000E+01
8.00E-02     8.822E-26     1.000E+01
9.00E-02     9.823E-24     1.000E+01
1.00E-01     1.094E-21     1.000E+01
1.10E-01     9.612E-21     1.000E+01
1.20E-01     8.446E-20     1.000E+01
1.30E-01     7.422E-19     1.000E+01
1.40E-01     6.522E-18     1.000E+01
1.50E-01     5.731E-17     1.000E+01
1.60E-01     2.251E-16     1.000E+01
1.80E-01     3.474E-15     1.000E+01
2.00E-01     5.361E-14     1.000E+01
2.50E-01     6.913E-12     1.000E+01
3.00E-01     2.802E-10     1.000E+01
3.50E-01     4.145E-09     1.000E+01
4.00E-01     6.130E-08     1.000E+01
4.50E-01     4.144E-07     1.000E+01
5.00E-01     2.801E-06     1.000E+01
6.00E-01     5.104E-05     1.000E+01
7.00E-01     5.110E-04     1.000E+01
8.00E-01     3.359E-03     1.000E+01
9.00E-01     1.616E-02     1.000E+01
1.00E+00     6.102E-02     1.000E+01
1.25E+00     5.517E-01     1.000E+01
1.50E+00     4.988E+00     1.000E+01
1.75E+00     1.697E+01     1.000E+01
2.00E+00     5.776E+01     1.000E+01
2.50E+00     2.720E+02     1.000E+01
3.00E+00     7.747E+02     1.000E+01
3.50E+00     1.561E+03     1.000E+01
4.00E+00     2.391E+03     1.000E+01
5.00E+00     3.214E+03     1.000E+01
6.00E+00     3.176E+03     1.000E+01
7.00E+00     2.992E+03     1.000E+01
8.00E+00     2.868E+03     1.000E+01
9.00E+00     2.816E+03     1.000E+01
1.00E+01     2.814E+03     1.000E+01
