5      he4 zn56    p ga59                  taly      3.52900E+00      
1.00E-03     0.000E+00     1.000E+00
2.00E-03     0.000E+00     1.000E+00
3.00E-03     0.000E+00     1.000E+00
4.00E-03     0.000E+00     1.000E+00
5.00E-03     0.000E+00     1.000E+00
6.00E-03     0.000E+00     1.000E+00
7.00E-03     0.000E+00     1.000E+00
8.00E-03     0.000E+00     1.000E+00
9.00E-03     0.000E+00     1.000E+00
1.00E-02     0.000E+00     1.000E+00
1.10E-02     0.000E+00     1.000E+00
1.20E-02     0.000E+00     1.000E+00
1.30E-02     0.000E+00     1.000E+00
1.40E-02     0.000E+00     1.000E+00
1.50E-02     0.000E+00     1.000E+00
1.60E-02     0.000E+00     1.000E+00
1.80E-02     0.000E+00     1.000E+00
2.00E-02     0.000E+00     1.000E+00
2.50E-02     0.000E+00     1.000E+00
3.00E-02     0.000E+00     1.000E+00
4.00E-02     0.000E+00     1.000E+00
5.00E-02     0.000E+00     1.000E+00
6.00E-02     0.000E+00     1.000E+00
7.00E-02     0.000E+00     1.000E+00
8.00E-02     0.000E+00     1.000E+00
9.00E-02     0.000E+00     1.000E+00
1.00E-01     0.000E+00     1.000E+00
1.10E-01     0.000E+00     1.000E+00
1.20E-01     0.000E+00     1.000E+00
1.30E-01     0.000E+00     1.000E+00
1.40E-01     0.000E+00     1.000E+00
1.50E-01     0.000E+00     1.000E+00
1.60E-01     0.000E+00     1.000E+00
1.80E-01     0.000E+00     1.000E+00
2.00E-01     0.000E+00     1.000E+00
2.50E-01     1.028E-43     1.000E+01
3.00E-01     5.522E-39     1.000E+01
3.50E-01     6.932E-36     1.000E+01
4.00E-01     8.703E-33     1.000E+01
4.50E-01     1.031E-30     1.000E+01
5.00E-01     1.223E-28     1.000E+01
6.00E-01     1.595E-25     1.000E+01
7.00E-01     4.685E-23     1.000E+01
8.00E-01     4.862E-21     1.000E+01
9.00E-01     2.345E-19     1.000E+01
1.00E+00     6.295E-18     1.000E+01
1.25E+00     1.565E-15     1.000E+01
1.50E+00     3.889E-13     1.000E+01
1.75E+00     9.878E-12     1.000E+01
2.00E+00     2.509E-10     1.000E+01
2.50E+00     2.164E-08     1.000E+01
3.00E+00     6.021E-07     1.000E+01
3.50E+00     8.098E-06     1.000E+01
4.00E+00     6.554E-05     1.000E+01
5.00E+00     1.517E-03     1.000E+01
6.00E+00     1.394E-02     1.000E+01
7.00E+00     7.055E-02     1.000E+01
8.00E+00     2.379E-01     1.000E+01
9.00E+00     6.017E-01     1.000E+01
1.00E+01     1.230E+00     1.000E+01
