4        p zr82 nb83                       taly      1.75700E+00      
1.00E-03     0.000E+00     1.000E+00
2.00E-03     0.000E+00     1.000E+00
3.00E-03     0.000E+00     1.000E+00
4.00E-03     0.000E+00     1.000E+00
5.00E-03     0.000E+00     1.000E+00
6.00E-03     0.000E+00     1.000E+00
7.00E-03     0.000E+00     1.000E+00
8.00E-03     0.000E+00     1.000E+00
9.00E-03     0.000E+00     1.000E+00
1.00E-02     0.000E+00     1.000E+00
1.10E-02     2.603E-98     1.000E+01
1.20E-02     6.777E-97     1.000E+01
1.30E-02     1.764E-95     1.000E+01
1.40E-02     4.592E-94     1.000E+01
1.50E-02     1.195E-92     1.000E+01
1.60E-02     3.112E-91     1.000E+01
1.80E-02     2.109E-88     1.000E+01
2.00E-02     1.429E-85     1.000E+01
2.50E-02     1.708E-78     1.000E+01
3.00E-02     2.042E-71     1.000E+01
4.00E-02     2.918E-57     1.000E+01
5.00E-02     4.170E-43     1.000E+01
6.00E-02     3.570E-40     1.000E+01
7.00E-02     3.057E-37     1.000E+01
8.00E-02     2.617E-34     1.000E+01
9.00E-02     2.241E-31     1.000E+01
1.00E-01     1.919E-28     1.000E+01
1.10E-01     2.825E-27     1.000E+01
1.20E-01     4.159E-26     1.000E+01
1.30E-01     6.124E-25     1.000E+01
1.40E-01     9.017E-24     1.000E+01
1.50E-01     1.328E-22     1.000E+01
1.60E-01     7.049E-22     1.000E+01
1.80E-01     1.987E-20     1.000E+01
2.00E-01     5.601E-19     1.000E+01
2.50E-01     2.109E-16     1.000E+01
3.00E-01     1.960E-14     1.000E+01
3.50E-01     5.305E-13     1.000E+01
4.00E-01     1.436E-11     1.000E+01
4.50E-01     1.479E-10     1.000E+01
5.00E-01     1.523E-09     1.000E+01
6.00E-01     5.219E-08     1.000E+01
7.00E-01     8.489E-07     1.000E+01
8.00E-01     8.140E-06     1.000E+01
9.00E-01     5.284E-05     1.000E+01
1.00E+00     2.551E-04     1.000E+01
1.25E+00     3.442E-03     1.000E+01
1.50E+00     4.644E-02     1.000E+01
1.75E+00     2.014E-01     1.000E+01
2.00E+00     8.735E-01     1.000E+01
2.50E+00     5.902E+00     1.000E+01
3.00E+00     2.317E+01     1.000E+01
3.50E+00     6.614E+01     1.000E+01
4.00E+00     1.543E+02     1.000E+01
5.00E+00     5.511E+02     1.000E+01
6.00E+00     9.584E+02     1.000E+01
7.00E+00     7.645E+02     1.000E+01
8.00E+00     5.015E+02     1.000E+01
9.00E+00     3.528E+02     1.000E+01
1.00E+01     2.727E+02     1.000E+01
