4        p zr83 nb84                       taly      2.39900E+00      
1.00E-03     0.000E+00     1.000E+00
2.00E-03     0.000E+00     1.000E+00
3.00E-03     0.000E+00     1.000E+00
4.00E-03     0.000E+00     1.000E+00
5.00E-03     0.000E+00     1.000E+00
6.00E-03     0.000E+00     1.000E+00
7.00E-03     0.000E+00     1.000E+00
8.00E-03     0.000E+00     1.000E+00
9.00E-03     0.000E+00     1.000E+00
1.00E-02     0.000E+00     1.000E+00
1.10E-02     2.622E-98     1.000E+01
1.20E-02     6.877E-97     1.000E+01
1.30E-02     1.803E-95     1.000E+01
1.40E-02     4.729E-94     1.000E+01
1.50E-02     1.240E-92     1.000E+01
1.60E-02     3.252E-91     1.000E+01
1.80E-02     2.236E-88     1.000E+01
2.00E-02     1.538E-85     1.000E+01
2.50E-02     1.907E-78     1.000E+01
3.00E-02     2.365E-71     1.000E+01
4.00E-02     3.638E-57     1.000E+01
5.00E-02     5.595E-43     1.000E+01
6.00E-02     4.648E-40     1.000E+01
7.00E-02     3.862E-37     1.000E+01
8.00E-02     3.209E-34     1.000E+01
9.00E-02     2.666E-31     1.000E+01
1.00E-01     2.215E-28     1.000E+01
1.10E-01     3.366E-27     1.000E+01
1.20E-01     5.116E-26     1.000E+01
1.30E-01     7.775E-25     1.000E+01
1.40E-01     1.182E-23     1.000E+01
1.50E-01     1.796E-22     1.000E+01
1.60E-01     1.010E-21     1.000E+01
1.80E-01     3.196E-20     1.000E+01
2.00E-01     1.011E-18     1.000E+01
2.50E-01     3.884E-16     1.000E+01
3.00E-01     3.335E-14     1.000E+01
3.50E-01     8.394E-13     1.000E+01
4.00E-01     2.112E-11     1.000E+01
4.50E-01     2.105E-10     1.000E+01
5.00E-01     2.097E-09     1.000E+01
6.00E-01     6.986E-08     1.000E+01
7.00E-01     1.140E-06     1.000E+01
8.00E-01     1.132E-05     1.000E+01
9.00E-01     7.778E-05     1.000E+01
1.00E+00     4.018E-04     1.000E+01
1.25E+00     6.366E-03     1.000E+01
1.50E+00     1.009E-01     1.000E+01
1.75E+00     4.842E-01     1.000E+01
2.00E+00     2.324E+00     1.000E+01
2.50E+00     1.755E+01     1.000E+01
3.00E+00     7.123E+01     1.000E+01
3.50E+00     1.899E+02     1.000E+01
4.00E+00     3.614E+02     1.000E+01
5.00E+00     6.443E+02     1.000E+01
6.00E+00     7.510E+02     1.000E+01
7.00E+00     7.838E+02     1.000E+01
8.00E+00     7.927E+02     1.000E+01
9.00E+00     7.889E+02     1.000E+01
1.00E+01     7.762E+02     1.000E+01
