5        n zr78  he4 sr75                  taly      1.09630E+01      
1.00E-03     5.586E+04     1.000E+01
2.00E-03     5.642E+04     1.000E+01
3.00E-03     5.699E+04     1.000E+01
4.00E-03     5.756E+04     1.000E+01
5.00E-03     5.813E+04     1.000E+01
6.00E-03     5.791E+04     1.000E+01
7.00E-03     5.769E+04     1.000E+01
8.00E-03     5.747E+04     1.000E+01
9.00E-03     5.725E+04     1.000E+01
1.00E-02     5.703E+04     1.000E+01
1.10E-02     5.714E+04     1.000E+01
1.20E-02     5.725E+04     1.000E+01
1.30E-02     5.736E+04     1.000E+01
1.40E-02     5.748E+04     1.000E+01
1.50E-02     5.759E+04     1.000E+01
1.60E-02     5.770E+04     1.000E+01
1.80E-02     5.792E+04     1.000E+01
2.00E-02     5.815E+04     1.000E+01
2.50E-02     5.871E+04     1.000E+01
3.00E-02     5.929E+04     1.000E+01
4.00E-02     6.045E+04     1.000E+01
5.00E-02     6.163E+04     1.000E+01
6.00E-02     6.295E+04     1.000E+01
7.00E-02     6.430E+04     1.000E+01
8.00E-02     6.567E+04     1.000E+01
9.00E-02     6.708E+04     1.000E+01
1.00E-01     6.852E+04     1.000E+01
1.10E-01     6.992E+04     1.000E+01
1.20E-01     7.135E+04     1.000E+01
1.30E-01     7.281E+04     1.000E+01
1.40E-01     7.431E+04     1.000E+01
1.50E-01     7.583E+04     1.000E+01
1.60E-01     7.731E+04     1.000E+01
1.80E-01     8.037E+04     1.000E+01
2.00E-01     8.354E+04     1.000E+01
2.50E-01     9.135E+04     1.000E+01
3.00E-01     9.897E+04     1.000E+01
3.50E-01     1.059E+05     1.000E+01
4.00E-01     1.132E+05     1.000E+01
4.50E-01     1.185E+05     1.000E+01
5.00E-01     1.241E+05     1.000E+01
6.00E-01     1.267E+05     1.000E+01
7.00E-01     1.171E+05     1.000E+01
8.00E-01     9.893E+04     1.000E+01
9.00E-01     7.975E+04     1.000E+01
1.00E+00     6.395E+04     1.000E+01
1.25E+00     4.524E+04     1.000E+01
1.50E+00     3.201E+04     1.000E+01
1.75E+00     3.034E+04     1.000E+01
2.00E+00     2.876E+04     1.000E+01
2.50E+00     3.175E+04     1.000E+01
3.00E+00     3.632E+04     1.000E+01
3.50E+00     4.108E+04     1.000E+01
4.00E+00     4.552E+04     1.000E+01
5.00E+00     5.280E+04     1.000E+01
6.00E+00     5.772E+04     1.000E+01
7.00E+00     6.015E+04     1.000E+01
8.00E+00     5.993E+04     1.000E+01
9.00E+00     5.689E+04     1.000E+01
1.00E+01     5.116E+04     1.000E+01
