5        n zr79    p  y79                  taly      1.20800E+01      
1.00E-03     1.285E+07     1.000E+01
2.00E-03     1.298E+07     1.000E+01
3.00E-03     1.312E+07     1.000E+01
4.00E-03     1.325E+07     1.000E+01
5.00E-03     1.338E+07     1.000E+01
6.00E-03     1.333E+07     1.000E+01
7.00E-03     1.328E+07     1.000E+01
8.00E-03     1.323E+07     1.000E+01
9.00E-03     1.319E+07     1.000E+01
1.00E-02     1.314E+07     1.000E+01
1.10E-02     1.316E+07     1.000E+01
1.20E-02     1.319E+07     1.000E+01
1.30E-02     1.322E+07     1.000E+01
1.40E-02     1.324E+07     1.000E+01
1.50E-02     1.327E+07     1.000E+01
1.60E-02     1.330E+07     1.000E+01
1.80E-02     1.335E+07     1.000E+01
2.00E-02     1.340E+07     1.000E+01
2.50E-02     1.354E+07     1.000E+01
3.00E-02     1.367E+07     1.000E+01
4.00E-02     1.395E+07     1.000E+01
5.00E-02     1.424E+07     1.000E+01
6.00E-02     1.454E+07     1.000E+01
7.00E-02     1.486E+07     1.000E+01
8.00E-02     1.517E+07     1.000E+01
9.00E-02     1.550E+07     1.000E+01
1.00E-01     1.584E+07     1.000E+01
1.10E-01     1.616E+07     1.000E+01
1.20E-01     1.648E+07     1.000E+01
1.30E-01     1.681E+07     1.000E+01
1.40E-01     1.715E+07     1.000E+01
1.50E-01     1.750E+07     1.000E+01
1.60E-01     1.783E+07     1.000E+01
1.80E-01     1.851E+07     1.000E+01
2.00E-01     1.922E+07     1.000E+01
2.50E-01     2.092E+07     1.000E+01
3.00E-01     2.256E+07     1.000E+01
3.50E-01     2.395E+07     1.000E+01
4.00E-01     2.544E+07     1.000E+01
4.50E-01     2.624E+07     1.000E+01
5.00E-01     2.707E+07     1.000E+01
6.00E-01     2.587E+07     1.000E+01
7.00E-01     2.159E+07     1.000E+01
8.00E-01     1.640E+07     1.000E+01
9.00E-01     1.214E+07     1.000E+01
1.00E+00     9.181E+06     1.000E+01
1.25E+00     6.040E+06     1.000E+01
1.50E+00     3.973E+06     1.000E+01
1.75E+00     3.424E+06     1.000E+01
2.00E+00     2.950E+06     1.000E+01
2.50E+00     2.612E+06     1.000E+01
3.00E+00     2.455E+06     1.000E+01
3.50E+00     2.363E+06     1.000E+01
4.00E+00     2.296E+06     1.000E+01
5.00E+00     2.186E+06     1.000E+01
6.00E+00     2.074E+06     1.000E+01
7.00E+00     1.940E+06     1.000E+01
8.00E+00     1.774E+06     1.000E+01
9.00E+00     1.573E+06     1.000E+01
1.00E+01     1.340E+06     1.000E+01
