5        n zr81  he4 sr78                  taly      1.04240E+01      
1.00E-03     9.125E+05     1.000E+01
2.00E-03     9.238E+05     1.000E+01
3.00E-03     9.352E+05     1.000E+01
4.00E-03     9.468E+05     1.000E+01
5.00E-03     9.586E+05     1.000E+01
6.00E-03     9.570E+05     1.000E+01
7.00E-03     9.554E+05     1.000E+01
8.00E-03     9.539E+05     1.000E+01
9.00E-03     9.523E+05     1.000E+01
1.00E-02     9.507E+05     1.000E+01
1.10E-02     9.545E+05     1.000E+01
1.20E-02     9.582E+05     1.000E+01
1.30E-02     9.620E+05     1.000E+01
1.40E-02     9.658E+05     1.000E+01
1.50E-02     9.696E+05     1.000E+01
1.60E-02     9.735E+05     1.000E+01
1.80E-02     9.812E+05     1.000E+01
2.00E-02     9.889E+05     1.000E+01
2.50E-02     1.009E+06     1.000E+01
3.00E-02     1.029E+06     1.000E+01
4.00E-02     1.070E+06     1.000E+01
5.00E-02     1.113E+06     1.000E+01
6.00E-02     1.154E+06     1.000E+01
7.00E-02     1.196E+06     1.000E+01
8.00E-02     1.240E+06     1.000E+01
9.00E-02     1.286E+06     1.000E+01
1.00E-01     1.333E+06     1.000E+01
1.10E-01     1.376E+06     1.000E+01
1.20E-01     1.421E+06     1.000E+01
1.30E-01     1.466E+06     1.000E+01
1.40E-01     1.514E+06     1.000E+01
1.50E-01     1.562E+06     1.000E+01
1.60E-01     1.607E+06     1.000E+01
1.80E-01     1.701E+06     1.000E+01
2.00E-01     1.800E+06     1.000E+01
2.50E-01     2.039E+06     1.000E+01
3.00E-01     2.273E+06     1.000E+01
3.50E-01     2.485E+06     1.000E+01
4.00E-01     2.716E+06     1.000E+01
4.50E-01     2.913E+06     1.000E+01
5.00E-01     3.124E+06     1.000E+01
6.00E-01     3.497E+06     1.000E+01
7.00E-01     3.836E+06     1.000E+01
8.00E-01     4.143E+06     1.000E+01
9.00E-01     4.420E+06     1.000E+01
1.00E+00     4.669E+06     1.000E+01
1.25E+00     5.107E+06     1.000E+01
1.50E+00     5.586E+06     1.000E+01
1.75E+00     5.859E+06     1.000E+01
2.00E+00     6.145E+06     1.000E+01
2.50E+00     6.502E+06     1.000E+01
3.00E+00     6.746E+06     1.000E+01
3.50E+00     6.927E+06     1.000E+01
4.00E+00     7.076E+06     1.000E+01
5.00E+00     7.328E+06     1.000E+01
6.00E+00     7.426E+06     1.000E+01
7.00E+00     6.710E+06     1.000E+01
8.00E+00     4.708E+06     1.000E+01
9.00E+00     2.890E+06     1.000E+01
1.00E+01     1.937E+06     1.000E+01
