4        p zr81 nb82                       taly      1.09400E+00      
1.00E-03     0.000E+00     1.000E+00
2.00E-03     0.000E+00     1.000E+00
3.00E-03     0.000E+00     1.000E+00
4.00E-03     0.000E+00     1.000E+00
5.00E-03     0.000E+00     1.000E+00
6.00E-03     0.000E+00     1.000E+00
7.00E-03     0.000E+00     1.000E+00
8.00E-03     0.000E+00     1.000E+00
9.00E-03     0.000E+00     1.000E+00
1.00E-02     0.000E+00     1.000E+00
1.10E-02     2.595E-98     1.000E+01
1.20E-02     6.733E-97     1.000E+01
1.30E-02     1.747E-95     1.000E+01
1.40E-02     4.533E-94     1.000E+01
1.50E-02     1.176E-92     1.000E+01
1.60E-02     3.052E-91     1.000E+01
1.80E-02     2.055E-88     1.000E+01
2.00E-02     1.384E-85     1.000E+01
2.50E-02     1.627E-78     1.000E+01
3.00E-02     1.914E-71     1.000E+01
4.00E-02     2.649E-57     1.000E+01
5.00E-02     3.665E-43     1.000E+01
6.00E-02     3.137E-40     1.000E+01
7.00E-02     2.685E-37     1.000E+01
8.00E-02     2.298E-34     1.000E+01
9.00E-02     1.967E-31     1.000E+01
1.00E-01     1.683E-28     1.000E+01
1.10E-01     2.478E-27     1.000E+01
1.20E-01     3.648E-26     1.000E+01
1.30E-01     5.371E-25     1.000E+01
1.40E-01     7.907E-24     1.000E+01
1.50E-01     1.164E-22     1.000E+01
1.60E-01     6.188E-22     1.000E+01
1.80E-01     1.748E-20     1.000E+01
2.00E-01     4.941E-19     1.000E+01
2.50E-01     1.871E-16     1.000E+01
3.00E-01     1.726E-14     1.000E+01
3.50E-01     4.646E-13     1.000E+01
4.00E-01     1.250E-11     1.000E+01
4.50E-01     1.294E-10     1.000E+01
5.00E-01     1.339E-09     1.000E+01
6.00E-01     4.527E-08     1.000E+01
7.00E-01     7.010E-07     1.000E+01
8.00E-01     6.246E-06     1.000E+01
9.00E-01     3.721E-05     1.000E+01
1.00E+00     1.640E-04     1.000E+01
1.25E+00     1.802E-03     1.000E+01
1.50E+00     1.979E-02     1.000E+01
1.75E+00     7.491E-02     1.000E+01
2.00E+00     2.836E-01     1.000E+01
2.50E+00     1.646E+00     1.000E+01
3.00E+00     6.004E+00     1.000E+01
3.50E+00     1.670E+01     1.000E+01
4.00E+00     3.898E+01     1.000E+01
5.00E+00     1.522E+02     1.000E+01
6.00E+00     4.365E+02     1.000E+01
7.00E+00     8.998E+02     1.000E+01
8.00E+00     1.149E+03     1.000E+01
9.00E+00     9.899E+02     1.000E+01
1.00E+01     7.516E+02     1.000E+01
