4        n zr78 zr79                       taly      1.38280E+01      
1.00E-03     1.906E+03     1.000E+01
2.00E-03     1.925E+03     1.000E+01
3.00E-03     1.945E+03     1.000E+01
4.00E-03     1.964E+03     1.000E+01
5.00E-03     1.984E+03     1.000E+01
6.00E-03     1.976E+03     1.000E+01
7.00E-03     1.969E+03     1.000E+01
8.00E-03     1.961E+03     1.000E+01
9.00E-03     1.954E+03     1.000E+01
1.00E-02     1.946E+03     1.000E+01
1.10E-02     1.950E+03     1.000E+01
1.20E-02     1.954E+03     1.000E+01
1.30E-02     1.958E+03     1.000E+01
1.40E-02     1.962E+03     1.000E+01
1.50E-02     1.966E+03     1.000E+01
1.60E-02     1.970E+03     1.000E+01
1.80E-02     1.978E+03     1.000E+01
2.00E-02     1.985E+03     1.000E+01
2.50E-02     2.005E+03     1.000E+01
3.00E-02     2.025E+03     1.000E+01
4.00E-02     2.064E+03     1.000E+01
5.00E-02     2.103E+03     1.000E+01
6.00E-02     2.149E+03     1.000E+01
7.00E-02     2.195E+03     1.000E+01
8.00E-02     2.240E+03     1.000E+01
9.00E-02     2.286E+03     1.000E+01
1.00E-01     2.332E+03     1.000E+01
1.10E-01     2.379E+03     1.000E+01
1.20E-01     2.427E+03     1.000E+01
1.30E-01     2.474E+03     1.000E+01
1.40E-01     2.521E+03     1.000E+01
1.50E-01     2.569E+03     1.000E+01
1.60E-01     2.617E+03     1.000E+01
1.80E-01     2.715E+03     1.000E+01
2.00E-01     2.813E+03     1.000E+01
2.50E-01     3.054E+03     1.000E+01
3.00E-01     3.284E+03     1.000E+01
3.50E-01     3.489E+03     1.000E+01
4.00E-01     3.695E+03     1.000E+01
4.50E-01     3.837E+03     1.000E+01
5.00E-01     3.979E+03     1.000E+01
6.00E-01     3.980E+03     1.000E+01
7.00E-01     3.596E+03     1.000E+01
8.00E-01     2.964E+03     1.000E+01
9.00E-01     2.325E+03     1.000E+01
1.00E+00     1.810E+03     1.000E+01
1.25E+00     1.286E+03     1.000E+01
1.50E+00     7.618E+02     1.000E+01
1.75E+00     6.713E+02     1.000E+01
2.00E+00     5.809E+02     1.000E+01
2.50E+00     5.682E+02     1.000E+01
3.00E+00     5.920E+02     1.000E+01
3.50E+00     6.167E+02     1.000E+01
4.00E+00     6.315E+02     1.000E+01
5.00E+00     6.253E+02     1.000E+01
6.00E+00     5.805E+02     1.000E+01
7.00E+00     5.118E+02     1.000E+01
8.00E+00     4.309E+02     1.000E+01
9.00E+00     3.463E+02     1.000E+01
1.00E+01     2.646E+02     1.000E+01
