5        n zr78    p  y78                  taly      1.20070E+01      
1.00E-03     1.982E+07     1.000E+01
2.00E-03     2.001E+07     1.000E+01
3.00E-03     2.021E+07     1.000E+01
4.00E-03     2.041E+07     1.000E+01
5.00E-03     2.061E+07     1.000E+01
6.00E-03     2.053E+07     1.000E+01
7.00E-03     2.045E+07     1.000E+01
8.00E-03     2.036E+07     1.000E+01
9.00E-03     2.028E+07     1.000E+01
1.00E-02     2.020E+07     1.000E+01
1.10E-02     2.024E+07     1.000E+01
1.20E-02     2.027E+07     1.000E+01
1.30E-02     2.031E+07     1.000E+01
1.40E-02     2.035E+07     1.000E+01
1.50E-02     2.038E+07     1.000E+01
1.60E-02     2.042E+07     1.000E+01
1.80E-02     2.049E+07     1.000E+01
2.00E-02     2.056E+07     1.000E+01
2.50E-02     2.075E+07     1.000E+01
3.00E-02     2.093E+07     1.000E+01
4.00E-02     2.130E+07     1.000E+01
5.00E-02     2.169E+07     1.000E+01
6.00E-02     2.211E+07     1.000E+01
7.00E-02     2.253E+07     1.000E+01
8.00E-02     2.297E+07     1.000E+01
9.00E-02     2.342E+07     1.000E+01
1.00E-01     2.387E+07     1.000E+01
1.10E-01     2.431E+07     1.000E+01
1.20E-01     2.475E+07     1.000E+01
1.30E-01     2.520E+07     1.000E+01
1.40E-01     2.566E+07     1.000E+01
1.50E-01     2.613E+07     1.000E+01
1.60E-01     2.657E+07     1.000E+01
1.80E-01     2.749E+07     1.000E+01
2.00E-01     2.844E+07     1.000E+01
2.50E-01     3.072E+07     1.000E+01
3.00E-01     3.288E+07     1.000E+01
3.50E-01     3.474E+07     1.000E+01
4.00E-01     3.670E+07     1.000E+01
4.50E-01     3.794E+07     1.000E+01
5.00E-01     3.922E+07     1.000E+01
6.00E-01     3.895E+07     1.000E+01
7.00E-01     3.493E+07     1.000E+01
8.00E-01     2.857E+07     1.000E+01
9.00E-01     2.221E+07     1.000E+01
1.00E+00     1.711E+07     1.000E+01
1.25E+00     1.047E+07     1.000E+01
1.50E+00     6.404E+06     1.000E+01
1.75E+00     4.947E+06     1.000E+01
2.00E+00     3.822E+06     1.000E+01
2.50E+00     2.807E+06     1.000E+01
3.00E+00     2.260E+06     1.000E+01
3.50E+00     1.902E+06     1.000E+01
4.00E+00     1.639E+06     1.000E+01
5.00E+00     1.262E+06     1.000E+01
6.00E+00     9.910E+05     1.000E+01
7.00E+00     7.813E+05     1.000E+01
8.00E+00     6.112E+05     1.000E+01
9.00E+00     4.692E+05     1.000E+01
1.00E+01     3.500E+05     1.000E+01
