5        n zr80  he4 sr77                  taly      7.93200E+00      
1.00E-03     1.987E+04     1.000E+01
2.00E-03     2.011E+04     1.000E+01
3.00E-03     2.036E+04     1.000E+01
4.00E-03     2.061E+04     1.000E+01
5.00E-03     2.086E+04     1.000E+01
6.00E-03     2.083E+04     1.000E+01
7.00E-03     2.080E+04     1.000E+01
8.00E-03     2.077E+04     1.000E+01
9.00E-03     2.074E+04     1.000E+01
1.00E-02     2.071E+04     1.000E+01
1.10E-02     2.080E+04     1.000E+01
1.20E-02     2.089E+04     1.000E+01
1.30E-02     2.098E+04     1.000E+01
1.40E-02     2.107E+04     1.000E+01
1.50E-02     2.116E+04     1.000E+01
1.60E-02     2.125E+04     1.000E+01
1.80E-02     2.143E+04     1.000E+01
2.00E-02     2.161E+04     1.000E+01
2.50E-02     2.208E+04     1.000E+01
3.00E-02     2.256E+04     1.000E+01
4.00E-02     2.354E+04     1.000E+01
5.00E-02     2.457E+04     1.000E+01
6.00E-02     2.555E+04     1.000E+01
7.00E-02     2.657E+04     1.000E+01
8.00E-02     2.763E+04     1.000E+01
9.00E-02     2.873E+04     1.000E+01
1.00E-01     2.988E+04     1.000E+01
1.10E-01     3.092E+04     1.000E+01
1.20E-01     3.200E+04     1.000E+01
1.30E-01     3.311E+04     1.000E+01
1.40E-01     3.427E+04     1.000E+01
1.50E-01     3.546E+04     1.000E+01
1.60E-01     3.657E+04     1.000E+01
1.80E-01     3.888E+04     1.000E+01
2.00E-01     4.133E+04     1.000E+01
2.50E-01     4.731E+04     1.000E+01
3.00E-01     5.324E+04     1.000E+01
3.50E-01     5.880E+04     1.000E+01
4.00E-01     6.493E+04     1.000E+01
4.50E-01     7.057E+04     1.000E+01
5.00E-01     7.669E+04     1.000E+01
6.00E-01     8.899E+04     1.000E+01
7.00E-01     1.021E+05     1.000E+01
8.00E-01     1.162E+05     1.000E+01
9.00E-01     1.312E+05     1.000E+01
1.00E+00     1.468E+05     1.000E+01
1.25E+00     1.839E+05     1.000E+01
1.50E+00     2.303E+05     1.000E+01
1.75E+00     2.700E+05     1.000E+01
2.00E+00     3.166E+05     1.000E+01
2.50E+00     4.067E+05     1.000E+01
3.00E+00     5.039E+05     1.000E+01
3.50E+00     6.111E+05     1.000E+01
4.00E+00     7.284E+05     1.000E+01
5.00E+00     9.486E+05     1.000E+01
6.00E+00     1.042E+06     1.000E+01
7.00E+00     1.088E+06     1.000E+01
8.00E+00     1.171E+06     1.000E+01
9.00E+00     1.267E+06     1.000E+01
1.00E+01     1.337E+06     1.000E+01
