5        n zr79  he4 sr76                  taly      1.28350E+01      
1.00E-03     4.017E+05     1.000E+01
2.00E-03     4.056E+05     1.000E+01
3.00E-03     4.096E+05     1.000E+01
4.00E-03     4.136E+05     1.000E+01
5.00E-03     4.176E+05     1.000E+01
6.00E-03     4.159E+05     1.000E+01
7.00E-03     4.141E+05     1.000E+01
8.00E-03     4.124E+05     1.000E+01
9.00E-03     4.107E+05     1.000E+01
1.00E-02     4.090E+05     1.000E+01
1.10E-02     4.097E+05     1.000E+01
1.20E-02     4.104E+05     1.000E+01
1.30E-02     4.110E+05     1.000E+01
1.40E-02     4.117E+05     1.000E+01
1.50E-02     4.124E+05     1.000E+01
1.60E-02     4.130E+05     1.000E+01
1.80E-02     4.144E+05     1.000E+01
2.00E-02     4.157E+05     1.000E+01
2.50E-02     4.191E+05     1.000E+01
3.00E-02     4.225E+05     1.000E+01
4.00E-02     4.294E+05     1.000E+01
5.00E-02     4.364E+05     1.000E+01
6.00E-02     4.444E+05     1.000E+01
7.00E-02     4.525E+05     1.000E+01
8.00E-02     4.607E+05     1.000E+01
9.00E-02     4.691E+05     1.000E+01
1.00E-01     4.777E+05     1.000E+01
1.10E-01     4.860E+05     1.000E+01
1.20E-01     4.944E+05     1.000E+01
1.30E-01     5.030E+05     1.000E+01
1.40E-01     5.118E+05     1.000E+01
1.50E-01     5.206E+05     1.000E+01
1.60E-01     5.292E+05     1.000E+01
1.80E-01     5.468E+05     1.000E+01
2.00E-01     5.650E+05     1.000E+01
2.50E-01     6.089E+05     1.000E+01
3.00E-01     6.506E+05     1.000E+01
3.50E-01     6.858E+05     1.000E+01
4.00E-01     7.228E+05     1.000E+01
4.50E-01     7.406E+05     1.000E+01
5.00E-01     7.587E+05     1.000E+01
6.00E-01     7.137E+05     1.000E+01
7.00E-01     5.835E+05     1.000E+01
8.00E-01     4.312E+05     1.000E+01
9.00E-01     3.084E+05     1.000E+01
1.00E+00     2.239E+05     1.000E+01
1.25E+00     1.338E+05     1.000E+01
1.50E+00     7.994E+04     1.000E+01
1.75E+00     6.780E+04     1.000E+01
2.00E+00     5.750E+04     1.000E+01
2.50E+00     5.506E+04     1.000E+01
3.00E+00     5.737E+04     1.000E+01
3.50E+00     6.068E+04     1.000E+01
4.00E+00     6.379E+04     1.000E+01
5.00E+00     6.806E+04     1.000E+01
6.00E+00     6.923E+04     1.000E+01
7.00E+00     6.741E+04     1.000E+01
8.00E+00     6.288E+04     1.000E+01
9.00E+00     5.603E+04     1.000E+01
1.00E+01     4.746E+04     1.000E+01
