<<<<<<< HEAD
-1
1201
1203
1205
1207
1209
1211
1213
1215
1217
1219
1221
1223
1225
1227
1229
1231
1233
1235
1237
1239
=======
1201
1203
1205
1229
1237
>>>>>>> 9fcdda20a749aeb618b8ad234238fedb73b516ab
1241
1243
1245
1247
<<<<<<< HEAD
1249
=======
>>>>>>> 9fcdda20a749aeb618b8ad234238fedb73b516ab
1251
1253
1255
1257
<<<<<<< HEAD
1259
1261
1263
1265
1267
1269
=======
1267
>>>>>>> 9fcdda20a749aeb618b8ad234238fedb73b516ab
1271
1273
1275
1277
<<<<<<< HEAD
1279
1281
1283
1285
1287
1289
1291
1293
1295
1297
1299
1301
1303
1305
1307
1309
1311
1313
1315
1317
1319
1321
1323
1325
=======
1281
1291
1299
1309
1317
1319
>>>>>>> 9fcdda20a749aeb618b8ad234238fedb73b516ab
1327
1329
1331
1333
<<<<<<< HEAD
1335
1337
1339
1341
1343
1345
1347
1349
1351
1353
1355
1357
1359
1361
1363
1365
1367
1369
1371
1373
1375
1377
1379
1381
1383
1385
1387
1389
1391
1393
1395
1397
1399
=======
1341
1349
1357
1361
1365
1371
1373
1377
1383
1385
1393
1399
runs.txt
>>>>>>> 9fcdda20a749aeb618b8ad234238fedb73b516ab
